nconst	primaryName	birthYear	deathYear	primaryProfession	knownForTitles
nm1000000	Col Needham	1967	\N	actor,executive	tt3077214,tt0293927
nm1000001	Rajiv Tolani	\N	\N	producer	tt0331216,tt0286936
nm1000002	Mel Van Allen	\N	\N	producer,production_designer,production_manager	tt3118066,tt0284274,tt0286462,tt0800272
nm1000003	Ruth Weiland	\N	\N	producer	tt0806910
nm1000005	Sandra Linde	\N	\N	production_designer	tt0183076,tt0323247
nm1000006	Boy Muller	\N	\N	art_department	tt0233090,tt0179014,tt1392664,tt0286406
nm1000007	Amira Lopez	\N	\N	writer,director,art_director	tt2236126,tt6679512,tt0425558,tt1704503
nm1000008	Michael Alles	\N	\N	sound_department	tt1782491,tt1578143,tt0806910,tt15724114
nm1000009	Mario Alves	\N	\N	sound_department	tt0286549
nm1000010	Juana Aramburu	\N	\N	sound_department	tt0286552
nm1000011	Serge Arseneault	\N	\N	sound_department	tt1320343,tt0289758,tt1422020,tt0250750
nm1000012	Mark Avis	\N	\N	sound_department	tt8098384,tt0285751,tt9084048,tt0127998
nm1000013	Bobby Bachinger	\N	\N	composer,sound_department	tt1635412,tt0278312
nm1000016	Jennifer Brass	\N	\N	sound_department,actress	tt0295925,tt0293664,tt0116713,tt0283644
nm1000017	David Cannella	\N	\N	sound_department,editorial_department	tt0202314,tt0271451,tt0305831,tt0219640
nm1000018	Roberto Caroselli	\N	\N	sound_department	tt0920489,tt0116229,tt0140681,tt1440231
nm1000019	Rafael Chávez	\N	\N	sound_department	tt0286552
nm1000020	Christopher Clam	\N	\N	sound_department,miscellaneous,director	tt0183197,tt0325159,tt0171319,tt0183979
nm1000021	Nonô Coelho	\N	\N	sound_department	tt0100934,tt0194640,tt0469751,tt0184325
nm1000022	Brion Condon	\N	\N	sound_department	tt0328538,tt0303816,tt2402207,tt0444691
nm1000023	Claude Conkrite	\N	\N	sound_department,actor	tt0228508,tt0299966,tt0286558,tt0372803
nm1000026	François Delcorps	\N	\N	sound_department	tt0220638,tt0220643,tt0219921,tt0220344
nm1000027	Giancarlo Dellapina	\N	\N	sound_department,miscellaneous	tt0365748,tt5254610,tt0460740,tt5523010
nm1000028	Dave Fleminger	\N	\N	sound_department	tt0286549
nm1000029	Lisa K. Fowle	\N	\N	sound_department,music_department,producer	tt1233205,tt9561968,tt0499448,tt0120363
nm1000030	Tommy Froschmaier	\N	\N	sound_department	tt0196320,tt0286500
nm1000031	Harry Fuchs	\N	\N	sound_department	tt0087196,tt0388173,tt0180385,tt0067298
nm1000033	Georges Girard	\N	\N	sound_department	tt0126847,tt0059616,tt0155629
nm1000034	Blayne Gorum	\N	\N	sound_department,writer,producer	tt1829735,tt0309631,tt0462362,tt21097942
nm1000035	Ramón Guedes	\N	\N	sound_department	tt0093262,tt0088469,tt0094127
nm1000037	Allan Haynes	\N	\N	sound_department	tt1746418,tt0108448,tt0229134,tt0075560
nm1000038	Linping Hu	\N	\N	sound_department	tt10005330,tt3757072,tt0286621
nm1000039	Masakazu Kamiya	\N	\N	sound_department	tt0262445,tt0182685,tt0043155,tt0358774
nm1000040	Bong-seong Kang	\N	\N	sound_department,assistant_director	tt0281718,tt5700672,tt6927152,tt8850222
nm1000041	Jacob Kelso	\N	\N	sound_department	tt0340326,tt0370349,tt0348085,tt0285827
nm1000042	Lothar Kermann	\N	\N	sound_department	tt0806901,tt0109291,tt0109037,tt0114010
nm1000043	Doug Koeppe	\N	\N	sound_department	tt0243832,tt0244030
nm1000044	Steve Lederer	\N	\N	sound_department	tt0133302,tt1607144,tt0206501,tt0375461
nm1000045	Aubrey Lewis	1925	1983	sound_department	tt0065595,tt3559452,tt0075113,tt0080802
nm1000046	Rebbeca Loutit	\N	\N	sound_department	tt0312192,tt0217795,tt0428176
nm1000047	Jim Mack	\N	\N		\N
nm1000048	Troy Madden	\N	\N		\N
nm1000049	Pater Marquardt	\N	\N	sound_department	tt0286585
nm1000051	Gary McIntyre	1964	\N	sound_department,art_department,editorial_department	tt3157644,tt0094607,tt0095929,tt0826799
nm1000053	Adrian McQueen-Mason	\N	\N	editorial_department,editor,sound_department	tt0138829,tt0388397,tt0177195,tt0352213
nm1000054	Christopher Meister	\N	\N	actor,miscellaneous,producer	tt1578275,tt1548298,tt0289992,tt2953250
nm1000056	Jun Mizumachi	\N	\N	sound_department,composer	tt0093822,tt0086979,tt0374594,tt0101206
nm1000057	Hart Murmurs	\N	\N	casting_department	tt0206588
nm1000058	Hassan Basri B. Mustafa	\N	\N	sound_department	tt0270841
nm1000059	Cleber Neutzling	\N	\N	sound_department	tt0311019,tt12758204,tt12267630,tt0297087
nm1000060	Stan Neuvo	\N	\N	sound_department,composer	tt0286585,tt0457469,tt0381974
nm1000061	Will Nevins	\N	\N	soundtrack,sound_department,music_department	tt1568798,tt1300851,tt1663222,tt0286585
nm1000062	Sebastian Niessen	\N	\N	music_department	tt0093822
nm1000063	Tyler Parsons	\N	\N	sound_department,script_department	tt1085850,tt3612274,tt0901687,tt9730966
nm1000064	Markus Pauli	\N	\N	sound_department	tt0139500,tt0295001
nm1000065	Tanya Peel	\N	\N	sound_department,producer	tt1124373,tt10155688,tt13991232,tt1489428
nm1000066	Roy Perkins	\N	\N	sound_department	tt0108448
nm1000067	Matthias Pfister	\N	\N	sound_department,composer,camera_department	tt5454748,tt13705678,tt10486788,tt0286773
nm1000068	Paul Radek	\N	\N	sound_department,miscellaneous,composer	tt0286598,tt0290572,tt0422417,tt0489059
nm1000069	Dino Raini	\N	\N	sound_department	tt4643844,tt0090881,tt0283249,tt0402894
nm1000070	Balu Raja	\N	\N	sound_department	tt3954278,tt0270841
nm1000071	Hadrian Rajotte	\N	\N	miscellaneous,sound_department,producer	tt1954347,tt5208216,tt3721964,tt1740299
nm1000072	Elisabeth Reeh	\N	\N	sound_department	tt0414842,tt0308567,tt0308810,tt0337250
nm1000073	Brian Ruryk	\N	\N	sound_department,composer,music_department	tt0203536,tt0267694,tt0422960,tt0283632
nm1000074	Kai Saffran	1969	\N	sound_department,composer	tt0278312,tt0283279,tt17071350,tt5700562
nm1000075	Steve Salani	\N	\N	music_department,sound_department,composer	tt0404390,tt0402901,tt1491044,tt0454919
nm1000076	Ulrich Sandmann	\N	\N	sound_department	tt0285343
nm1000077	Amishjim Schulze	\N	\N	camera_department,art_department,sound_department	tt7638348,tt1464540,tt0790724,tt1458175
nm1000078	Emanuel Maximilian Schwermer	\N	\N	camera_department,cinematographer	tt7125774,tt2371158,tt0382491,tt1187047
nm1000079	David Shea	\N	\N	sound_department	tt0267694,tt0317676,tt0283632,tt0242998
nm1000080	Andre Marc Shirer	\N	\N	sound_department	tt0285963
nm1000081	Aleksander Swidwinski	\N	1952	sound_department	tt0286318,tt0024636
nm1000082	Fred Szymanski	\N	\N	sound_department	tt0086979,tt1034088,tt0093822,tt0101206
nm1000083	Doug Templeton	\N	\N	sound_department,miscellaneous	tt7938588,tt2316479,tt4530422,tt4800878
nm1000084	Hartmut Teschemacher	1973	\N	sound_department	tt0499262,tt0187880,tt0416044,tt0258760
nm1000085	Ad Tice	1894	1981	sound_department	tt0047130
nm1000086	Behrouz Vaheb	\N	\N	sound_department	tt0093684,tt0108707,tt0106061,tt0107052
nm1000087	A. Van Overschelde	\N	\N	sound_department	tt0286511
nm1000088	Michael Walz	\N	\N	music_department,sound_department	tt0259567,tt0391397,tt2402985,tt4392770
nm1000089	Joe Zajonc	\N	\N	sound_department,actor	tt0284873,tt0417124,tt0954921,tt1293646
nm1000090	Francisco Zambrano	\N	\N	sound_department	tt0286665,tt0290543
nm1000091	Marc Zeunert	\N	\N	sound_department	tt0090472,tt0115243,tt1008628,tt0092887
nm1000092	Miguel Angelo de Almeida	\N	\N	sound_department	tt0277092
nm1000095	Russell Nelson	\N	\N	special_effects,visual_effects	tt0300416,tt0284873
nm1000096	Luis Pérez	\N	\N	special_effects	tt0088469,tt0090912
nm1000097	Brian Temple	\N	\N	special_effects	tt0184858
nm1000098	Peter Gardere	\N	\N	stunts	tt0139699
nm1000099	Chantal Gelaude	\N	\N	stunts	tt0112366,tt0118612,tt0120156,tt0100303
nm1000100	Christopher Lucas Leaman	\N	\N	stunts	tt0139699
nm1000101	Clint Small	\N	\N	stunts	tt0139699
nm1000103	Don Archer	1925	1969	writer	tt0055698,tt0051311
nm1000104	Tom Armstrong	1950	\N	writer	tt0286810
nm1000105	George Asness	\N	\N	writer	tt0047767,tt0048887,tt0051311,tt0041024
nm1000106	Brigitte Aubert	1956	\N	actress,writer	tt0284573,tt0100838
nm1000107	William Barada	\N	\N	writer	tt0051311
nm1000108	Stephen Beck	\N	\N	writer,producer	tt1874673,tt2326714,tt4693860,tt6060234
nm1000109	Stuart Bousel	\N	\N	writer	tt0286719
nm1000111	Alfred Callen	\N	\N	writer	tt0051311
nm1000112	Alan Case	\N	\N	art_department,location_management,animation_department	tt0432283,tt0138613,tt0278789,tt0302067
nm1000113	Etan Cohen	1974	\N	writer,producer,director	tt0479952,tt0387808,tt1409024,tt1255919
nm1000115	Richard Cottan	\N	\N	writer,actor,producer	tt1202176,tt2316238,tt1785318,tt1178618
nm1000116	Colin Dann	1943	\N	writer	tt9901232,tt0774087,tt0286336
nm1000117	Alex Davidson	\N	\N	writer	tt0112022
nm1000118	Sylvia Drake	\N	\N	writer	tt0057748,tt0051311
nm1000119	Josy Eisenberg	1933	2017	writer	tt7818114,tt2424484,tt0069747,tt2181223
nm1000120	Jennifer Eolin	\N	\N	miscellaneous,actress,script_department	tt2973904,tt0168340,tt4926158,tt2959628
nm1000121	Brad Fillmore	\N	\N	writer	tt0051311
nm1000123	Christian Gottschalk	\N	\N	writer	tt0286383
nm1000124	Scott Hamner	1956	\N	writer,miscellaneous,actor	tt0069658,tt0048845,tt0081856,tt0078638
nm1000125	Cynthia R. Harris	\N	\N	producer,miscellaneous,writer	tt3696762,tt0115275,tt6328116,tt0112015
nm1000126	Ted Hartman	1923	2005	writer	tt0055698,tt0047776,tt0051311,tt0052472
nm1000128	Erica Joan	\N	\N	director,writer	tt0286632
nm1000129	Ranko Jovovic	\N	\N	writer	tt0286527
nm1000130	Timothy Keen	\N	\N	writer	tt1607733
nm1000131	Karin Kelly	\N	\N	director,writer,producer	tt0112015,tt0459222,tt22756142,tt5486314
nm1000132	Eleanor Labine	\N	\N	writer	tt0044265,tt0072559
nm1000133	Frank Leiman	\N	\N	writer	tt0286842
nm1000134	Benny Li	\N	\N	writer	tt0286553
nm1000135	Claudia Meeden	\N	\N	writer	tt0112036,tt0158444,tt0103487,tt0121941
nm1000136	Antonio Mercado	\N	\N	writer	tt0140744
nm1000137	Wolfgang Minder	\N	\N	director,writer	tt0883777,tt0804196,tt0286383,tt1073149
nm1000138	Deab Moore	\N	\N	writer	tt0112183
nm1000139	Hiroyuki Morioka	\N	\N	writer	tt8151854,tt0286390,tt15411030,tt0387776
nm1000140	Joe Neilson	\N	\N	writer	tt0051311
nm1000141	Sheryl North	\N	\N	writer	tt0108854,tt0112015
nm1000142	Vivian Perl	\N	\N	writer,director	tt0286320,tt0228778,tt0294543,tt5093146
nm1000143	Thomas Pfaff	\N	\N	producer,writer	tt0286383
nm1000144	Volker Riedel	\N	\N	writer	tt0286383
nm1000145	Andre Sala	\N	\N	writer,cinematographer,camera_department	tt0284336,tt0438332,tt0312309,tt0398171
nm1000146	Edgar Sarton	1922	2017	writer,miscellaneous	tt0238654,tt5531570,tt0227796,tt0227322
nm1000147	Charlotte Schwalb	\N	\N	writer	tt0286383
nm1000149	Dan Stuart	\N	\N	actor,director	tt0857414,tt1018724
nm1000150	J.C. Thomas	\N	\N	writer	tt0208942
nm1000151	Anatoli Tkachenko	\N	\N	writer	tt0287101
nm1000153	Georgina Waldt	\N	\N	writer	tt0125640
nm1000154	Ivy Wallace	\N	\N	writer	tt0286335
nm1000155	Jon Wesslen	\N	\N	writer,actor,producer	tt0292774,tt1432034,tt0286358,tt0281432
nm1000156	Aya Yoshinaga	\N	\N	writer	tt0367439,tt0402716,tt0131179,tt0343274
nm1000157	Ivan Ângelo	\N	\N	writer	tt0244920
nm1000159	George Butler	1943	2021	producer,director,writer	tt0076578,tt0264578,tt0436595,tt0099838
nm1000160	Joe Collins	\N	\N	camera_department	tt0079588,tt0081534,tt0089563,tt0079168
nm1000161	Fernando García	\N	\N	transportation_department	tt0116854
nm1000162	Karen Hall	\N	\N	costume_designer	tt0271202
nm1000164	Alison Cox	\N	\N	actress,miscellaneous	tt1587000,tt0409847,tt1805173,tt0450506
nm1000166	Pilar Sánchez	\N	\N	editorial_department	tt0112610
nm1000167	Mark D. West	\N	\N	assistant_director,camera_department,production_manager	tt0093525,tt0096149,tt0106946,tt0093821
nm1000173	Santiago Millán	\N	\N	camera_department,transportation_department	tt6468322,tt0201721,tt1189073,tt8291806
nm1000177	Michael Cronin	1977	\N	actor	tt0491712,tt0361256,tt0262985,tt0412162
nm1000179	Simon Egan	\N	\N	actor	tt0268789,tt0118480,tt0280453
nm1000181	Matthew Ferguson	\N	\N	actor	tt0057750
nm1000184	Tom Hudson	\N	\N	actor	tt0243832
nm1000187	Michael Moran	\N	\N	actor	tt0197182,tt0236907,tt0318005
nm1000190	Simon Rankin	\N	\N	actor	tt0078388,tt13070122
nm1000193	Joe Simon	\N	\N	make_up_department	tt4953228,tt0361223,tt0106264,tt1484823
nm1000194	George Spicer	\N	\N	actor	tt0053546,tt0053525,tt0054548,tt0078863
nm1000195	Scott Taylor	\N	\N	actor	tt0160265
nm1000196	Sean Thomas	\N	\N	actor	tt0108763,tt0256856
nm1000198	Beth Boyd	1927	2017	actress	tt0184122,tt5094446,tt0268475,tt0096555
nm1000199	Sheila Dunn	1940	2004	actress	tt0056751,tt0129723,tt0075593,tt0173591
nm1000200	Jodi Ross	\N	\N	actress	tt0130297,tt0266747
nm1000201	Pamela Withers	\N	\N	actress	tt0047728,tt0058853
nm1000203	Christian Bauer	\N	\N	director,writer,editor	tt0940763,tt1442513
nm1000204	Richard Cook	\N	\N	art_director,art_department,production_designer	tt0118480,tt0270846,tt0374455,tt0103442
nm1000205	Peter Davidson	\N	\N	art_department,art_director	tt0406375,tt0266697,tt0258470,tt0378194
nm1000206	Ron Evon	\N	\N	art_department	tt0130297
nm1000207	John Langdon	1946	\N	art_department	tt0239728,tt1332027,tt0279695,tt0234652
nm1000210	Paddy Murphy	\N	\N	art_department	tt0112904
nm1000211	Danny Rowe	\N	\N	art_department,actor,miscellaneous	tt4154796,tt3480822,tt4154664,tt3554046
nm1000212	Chris Schmidt	\N	\N	art_department,miscellaneous	tt1229946
nm1000215	Daryl Patterson	\N	\N		tt2359485
nm1000216	Dan Waller	\N	\N	actor,casting_director	tt3228904,tt6183104,tt4655480
nm1000217	James Bowers	\N	\N	cinematographer,producer	tt0287789
nm1000219	Floyd Smith	\N	\N	camera_department	tt0286713
nm1000220	Paul Merton	\N	\N	writer	tt1608488
nm1000222	Paolo Benvenuti	\N	\N	special_effects,camera_department	tt0214265,tt0151734
nm1000223	Mary Brown	\N	\N	editorial_department,sound_department	tt0069226,tt0073903
nm1000225	Elaine Curtis	\N	\N	actress,miscellaneous,stunts	tt0259288,tt0247082,tt0258153,tt0338466
nm1000226	John Dunstan	\N	\N	location_management,director,writer	tt0209486,tt0493109,tt1467088,tt0176741
nm1000227	Scott Fitzgerald	\N	\N		\N
nm1000229	Terri Garber	\N	\N	miscellaneous	tt0245775
nm1000230	Robert Gardiner	\N	\N	assistant_director,miscellaneous	tt0120903,tt0804516,tt11192306,tt6156584
nm1000231	Amy Graham	\N	\N	casting_department	tt0210112,tt0188509,tt0190052
nm1000232	Adrianne Herman	\N	\N	editorial_department	tt0097230
nm1000233	Jeffrey Jacobs	\N	\N	producer,assistant_director,director	tt0069226,tt0450369,tt1010050,tt0810018
nm1000236	Susan Marshall	\N	\N	miscellaneous	tt0097937,tt0091829
nm1000238	Keith Potter	\N	\N	assistant_director,miscellaneous,director	tt2704998,tt0418763,tt0486946,tt2364582
nm1000240	Ed Stoppard	\N	\N	miscellaneous	tt0131566
nm1000241	Tom Barnett	\N	\N	actor	tt0338466
nm1000244	Daniel Sherman	\N	\N	producer	tt0286947
nm1000246	Karen Brenner	\N	\N	production_designer,art_director	tt0370349,tt0833606,tt0287587
nm1000248	Ingrid Grunewald	\N	\N	art_department,set_decorator	tt0072277
nm1000250	Cathy Simpson	\N	\N	art_department	tt0269347
nm1000251	Kevin Booth	\N	\N	sound_department	tt0381361
nm1000252	Randy Foster	\N	\N	sound_department,miscellaneous	tt1972663,tt1843894,tt0287544,tt1946065
nm1000253	Mark Rauch	\N	\N	sound_department	tt0286713
nm1000256	Ian Frost	\N	\N	visual_effects	tt2109248,tt0120804,tt9032400,tt1663662
nm1000261	Robert Lentz	\N	\N	writer	tt0280697
nm1000262	Billy Martin	\N	\N	producer,writer	tt0350448,tt0361213,tt2089826,tt0108897
nm1000263	Matt Martin	\N	\N	miscellaneous,writer,script_department	tt0156196,tt0217910,tt0278245,tt0115265
nm1000265	Sarah McLaughlin	\N	\N	writer,miscellaneous,actress	tt1280822,tt1852951,tt0321018,tt0165598
nm1000266	Frank Rivera	\N	\N	writer,actor,production_designer	tt1240964,tt0291902,tt0291972,tt0278964
nm1000269	John Rubin	\N	\N	miscellaneous	tt0221546
nm1000270	Scott Sandoe	\N	\N	actor,writer,producer	tt1471160,tt0329297,tt1471287
nm1000273	Deborah Abbott	\N	\N	actress,director,editor	tt1210528,tt1220878,tt1222677,tt3856920
nm1000274	Ahmed Abdel Wareth	1947	2018	actor	tt0083113,tt9099670,tt0044429,tt2192477
nm1000275	Noriaki Abe	\N	\N	actor	tt0287647,tt0175210,tt0287552
nm1000276	Gail Ablow	\N	\N	producer,writer,director	tt0287256,tt0335625,tt10844020,tt11061958
nm1000277	Haitham Abo Smra	1979	\N	actor,writer	tt0287323
nm1000278	Brunno Abrahão	1993	\N	actor	tt0840797,tt0420362,tt0391726,tt0385387
nm1000279	Sharyn Abramhoff	\N	\N	writer	tt0078704
nm1000281	Sonia Acevedo	\N	\N	actress	tt6265828,tt1395153,tt1064899,tt1757762
nm1000283	Coy Acoks	\N	\N	actor	tt0078370
nm1000284	Roberto Acosta Cazares	\N	\N	actor	tt1116961,tt0402703,tt0287432
nm1000285	Jennifer 'JJ' Adams	1963	\N		tt0317016,tt0283799,tt0259780,tt0103363
nm1000286	Karine Adolphe	\N	\N	make_up_department	tt0213127
nm1000287	Georgis Agathonikiadis	1947	\N	director,writer	tt1600018,tt0286900,tt1111863,tt7797760
nm1000289	Idris Ahmed	\N	\N	location_management,miscellaneous,producer	tt1650028,tt14123284,tt4800878,tt8001106
nm1000290	Giorgi Akhvlediani	\N	\N	actor	tt12996356,tt0107189
nm1000291	Jaqueline Aksungur	\N	\N	actress	tt0269590
nm1000292	Maria Carolina Alba	\N	\N	actress	tt0203110
nm1000293	João Albano	\N	\N	director	tt0287255
nm1000294	Gianne Albertoni	1981	\N	actress,producer	tt1781866,tt0813546,tt4857496,tt2977160
nm1000295	Cristina Albonico	\N	\N	costume_department	tt0814018,tt0287452,tt0099061
nm1000296	Peyton Alexander	\N	\N	actress	tt0302489,tt0160658,tt0311894,tt0160351
nm1000297	Péter Gábor Ali	\N	\N	actor	tt0123381
nm1000298	Ylljet Alicka	\N	\N	writer,director	tt0287708,tt7096554,tt15774194,tt8292698
nm1000299	Azhar Alif	\N	\N	camera_department,actor	tt1734418,tt0131566,tt1356802,tt5885886
nm1000300	Kerem Alisik	1960	\N	actor,producer	tt0484785,tt1807872,tt6697582,tt7978230
nm1000301	Patricia Alkaitis	\N	\N	actress	tt0157197,tt0134751
nm1000302	Gabrielle Allan	\N	\N	producer,writer,miscellaneous	tt0770703,tt0285403,tt1759761,tt4304864
nm1000304	Luke Allder	1985	\N	actor,miscellaneous	tt0167599,tt0248953,tt0306273,tt0196283
nm1000305	Jeffrey Allgeier	\N	\N	composer	tt0287707
nm1000306	Wendi Lynn Avignone	1970	\N	make_up_department,miscellaneous	tt0813715,tt0460084,tt0219653,tt2364582
nm1000307	Celine Allix	\N	\N	costume_department,costume_designer	tt1272041,tt0228205,tt0223832,tt0165196
nm1000308	Diana Almazan	\N	\N	actress	tt0283394
nm1000309	Ana Paula Almeida	1977	\N	actress	tt0286320,tt0321025,tt0294228,tt0228778
nm1000310	César Alonso Cortés	\N	\N	actor	tt0082877
nm1000311	Erik Altemus	1987	\N	actor	tt10361016,tt0413573,tt0287587,tt2811844
nm1000312	Thalita Alves	\N	\N	actress	tt0294543,tt0286320
nm1000313	Amparo Amador	\N	\N	actress	tt0052783
nm1000314	Ayla Amiral	\N	\N	actress	tt0146316
nm1000315	Anandavardhan	\N	\N	actor	tt0214178,tt0249783
nm1000316	Nino Ananiashvili	\N	\N	actress	tt0171080
nm1000317	Monica Andrae	\N	\N	production_manager,producer,director	tt0342004,tt11804460,tt4854892,tt8814308
nm1000319	Gaston and Andree	\N	\N		tt0024659
nm1000320	Darcy Andreone	\N	\N	actress	tt0287619
nm1000321	Bennett Andrews	\N	\N	art_department,actor	tt0466342,tt0329774,tt1013752,tt0477051
nm1000322	Dave Andreychuk	1963	\N		tt0287627,tt0188335,tt0439052,tt0397812
nm1000323	Ioana Angelescu	\N	\N	make_up_department,special_effects	tt0288243,tt1032846,tt1536537,tt1792101
nm1000324	Angelov	\N	\N	actor	tt0249383
nm1000325	Molly Annis	\N	\N	stunts,miscellaneous	tt0287691
nm1000329	Branimira Antonova	\N	\N	actress	tt0175507,tt0174038,tt0318110,tt0171664
nm1000330	Mary Aoi	\N	\N	director,actress	tt0287751,tt3526546,tt0287750,tt0287678
nm1000331	Rima Aono	\N	\N	actress	tt0287607,tt9288388,tt9816550,tt9869010
nm1000332	Katerina Apostolou	\N	\N	actress,writer	tt0297487,tt1469309,tt0926358,tt8331636
nm1000333	Barbro Appelgren	\N	\N	actress	tt0090808
nm1000334	Daan Appels	\N	\N	actor,sound_department	tt0151902,tt0377795
nm1000336	Fabrice Aragno	\N	\N	producer,director,cinematographer	tt2400275,tt15545670,tt0431844,tt0287538
nm1000337	Edy Aragón	\N	\N	actor	tt0287290
nm1000338	Fariborz Arabnia	1963	\N	actor,director,writer	tt0344352,tt0923719,tt1815138,tt3526538
nm1000339	Dora Jesús Arana	\N	\N	editorial_department	tt0291327,tt0251975
nm1000340	Mariana Aranda Ballesteros	\N	\N	actress	tt0287432
nm1000342	Muhip Arciman	1918	1998	actor	tt0336446,tt2548164,tt0074896,tt0319526
nm1000343	Gisèle Arelly	\N	\N	actress	tt0204481
nm1000345	Masahiko Arima	\N	\N	actor	tt0287553,tt0058851,tt0159173,tt1534501
nm1000346	Alice Arisugawa	\N	\N	writer,actress	tt0287375,tt5157074
nm1000348	Pierre Artigue	1872	1934	writer	tt0284291
nm1000352	Nan Asuncion	\N	\N	actress	tt0165196,tt0096542,tt0108889
nm1000353	Émile Audiffred	1894	1948	soundtrack,writer	tt0026023,tt0178738,tt0193314,tt0112682
nm1000354	Jean-Marc Auriol	\N	\N	art_department	tt2241691,tt0258463,tt4333474,tt0211915
nm1000355	Rolf Aurness	1952	\N		tt0196823,tt1146340,tt7997144,tt0055691
nm1000356	Oksana Buraja	\N	\N	director,writer,cinematographer	tt4830766,tt0287546,tt3614532,tt2721368
nm1000357	Tunca Aydogan	\N	\N	actor	tt5616644,tt5175270,tt2509222,tt0287285
nm1000358	Narayana B.S.	\N	\N	director	tt0331090,tt2006047,tt0287593,tt0288258
nm1000359	Marjo Baayen	\N	\N	actress	tt0208942
nm1000360	Iva Babic	\N	\N	actress	tt5096926,tt2377688,tt0281202,tt0413556
nm1000361	Cindy Babski	\N	\N	writer,producer,production_manager	tt0123338,tt2709350,tt10259954,tt0287544
nm1000362	Horse Babu	\N	\N	stunts,actor	tt0214853,tt0118931,tt1417299,tt0112738
nm1000363	Souheil Bachar	\N	\N	director	tt0287488
nm1000364	Thomas D. Bacho Jr.	\N	\N	special_effects,make_up_department,art_department	tt0117731,tt0409459,tt0290334,tt0120458
nm1000365	Giel Backbier	\N	\N	actor	tt0051112
nm1000367	Lali Badridze	\N	\N	art_director	tt0287412
nm1000368	Badri	\N	\N	actor	tt0326126
nm1000369	Juan Alberto Badía	1947	2012	actor	tt0203743,tt0229171,tt5236596,tt0316613
nm1000370	Kleanthis Bakalis	\N	\N	actor	tt0204205,tt2939172,tt0179653
nm1000371	Floris Bakker	\N	\N	actor,miscellaneous	tt0287979
nm1000374	Michal Balucki	1837	1901	writer	tt0441074,tt0031096,tt0286325
nm1000375	Federico Balzaretti	\N	\N		tt10453820,tt2205314,tt4647046
nm1000376	Juan Balzaretti	\N	\N	actor	tt0382192,tt0135019,tt0134907,tt0071193
nm1000377	Blake Banbury	\N	\N	assistant_director,actor,casting_department	tt0319343,tt0243736,tt1626146,tt1765510
nm1000378	André Bankoff	1981	\N	actor	tt0484241,tt0819739,tt10056824,tt6314382
nm1000379	Alan Barasch	\N	\N	producer,miscellaneous,writer	tt0258609,tt12066484,tt12132942,tt7451012
nm1000380	Joan Barbero	1966	\N	writer,producer,miscellaneous	tt5134214,tt2651246,tt0198093,tt9204170
nm1000381	Jean-Fabrice Barnault	\N	\N	producer,production_manager	tt0246717,tt3420536,tt0284442,tt0304601
nm1000382	Jeremy S. Barnes	\N	\N	miscellaneous,production_manager	tt0277249,tt0268516,tt0413676,tt0829171
nm1000383	Patricia Baron-Napp	\N	\N	producer	tt6271626,tt0287484
nm1000384	D. Barr	\N	\N	assistant_director	tt0190052
nm1000385	Jeremy Barrett	\N	\N	actor	tt0774087,tt0084987,tt9901232,tt0286336
nm1000386	Ildiko Barritt	\N	\N	miscellaneous	tt0290334,tt0118956,tt1318514,tt0429493
nm1000387	Jeanne Burnett	\N	\N	make_up_department,actress	tt1195443,tt0078370
nm1000388	Conrad Barski	\N	\N	art_department,miscellaneous	tt0287447
nm1000389	Maya Barsky	\N	\N	costume_designer	tt0305178,tt0339366,tt0287471,tt15527028
nm1000390	Kashka Bartisick	\N	\N	actress	tt0079965
nm1000391	Gastone Bartolucci	1923	\N	actor,assistant_director,script_department	tt0034481,tt0035709,tt0034950,tt0035230
nm1000392	Jaroslaw Barzan	1969	\N	editor,editorial_department	tt3745620,tt0459505,tt0381700,tt0287641
nm1000393	Uzma Bashir Sheikh	\N	\N		tt0283799,tt0103363
nm1000394	Ellie Basler	\N	\N	art_director	tt0213127
nm1000395	Laurent Bastide	\N	\N	actor	tt0256765
nm1000396	Elza Bastros	\N	\N	costume_designer	tt0215069
nm1000398	Adrian Bauckham	1978	\N		tt0283799
nm1000399	Vivian Baumann	\N	\N	costume_department,art_department	tt1104001,tt0290334,tt0343818,tt0297181
nm1000400	Remigio Bautista Canchola	\N	\N	actor	tt0287432
nm1000401	John Bayntun	\N	\N	art_department	tt0401420,tt1017464,tt0160236,tt0306047
nm1000402	Gia Maria Bazzocchi	\N	\N	casting_department	tt0151734
nm1000403	Jacqueline Beaudoin	\N	\N	actress	tt0193783,tt0197788
nm1000404	Dirk Beemster	1972	\N	actor	tt0287979
nm1000405	Victoria Beharrell	\N	\N	editorial_department,visual_effects	tt0209163,tt0311461,tt0305108
nm1000407	Abu Bekka	\N	\N	art_department,visual_effects	tt0133152,tt0426883
nm1000408	Uros Belantic	\N	\N	actor,costume_designer	tt0281202,tt0482028,tt1213124
nm1000409	Harry Belcher	\N	\N	actor,stunts	tt0041959
nm1000410	Cinzia Belfiore	\N	\N	costume_department	tt0202072,tt0279555,tt0805592,tt0347083
nm1000411	Doug Belgrad	\N	\N	producer,executive	tt5117670,tt1502397,tt1560220,tt5033998
nm1000412	Charles W. Belisle	1961	\N	art_department,camera_department,miscellaneous	tt0146309,tt0317740,tt1483013,tt0137523
nm1000414	Maurice Bellecour	\N	\N	composer	tt0194888,tt0204481
nm1000415	Keven Bellows	\N	\N	miscellaneous	tt14114510,tt0263663,tt0293344
nm1000416	Jérémy Belly	\N	\N	actor	tt0287449
nm1000417	Resu Belmonte	\N	\N	actress	tt0198093,tt9806468,tt0283123,tt0429413
nm1000418	Verónica Beltrán	\N	\N	actress	tt0287290
nm1000420	Peter Benczur	\N	\N	actor	tt0123381
nm1000421	Sterndale Bennett	\N	\N	actor	tt0223579,tt0341798
nm1000422	Eso Susie Benson	\N	\N	music_department,soundtrack	tt0160236
nm1000423	Krista Benson	\N	\N	visual_effects,producer,director	tt0382992,tt0253754,tt2015381,tt0775440
nm1000424	M. Berggolz	\N	\N	actress	tt0264292
nm1000425	Lowell Bergman	1945	\N	writer,producer,director	tt0133302,tt1010273,tt0123338,tt0140352
nm1000427	Irma Berk	\N	\N	writer	tt0054381
nm1000428	Eugène Bernstein	\N	\N	production_manager	tt0160730,tt0030313,tt0193982,tt0143825
nm1000429	Mary Berntsen	\N	\N	actress	tt0126988
nm1000430	Nathalie Bersanetti	\N	\N	actress	tt0230745,tt0266316,tt4571004,tt8726338
nm1000431	Luc Bertens	\N	\N	location_management	tt0129114
nm1000432	Jeanne Berthoud	\N	\N	director,writer	tt1099950,tt0287538,tt8657162,tt1092008
nm1000433	Tomas Beseda	\N	\N	camera_department	tt0355295,tt0380599,tt0277703
nm1000434	Loren Bess	\N	\N	transportation_department	tt0240772,tt0181865,tt0187393,tt0165854
nm1000435	Frank Boston	1888	1948		tt0401917,tt0402567,tt0024659
nm1000436	Betty Boston	1892	1967		tt0024659
nm1000437	Gary Bevans	\N	\N	camera_department,miscellaneous	tt0475394,tt0438488,tt1228705,tt0371746
nm1000438	Rajiev Bhanot	\N	\N	miscellaneous,director,producer	tt14598706,tt3264852,tt8024604,tt9501266
nm1000439	Anton Bia	\N	\N	assistant_director	tt0045179
nm1000440	Larry Bialock	\N	\N	actor	tt0448950,tt1600194,tt1157622,tt0165196
nm1000441	Sylvia Bidegain	\N	\N	actress	tt0245834,tt0259717
nm1000442	Miep Biessen	\N	\N	actress	tt0051992,tt0053421
nm1000443	Virginia Bildstein	\N	\N	actress	tt0287558
nm1000444	Bernadett Biller	\N	\N	actress	tt0092213
nm1000445	Anthony Billings	\N	\N		\N
nm1000446	Paul Bingham	\N	\N	art_department	tt0265944,tt0457572,tt0280870,tt0239728
nm1000447	Bodil Birket-Smith	\N	\N	actress	tt0126988
nm1000448	Jonilyn Bisset	\N	\N	miscellaneous	tt0268126,tt0273982,tt0429589,tt0349903
nm1000449	Jack Blacklock	\N	\N	actor	tt0223579,tt0052935,tt0341798
nm1000451	Myriam Blanckaert	\N	\N	actress,director,writer	tt0287541,tt0988047,tt0159206,tt1424310
nm1000452	Alberto Blanco	1980	\N	director,writer,actor	tt4530596,tt0441160,tt0173284
nm1000453	Mark Bliss	\N	\N	cinematographer,camera_department,writer	tt7462410,tt3622134,tt0484346,tt1890393
nm1000454	Tom Block	\N	\N	actor	tt0040874
nm1000456	Pamela Bloomfield	\N	\N	actress	tt0067850
nm1000457	Jonny Bloor	\N	\N	actor	tt0033158
nm1000459	Randy Bobbitt	\N	\N	producer,art_department,miscellaneous	tt0209475,tt0306685,tt0327437,tt0414914
nm1000460	Lilyana Bocheva	\N	\N	actress	tt0345956,tt0172766
nm1000461	Robert Bodenheaimer	\N	\N	miscellaneous,transportation_department	tt10059518,tt0190590,tt0275022,tt0348333
nm1000462	Kaytee Bodle	\N	\N	music_department	tt0328808,tt0254888
nm1000463	Jon Boe	\N	\N	art_department	tt0239728
nm1000464	Melanie Boettcher	\N	\N	visual_effects	tt0227445,tt0268695,tt0155975,tt0258463
nm1000465	Jill Bogdanowicz	\N	\N	editorial_department,visual_effects,actress	tt2278388,tt0945513,tt7286456,tt0083658
nm1000466	L. Bognar	\N	\N	editor	tt0124314
nm1000467	Sharon Boiteux	\N	\N	actress	tt0181310
nm1000468	Jeffery Bolger	\N	\N	camera_department	tt0069226
nm1000469	Angélica Bollencher Jaramillo	\N	\N	actress	tt0287432
nm1000470	Ewa Bonacka	1912	1992	actress,director,writer	tt0057355,tt0899285,tt0286325,tt0441074
nm1000471	Rinus Bonekamp	\N	\N	actor	tt0051992,tt0036681,tt0037223
nm1000472	Jerome Bongiorno	\N	\N	cinematographer,editor,writer	tt1033496,tt0385841,tt6431556,tt0357113
nm1000473	Anouchka Bonnema	\N	\N	actress	tt0061909
nm1000474	Waldemar Bonsels	1881	1952	writer,director	tt0133295,tt0245687,tt2186382,tt6685596
nm1000475	Antoinette Bonsignoire	\N	\N	miscellaneous	tt0096302,tt0097230
nm1000477	Mehdi Boostani	\N	\N	director,writer	tt5241160,tt0287545,tt22818440
nm1000478	Angelique Bordelon	\N	\N	make_up_department	tt0259497,tt0286713,tt0214032
nm1000479	C. Bosvier	\N	\N	actor	tt0043251
nm1000480	Maru Botana	1969	\N	actress	tt0346375,tt0352047,tt0287246,tt0397189
nm1000481	Nzolameso Botangi	\N	\N	actor	tt0287098
nm1000482	Federica Botarelli	\N	\N	casting_department,miscellaneous	tt0151734,tt0346946
nm1000483	Adel Boukadida	\N	\N	actor	tt0103806
nm1000485	A. Boussald	\N	\N	production_manager	tt0142709
nm1000486	Andrew Boutilier	\N	\N	miscellaneous,producer,location_management	tt0317676,tt0428390,tt0375210,tt0905357
nm1000487	Clayton Bowman	\N	\N	sound_department,art_department,assistant_director	tt1280729,tt0943641,tt1344702,tt0190590
nm1000488	Karri V. Bowman	1974	\N	actress,director,writer	tt0385534,tt12886368,tt2006344,tt0255734
nm1000489	Jette Boysen	\N	\N	actress	tt0126988
nm1000490	Marianne Brack	\N	\N	actress	tt0192739,tt0199127
nm1000491	Joel Bradbrook	\N	\N	art_department	tt0282695,tt0192023,tt0234652,tt0359013
nm1000492	Slimane Brahimi	\N	\N	actor	tt0204700,tt0155157,tt1823153
nm1000493	Karina Brandlmayer	\N	\N	actress	tt0228536
nm1000494	William Brangham	\N	\N	producer,cinematographer,camera_department	tt0396352,tt0247880,tt0133302,tt0447790
nm1000495	Giacinto Bretti	\N	\N	make_up_department	tt0095866,tt0084935,tt0091083,tt0762121
nm1000496	Neda Bric	1967	\N	actress	tt9078014,tt0281202,tt0334237,tt8766224
nm1000497	Nancy Bridgewater	\N	\N	art_department	tt0131566
nm1000498	R.G. Brittan	\N	\N	camera_department	tt0190052,tt0188509
nm1000499	Serge Bromberg	1961	\N	producer,writer,director	tt4932580,tt2134092,tt8960566,tt1433528
nm1000500	Cherylyn Brooks	\N	\N	producer,production_manager	tt0398615,tt0287581,tt0469828,tt1616192
nm1000501	Ryan Brosius	1994	\N	actor	tt0295988,tt0294116
nm1000502	Brennan Brown	1968	\N	actor,miscellaneous	tt1740299,tt1045772,tt0473705,tt2381941
nm1000503	Lin Brummett	\N	\N	miscellaneous,editorial_department,editor	tt6174260,tt3776412,tt3467962,tt2202488
nm1000504	Lynn Brunelle	\N	\N	writer,miscellaneous	tt0306947,tt1452981,tt0173528
nm1000505	Kathy Brunswick	\N	\N	art_department	tt0120458,tt1300854,tt0884328,tt0999913
nm1000506	Jason Bryan	\N	\N	production_manager,editorial_department,writer	tt0896781,tt5973888,tt2327261,tt0806136
nm1000507	Gregg Buchbinder	\N	\N	producer	tt0287289,tt0288506
nm1000508	Rachel Buchman	\N	\N	actress	tt0284145
nm1000509	Royce Scott Buckingham	\N	\N	writer,director	tt0291040,tt0287564
nm1000510	Sarah Buckland	\N	\N	actress	tt0408381,tt0840196,tt0844330,tt0435937
nm1000511	Zaneta Bujuluová	\N	\N	actress	tt0287361
nm1000513	Adrien Burhop	\N	\N	actor,miscellaneous	tt1462766,tt0354990,tt10309308,tt0483218
nm1000514	B. Rodney Burklund II	1977	\N		\N
nm1000516	Hamish Hamilton Burns	\N	\N	writer	tt0048841
nm1000517	Rachel Burton	\N	\N	make_up_department	tt0287203
nm1000518	Stéfanie Buxton	\N	\N	actress	tt2214981,tt0246332,tt0300556,tt0324554
nm1000519	Beverlee Buzon	1984	\N	actress	tt0177161,tt0349358,tt0385482,tt0412162
nm1000520	Glyn Byles	\N	\N	sound_department,editor	tt0134264,tt0064848
nm1000521	Will Byrne	\N	\N	camera_department,assistant_director,miscellaneous	tt0790686,tt3479072,tt0287691,tt2397902
nm1000522	Cabello	\N	\N	soundtrack	tt1512798,tt0475567,tt0052783,tt1805297
nm1000523	Gina Caccavari	\N	\N	casting_department	tt0109548
nm1000524	Rita Cacciopo	\N	\N	location_management	tt0151734
nm1000525	Maniuschka Cahn	\N	\N	actress	tt0070072,tt0070430,tt0066316
nm1000526	Bernie Calderwood	\N	\N	actor	tt0088147,tt0078370
nm1000527	Michael Feeney Callan	\N	\N	writer,director,producer	tt0075561,tt0101068,tt0758416,tt0324882
nm1000528	Beverley Campbell	\N	\N	miscellaneous	tt0287258
nm1000529	Eulalia Campoy	\N	\N	actress	tt0112407,tt0283601
nm1000530	Canan Can	\N	\N	actress,make_up_department	tt0287310,tt0308145,tt5593358,tt1650015
nm1000531	Joe Cancer	\N	\N		tt0287787,tt0165319
nm1000532	Doffy Candler	1949	1998	actor	tt0067850
nm1000533	Patty Canfield	\N	\N	art_department	tt0160236
nm1000534	Cao	\N	\N	actor	tt0069117
nm1000535	Reyna Capello	1908	1988	actress	tt0377104,tt0199507
nm1000537	Rafael Capistrán	\N	\N	actor	tt0287432
nm1000538	Hans Caprino	\N	\N	actor	tt0060774,tt0231873
nm1000539	Angela Capuano	\N	\N	costume_designer,costume_department	tt0373931,tt8191736,tt2848032,tt1680044
nm1000540	Christina K. Caramba	\N	\N	actress	tt0286592
nm1000541	Caterina Caratilli	\N	\N	production_manager,miscellaneous	tt1273204,tt0323807,tt0494834,tt0151734
nm1000542	David Carberry	\N	\N	art_department	tt0257756,tt1375666,tt0183649,tt0258470
nm1000543	Alejandro Cardenas	\N	\N	actor,producer	tt0238784,tt11041132,tt1378167,tt5715524
nm1000544	Ira Carissa	\N	\N	miscellaneous	tt0131566
nm1000545	Leonard Caron	\N	\N	actor	tt0063688
nm1000546	Ossi Carp	1973	\N		tt0274479
nm1000547	Davin Carten	\N	\N	miscellaneous	tt0243832
nm1000548	Carolina Carvajal	\N	\N	actress,camera_department,miscellaneous	tt1337724,tt0343258,tt0282289,tt3211320
nm1000550	Ivan Casidanus	\N	\N	art_department,production_designer,set_decorator	tt0216499,tt0317202,tt0337103,tt0118756
nm1000551	Henri Cassard	\N	\N	actor	tt0108672,tt0093111
nm1000552	Oswaldo Castañeda	\N	\N	actor	tt0287432
nm1000553	Dede Castellano	\N	\N	actress	tt0287558
nm1000554	Jaime Castellanos	\N	\N	art_department	tt5308322,tt0372588,tt1478338,tt0498380
nm1000555	Roland Catalano	\N	\N	actor	tt2378347,tt0191905,tt0192056,tt0044799
nm1000557	Madeleine Cathelin	\N	\N	editor	tt0187680,tt0150010
nm1000558	Lili Caudrelier	\N	\N	costume_department,costume_designer	tt0052759,tt0243510,tt1180815,tt0059103
nm1000559	Domitilla Cavazza	\N	\N	actress	tt0203110,tt0081626
nm1000560	André Cazenabe	\N	\N	composer	tt2395201,tt0243616,tt0468063,tt0160138
nm1000561	Amedéo Cazzella	\N	\N	stunts,actor,miscellaneous	tt2872732,tt0237534,tt0342258,tt0364970
nm1000562	Cláudius Ceccon	\N	\N	producer	tt0439460,tt0254753
nm1000563	Kevin Celi	\N	\N	camera_department,miscellaneous,cinematographer	tt1637725,tt1298650,tt0115783,tt1389096
nm1000564	Giuliano Cenci	\N	2018	animation_department,director,writer	tt0330994,tt0287351,tt14144488
nm1000565	Miro Cernetig	\N	\N	director,writer,editorial_department	tt0363726,tt4714724,tt0287636,tt6014022
nm1000566	Lara Cetta	\N	\N	costume_department	tt0151734
nm1000567	Alex Ceustermans	\N	\N	actor	tt0151902
nm1000568	Marcius Chadler	\N	\N	actor	tt0286320
nm1000569	Alexi Chadman	\N	\N	camera_department	tt0760157,tt0188859,tt0235539
nm1000570	Lincoln Chafee	1953	\N		tt2501748,tt0115147,tt0403813,tt7230394
nm1000571	Samuel Chalard	\N	\N	director,writer,producer	tt0287538,tt1581324,tt7169096
nm1000572	Man Lon Chan	\N	\N	art_department	tt0278674
nm1000573	Wai-Kin Chan	\N	\N	actor,producer	tt0455195,tt0278674,tt0444890,tt0108623
nm1000574	Pierrette Chanel	\N	\N	actress	tt0194312,tt0217108
nm1000575	Mathieu Chantelois	1973	\N	actor,producer,miscellaneous	tt0300856,tt0149367,tt0274296
nm1000576	Goldwyn Chapman	\N	\N	visual_effects	tt0286713
nm1000577	Nester Chapparo	\N	\N	camera_department	tt0107571
nm1000578	Jasmine Charley	\N	\N	miscellaneous	tt0131566
nm1000579	Michel Chauvelier	\N	\N	camera_department,cinematographer	tt0167523,tt8776344,tt0275822,tt3886726
nm1000580	Luis Armando Chavarria	\N	\N	miscellaneous	tt0287432
nm1000581	Lika Chavchavadze	\N	\N	actress	tt0171080,tt0274463
nm1000582	Joe Chetcuti	\N	\N	miscellaneous	tt0258609
nm1000583	Véra Chidyvar	\N	\N	actress	tt0204700,tt0381008
nm1000584	Ogilvy Chiffon	\N	\N	actor	tt0071135
nm1000585	May Yee Chin	\N	\N	make_up_department	tt0278674,tt0098474
nm1000586	Valérie Chiniara	1988	\N	actress	tt0885468,tt0271308,tt0385442,tt1270275
nm1000587	Keti Chloe	\N	\N	actress	tt0256820,tt0144942,tt0263512
nm1000588	Eun-yeong Choi	\N	\N	writer	tt0287583
nm1000589	In Surp Choi	\N	\N	actor	tt0296875,tt0190174,tt0123816,tt0375411
nm1000590	Kimberly Christian	\N	\N		tt0128438
nm1000591	Jeff Christopherson	\N	\N	visual_effects,editorial_department,camera_department	tt0190590,tt0350258,tt1198337,tt0251114
nm1000592	Damon Chua	\N	\N	producer	tt1378195,tt0278674,tt0444890
nm1000593	Shao Chuan Chu	\N	\N	actor	tt11713828,tt0051400,tt0058742,tt11816588
nm1000594	Rami Chuene	\N	\N	actress	tt13492362,tt5174974,tt1492179,tt14220586
nm1000595	Shana Chun	\N	\N	actress	tt0324368,tt1195492
nm1000596	Alex Churchich	\N	\N	actor	tt0078370
nm1000597	Bob Circosta	\N	\N		tt0204091,tt0287227
nm1000598	Guillermo Cisneros	\N	\N	actor,producer,production_manager	tt0287432,tt0392353,tt3797550
nm1000599	Monique Clariond	\N	\N	actress	tt0032384
nm1000600	Edgardo Claudio	2006	\N	actor	tt0210075
nm1000601	Anna Sophia Claus	1994	\N	actress	tt0115088,tt0088554,tt0415399,tt0806910
nm1000603	Slackmaster Cleve	1934	2012	soundtrack	tt0134291
nm1000604	John Clifforth	\N	\N	soundtrack,composer	tt0105816
nm1000605	Carlyle Clyburn	\N	\N		tt0278191
nm1000606	Delia Cobedo	\N	\N	actress	tt0194654
nm1000607	Lewis Cojocar	\N	\N	assistant_director,actor	tt3875050,tt0287733,tt0288243,tt0409999
nm1000608	Tudor Cojocar	\N	\N	assistant_director	tt0288243,tt0287733
nm1000609	Giulio Colavolpe	\N	\N	actor,miscellaneous	tt0151734
nm1000610	David Collupy	\N	\N	cinematographer,actor,writer	tt7152588,tt0282965,tt4060866,tt1078591
nm1000611	Mireille Colman	\N	\N	actress	tt0243510
nm1000612	Caron Colvett	\N	\N	stunts,actress	tt0113690,tt0125664,tt0268126,tt0120891
nm1000613	Tamara Conboy	\N	\N	production_designer,art_department,art_director	tt4547194,tt0349683,tt3544112,tt0288045
nm1000614	Antonio Concato	\N	\N	director,producer	tt0287350
nm1000615	J. Clayton Conroy	\N	\N	actor	tt0081625
nm1000616	Marco Polo Constandse	1973	\N	producer,assistant_director,director	tt1616108,tt0266697,tt5164446,tt4823434
nm1000617	Pepe Contero	\N	\N	writer	tt0287311
nm1000618	Little Joe Cook	1922	2014	soundtrack	tt0287198,tt0141842
nm1000619	Phyllis Cook	\N	\N	actress	tt0035504,tt0036433
nm1000621	Muriel Cooper	1920	\N	actress	tt0157197,tt5309764,tt0341987,tt0341798
nm1000622	Olav Coppes	\N	\N	production_manager,location_management	tt0889263,tt0806910,tt0847709,tt0881916
nm1000623	Paolo Coppola	\N	\N	producer,production_manager,transportation_department	tt0366915,tt0839960,tt1860355,tt4498460
nm1000624	Clothilde Cordier	\N	\N	actress	tt0266316
nm1000625	Claudio Corrivetti	\N	\N	camera_department	tt0087088,tt0203110
nm1000626	Micheline Cossette	\N	\N	costume_department	tt0122961,tt0446463,tt0450314,tt0324554
nm1000628	Federica Costantini	\N	\N	miscellaneous,assistant_director,production_manager	tt0169543,tt0169548,tt0151734,tt0202792
nm1000629	Ross Cotterill	\N	\N	actor	tt0131065
nm1000630	Martien Coucke	\N	\N	sound_department,miscellaneous,production_manager	tt0287320,tt0203535,tt0120737,tt0466485
nm1000631	Lynn Court	\N	\N	actor,art_department	tt1213652,tt0480975,tt1094159,tt0268126
nm1000632	Jim Caverhill	\N	\N	actor	tt0131065
nm1000633	Curtis Crabbe	1956	\N	actor	tt0165196
nm1000634	Danielle Cragun	\N	\N	miscellaneous	tt0258609
nm1000636	Dion Crenshaw	\N	\N	actor	tt0078370
nm1000637	Gerri Lee Crews	\N	\N	costume_department,miscellaneous,art_director	tt1547030,tt6197494,tt0190590,tt1082812
nm1000638	Laurence Crouzet	\N	\N	actress	tt5710996,tt0131613,tt0433623,tt0491117
nm1000639	Nuria Cruces	\N	\N	actress	tt0082877
nm1000640	Monique Crusot	\N	\N	miscellaneous	tt0848493,tt0824774,tt0258609
nm1000641	Elana Cuca	\N	\N	make_up_department	tt0101940,tt0101841,tt0156349,tt0104243
nm1000642	Isaac Cuende	\N	\N	actor	tt0084039,tt0194283,tt0124958,tt0360299
nm1000643	Cynthia Cuevas	\N	\N	actress,miscellaneous	tt0236590,tt0287293
nm1000644	Keri-Lee Culverwell	\N	\N	actress	tt0215244
nm1000645	Jeff Cummings	\N	\N	camera_department,cinematographer	tt0327372,tt0339968,tt5722072,tt1156524
nm1000646	Belinda Curtis	\N	\N	miscellaneous	tt0125439
nm1000647	Kate Curzon	\N	\N	miscellaneous	tt0211336
nm1000648	Thirza Cuthand	\N	\N	director,producer,writer	tt2885550,tt0287474,tt12131912,tt14617084
nm1000649	Nathalie Cvetkovic	\N	\N	editorial_department,editor	tt0245834,tt0485405,tt0119307,tt0119625
nm1000650	Jimena Cyrulnik	1975	\N	actress	tt0287277,tt4733724,tt0778565,tt1534454
nm1000651	Gregor Czempiel	1985	\N	actor	tt0244361
nm1000652	Hana Czivisová	1966	\N	actress	tt0287361,tt0167644,tt0924182,tt4614906
nm1000653	Lémi Cétol	\N	\N	actor	tt0151902,tt2865688,tt1132594,tt1594534
nm1000654	Bianca D'Carpio	\N	\N	miscellaneous,assistant_director,camera_department	tt1228705,tt1013752,tt0473705,tt1501296
nm1000655	Janine Da Costa	\N	\N	actress	tt0287195
nm1000656	Diane D'Agostino	\N	\N	make_up_department,costume_department	tt0321019,tt0160236,tt5672484,tt0096636
nm1000657	Pierre-Alain Dahan	\N	\N	music_department,composer,soundtrack	tt0302297,tt0079701,tt0120828,tt0106977
nm1000658	Jamie Dakoyannis	\N	\N	producer	tt0179653
nm1000659	May Dale	1910	1992	actress	tt0260685,tt0173904,tt0259841,tt0970419
nm1000660	Herman van Dalen	\N	\N	actor	tt0070072
nm1000661	Trixie Dallas	\N	\N	actress	tt0058007
nm1000662	Dalmaïs	\N	\N	actor	tt0198311
nm1000663	Peter Danckwerth	\N	\N	camera_department	tt0806910
nm1000664	Jaye K. Danford	\N	\N	actor	tt0234090,tt0326856,tt0113675,tt0219965
nm1000666	Zsolt Dánielfy	1957	\N	actor,director,writer	tt5620958,tt1139492,tt3607646,tt4219974
nm1000667	Sona Danielová	1929	1959	actress	tt0171233,tt1464777,tt0168626,tt0287640
nm1000668	Sean Danischevsky	1973	\N	visual_effects,writer,special_effects	tt0183523,tt0206634,tt4547056,tt1706620
nm1000670	Jason Dannenberg	\N	\N	camera_department	tt0217107,tt0141098,tt0119573,tt0210945
nm1000671	Sharon Danovich	\N	\N		\N
nm1000672	Katja Danowski	1974	\N	actress	tt4449470,tt0322545,tt0806910,tt1471171
nm1000673	Lee Danser	1951	1990	actor	tt0067850
nm1000676	Solange Dartois	\N	\N	actress	tt0182077
nm1000677	Arno Daub	\N	\N	art_department	tt4320348,tt0806910,tt0330713,tt0208617
nm1000678	Pascal Daubias	\N	\N	actor	tt0240886,tt0124115,tt0172014,tt0245834
nm1000679	Zelda Davees	\N	\N	writer	tt0196153
nm1000680	Rustey Davenport	\N	\N	actor	tt0162041
nm1000681	Wilford Davidson	\N	\N	actor	tt0043251
nm1000682	Beal Davis	\N	\N	visual_effects,editor	tt0192789,tt7353232
nm1000683	Deborah Zoe Dawson	1946	\N	miscellaneous,writer,producer	tt0077011,tt0078704,tt0118484,tt0077098
nm1000684	Çeçilya Daymaz	\N	\N	actress,producer	tt5622754,tt8839476,tt5659308,tt7162432
nm1000685	Anne De Baetselier	1964	\N	actress	tt15408940,tt0278875,tt14174540,tt0195487
nm1000686	Frédéric de Brabant	1975	\N	producer,director,actor	tt8337274,tt5421280,tt12209038,tt5665300
nm1000687	Antonio Carlos De Carvalho	\N	\N	actor	tt0151734
nm1000688	Joanna De Carvalho	\N	\N	actress	tt0151734
nm1000689	Léa De Gamond	\N	\N	writer	tt0270733
nm1000690	Georges De Genevraye	\N	\N	cinematographer,camera_department	tt0287484,tt0498067,tt1072459,tt22688824
nm1000692	Paola De Martino	\N	\N	production_manager	tt0151734
nm1000693	Cristian De Mattheis	\N	\N	art_department,assistant_director,director	tt7436428,tt0335345,tt0119013,tt0120866
nm1000694	Dominick De Rasmo	\N	\N	costume_department,art_department	tt4154796,tt0478970,tt0145487,tt1650062
nm1000695	Cul De Sac	\N	\N	composer	tt0286592,tt0313654
nm1000697	Sherry De Burgh	\N	\N	make_up_department	tt0097937
nm1000699	David Dearlove	\N	\N	cinematographer,camera_department,editor	tt4918074,tt5596010,tt4118352,tt2401076
nm1000700	Tracy Deatrik	\N	\N	make_up_department	tt0130297
nm1000701	Michel Debelleix	\N	\N	actor	tt0084975
nm1000702	Lucas Dehler	\N	\N	costume_department,costume_designer	tt0806910,tt3598648,tt0940632,tt0207932
nm1000703	Ted Deitz	\N	\N	assistant_director	tt0130297
nm1000704	Willem Dekker	\N	\N	actor	tt0077907
nm1000706	Anton Delbelo	\N	\N	actor	tt0249383
nm1000707	Rogelio Delgadillo	\N	\N	production_manager,miscellaneous	tt1122586,tt0393129,tt0287643
nm1000708	Hugh Delony	1982	\N	director,actor,producer	tt0286612,tt2186155,tt0325474
nm1000709	Sofia Demarco	\N	\N	actress	tt0287691
nm1000710	Alberto García Demestres	\N	\N	composer,actor,soundtrack	tt1281370,tt2364649,tt12769614,tt0216386
nm1000711	Mieke Demeulenaere	\N	\N	miscellaneous	tt0129114
nm1000712	Gitane Demone	\N	\N	actress,composer,music_department	tt0308153,tt12430158,tt5832678,tt0456896
nm1000713	Brayden James	1978	\N	actor	tt0195489
nm1000714	Tony Derkach	\N	\N	camera_department	tt0450314,tt0469623,tt1325004,tt1259571
nm1000715	Mathieu Derrier	\N	\N	actor	tt0266316,tt0454530
nm1000717	Elizabeth Detroyer	\N	\N	producer	tt0285957
nm1000718	Henny Deul	\N	\N	actress	tt0061909
nm1000719	Lucas E. Devenn	\N	\N	producer,miscellaneous	tt0160616,tt0101809,tt0109548,tt0191498
nm1000720	Diana L. Devlin	\N	\N	production_manager	tt0286713
nm1000721	Givi Dgebuadze	\N	\N	actor	tt0287412
nm1000722	Manav Dhanda	\N	\N	producer	tt0287185
nm1000723	Floranna Di Bernardo	\N	\N	actress	tt0067600
nm1000724	Francesco Di Giacomo	\N	\N	cinematographer,camera_department,actor	tt0328589,tt0362270,tt0120802,tt1562871
nm1000725	Lello Di Palma	\N	\N	director,writer,composer	tt0287356
nm1000726	Danielle Di Vecchio	1962	\N	actress	tt0141842,tt0065272,tt0106079,tt0455275
nm1000727	Darren DiFonzo	\N	\N	actor	tt2388808,tt0078644,tt0078388,tt0072529
nm1000728	Alexi Diaz	\N	\N	special_effects	tt0107571
nm1000729	Laister Dickson	\N	\N	producer	tt0287492
nm1000730	Mass Difala	\N	\N	cinematographer	tt0279693
nm1000731	Jagdeep Dighe	\N	\N	miscellaneous	tt0287185
nm1000732	Mary Ann Dighton	\N	\N	actress	tt0056577
nm1000733	Sophie Köhler-van Dijk	1892	1963	actress	tt0051171,tt0125647,tt0179045,tt1520307
nm1000735	Eugene Dimitriou	\N	\N	actor	tt0287320
nm1000736	Nelu Dinu	\N	\N	actor	tt0290930,tt0287733,tt0265752
nm1000737	Nicole Dionne	1979	\N	actress,casting_department,casting_director	tt13472984,tt11778118,tt10743534,tt14135090
nm1000738	Adam Dior	\N	\N	actor	tt0159037,tt3054176,tt0115083,tt1340663
nm1000739	Jürgen Dluzniewski	\N	\N	writer	tt0077076,tt0118479
nm1000740	Fred C. Dobbs	\N	\N	actor,camera_department	tt0085980,tt0157197
nm1000741	J.R. 'Bob' Dobbs	\N	\N		tt0134291
nm1000742	Frank Dockhorn	\N	\N	art_department,production_designer,location_management	tt0089416,tt0160256,tt1401152,tt0120804
nm1000744	Sue Doell	\N	\N	miscellaneous	tt0116422,tt0109548,tt0115208
nm1000746	Patrick Doherty	\N	\N	production_designer,art_department,miscellaneous	tt0324692,tt1055238,tt0411027,tt4208422
nm1000747	Danny Doll Rod	\N	\N	soundtrack	tt0368774,tt0287634
nm1000748	Jesús Ángel Domínguez	\N	\N	actor	tt0283123,tt0480892
nm1000749	Jack Donaldson	1913	1975	actor	tt0030291,tt0030867
nm1000750	Ral Donner	1943	1984	music_department,soundtrack	tt3877794,tt0083193,tt0262851,tt12578554
nm1000751	Cristiano Donzelli	\N	\N	art_department,director,writer	tt2934286,tt0320661,tt0451279,tt1608290
nm1000752	Ditty Doornbos	1906	1994	actress	tt0192895,tt0339240,tt0180364,tt0125647
nm1000754	Kazuki Doshita	\N	\N	actor	tt0227161
nm1000755	Béla Doszpod	1960	\N	writer,director,producer	tt0287214,tt1727476
nm1000756	François-Paul Doussot	\N	\N	actor	tt1263778,tt6081632,tt1182924,tt4616292
nm1000757	Walter Dovertell	\N	\N	transportation_department	tt0160236,tt0217066
nm1000758	Edward Drackey	\N	\N	producer	tt0213127
nm1000759	Brittany Drisdelle	1988	\N	actress,miscellaneous,make_up_department	tt7025920,tt7286836,tt5057054,tt1344204
nm1000760	Alexander Cameron Drogemuller	\N	\N	actor	tt0427969,tt0410700,tt0286132,tt0373474
nm1000761	Marc Droudian	\N	\N	miscellaneous	tt0258609
nm1000762	Drs. 4 'Bob'	\N	\N	soundtrack	tt0134291
nm1000763	Bob Drywall	\N	\N	miscellaneous	tt0287487
nm1000764	Hemant Dubey	\N	\N	editorial_department	tt0287185
nm1000765	Mathieu Dubosq	\N	\N	editor,editorial_department	tt0160166,tt1380722
nm1000766	Gaby Ducros	\N	\N	actress	tt0160675,tt0160610
nm1000767	Duluard	\N	\N	actor	tt0026556,tt0191670,tt0190961
nm1000769	Andrei Dumitrescu	\N	\N	transportation_department,actor	tt0417395,tt0411805,tt0457090,tt0411806
nm1000770	Louis Dunlevy	\N	\N	visual_effects	tt10648342,tt0478970,tt0293429,tt2802144
nm1000771	Garnet Durham	1963	\N	camera_department,miscellaneous	tt0237572,tt0204993,tt0243069,tt0242998
nm1000772	Holly Durham	\N	\N	writer,art_director	tt0078704,tt0245392
nm1000773	Hub Duyzings	\N	\N	actor	tt0051992
nm1000774	Spas Dzhonev	\N	\N	actor	tt0316232,tt0172766,tt0311383,tt0311388
nm1000775	Teresa Dzielska	1977	\N	actress	tt0262975,tt6383608,tt2056635,tt0386946
nm1000776	Kip Eardley	\N	\N	actor	tt0078370
nm1000777	Donnie Eastman	\N	\N	camera_department,actor,cinematographer	tt2290493,tt3915644,tt2309762,tt1431996
nm1000778	Kathy Eastwood	\N	\N	art_department,miscellaneous	tt0239728,tt0192023,tt2198333
nm1000779	Heidi Ederer	\N	\N	actress	tt0287798
nm1000780	Boy Edgar	\N	\N	actor	tt0070072
nm1000781	Athena Efter	\N	\N	producer,actress	tt7135754,tt0179653,tt5516854
nm1000782	Emer Egan	\N	\N	miscellaneous	tt0236784,tt0298845,tt5932728,tt4244994
nm1000783	Henno Eggenkamp	\N	\N	actor	tt0066850
nm1000784	Benjamin Eichert	\N	\N	producer,director,cinematographer	tt0356667,tt0287813
nm1000786	Hans Robert Eisenhauer	\N	\N	producer,miscellaneous,editorial_department	tt1209397,tt7519174,tt3199456,tt0854678
nm1000788	Majida El Roumi	\N	\N	soundtrack,actress,music_department	tt0196355,tt9138170,tt0074168,tt1190858
nm1000789	Salah El-Saadany	1943	\N	actor,director	tt10935940,tt1789680,tt0262614,tt0376879
nm1000790	Austin Ellingson	\N	\N	actor	tt10540120,tt0284253
nm1000791	John Ellsberry	\N	\N	actor	tt0280697
nm1000792	Bob Elnicky	\N	\N	producer	tt0287228
nm1000794	Panter Emel	\N	\N	actress	tt0287400
nm1000795	Ryan Eng	\N	\N	camera_department,cinematographer,editor	tt4175634,tt5441464,tt1692942,tt1955324
nm1000796	Cate Engel	\N	\N	casting_department,casting_director,miscellaneous	tt0246578,tt0866439,tt0275022,tt0160127
nm1000797	Howard England	\N	\N	visual_effects	tt0118688
nm1000798	Wayne England	\N	\N	visual_effects	tt1190080,tt7049682,tt1568346,tt1133985
nm1000799	High Pitch Erik	1971	\N	actor	tt0495046,tt8235236,tt1721062,tt0365945
nm1000800	T. Eristavi	\N	\N	actress	tt0259548
nm1000801	Gül Erksan	\N	\N	actress	tt0287433
nm1000802	Ernesto Escudero Jr.	\N	\N	actor	tt0150522,tt0119014
nm1000803	Caroline Eselin	\N	\N	costume_designer,costume_department,make_up_department	tt2404465,tt6704972,tt7125860,tt4975722
nm1000804	Corinne Esparon	\N	\N	actress	tt0266316
nm1000805	Heidy Espejel	\N	\N	actress	tt0287290
nm1000806	Alejandra Esquivel	\N	\N	art_department	tt0287293
nm1000807	Anna-Maria Everett	\N	\N	actress	tt5014882,tt7631146,tt1582350,tt7016936
nm1000808	Everette	\N	\N	actress	tt0286592
nm1000809	Mark Eveslage	\N	\N	camera_department,cinematographer	tt1753549,tt8085496,tt6679242,tt2252298
nm1000810	Jérôme Expert	\N	\N	actor	tt0336439,tt0276414
nm1000811	Winfield Ezell	\N	\N	actor,assistant_director,camera_department	tt0286713,tt0423539,tt1113726,tt1413576
nm1000812	Alex Faassen	1894	1981	actor	tt0041559,tt0181259,tt0192895,tt1985129
nm1000813	Carlus Fàbrega	\N	\N	actor,writer,director	tt1512685,tt4136774,tt8269202,tt2515034
nm1000814	Fadali	\N	\N	actor,sound_department	tt0278674
nm1000816	Avi Fahima	\N	\N	art_director,production_designer	tt0388311,tt0478999,tt0807721,tt0287471
nm1000817	Martha Fainberg	\N	\N	casting_department,casting_director	tt0278194,tt0262208,tt0402701,tt0096542
nm1000818	Ian Fairbairn	1931	2014	actor	tt0162080,tt0056751,tt0066682,tt0404585
nm1000819	Andy Fairfield	\N	\N		tt0283799
nm1000820	Stefan Faldbakken	\N	\N	director,writer,editorial_department	tt0497539,tt0358558,tt0356364,tt7518322
nm1000821	Filippo Fanano	\N	\N	actor	tt0240396
nm1000823	Joan Faneca	\N	\N	actor,writer	tt4213832,tt0340169,tt0375307,tt1194635
nm1000826	Behzad Farahani	1945	\N	actor,writer	tt0079841,tt6189264,tt1091775,tt2265921
nm1000828	Kimo Farm	\N	\N	actor,miscellaneous	tt0165196,tt0098257
nm1000829	Geoff Farnsworth	\N	\N	art_department	tt0287496
nm1000830	Pascal Farrell	\N	\N	art_department	tt1216492,tt0169083,tt0236784,tt0118760
nm1000831	Sean Farrow	1970	\N	visual_effects,miscellaneous,special_effects	tt0372784,tt1846589,tt0450385,tt7243884
nm1000832	Dr. Faust	\N	\N	actor	tt0286592
nm1000833	Stefano Faustini	1990	\N	actor	tt0271308,tt21142088,tt0385442,tt0330504
nm1000834	Jonathan Fawkner	1973	\N	visual_effects,miscellaneous	tt1631867,tt0988045,tt2015381,tt3896198
nm1000835	Fedon	\N	\N	actor	tt5033162,tt7989084,tt7422214,tt0287400
nm1000836	Michael Feinberg	\N	\N		tt0287634
nm1000838	Walt Fellows	\N	\N	editorial_department	tt0109548
nm1000839	Pavel Fencl	\N	\N	miscellaneous	tt0244479
nm1000840	Hersch Fernandez	\N	\N	miscellaneous	tt0118688
nm1000841	Graça Ferreira	\N	\N	actress,composer	tt0492967,tt0286410
nm1000842	Fierita	1974	\N	actor,producer	tt0301398,tt0229171,tt0329908,tt0218074
nm1000843	Carles Fígols	\N	\N	actor	tt0283123,tt0395173,tt0445691,tt0468411
nm1000844	Filimina	\N	\N	make_up_department	tt0286592,tt0317401
nm1000845	Jiri Filipovsky	\N	\N	camera_department	tt0355295,tt11718264,tt0237386,tt0380599
nm1000846	Johan Fiolet	1901	1965	actor	tt9544538,tt0254005,tt21534634,tt0057645
nm1000847	Felice Firestone	\N	\N	producer,production_manager,editorial_department	tt0335625,tt1854225,tt0396352,tt0810498
nm1000848	Aristide Fiscaletti	\N	\N	camera_department	tt0279555
nm1000849	Arno Fisser	\N	\N	composer	tt0806910,tt0111889,tt0081860,tt0106178
nm1000850	Leon Flemmer	\N	\N	stunts	tt0239728
nm1000851	Matthias Flimm	\N	\N	actor	tt0092213
nm1000852	Lise Florelly	\N	\N	actress	tt0199529,tt0193154,tt0171145,tt0046933
nm1000853	Juan Carlos Flores	1984	\N	actor,soundtrack,transportation_department	tt1488217,tt2197926,tt7278664,tt1649337
nm1000854	Timothy Flynn	\N	\N	camera_department	tt0452637,tt0250797,tt0305224,tt0382628
nm1000855	J.P. Fogarty	\N	\N	camera_department	tt0286592
nm1000857	Brendan Foreman	\N	\N	miscellaneous	tt0097937
nm1000858	Lori Forte	\N	\N	producer,writer	tt0268380,tt0438097,tt0848537,tt3411444
nm1000859	Vivian Foster	1867	1945	actor	tt0024658
nm1000860	Fabien Frachat	\N	\N	writer	tt0031876
nm1000861	Francardi	\N	\N	actor	tt0045179
nm1000862	Firdaus Francis	\N	\N	transportation_department	tt0131566
nm1000863	Frans Franssen	\N	\N	actor	tt0051112
nm1000864	Pierre Fredericci	\N	\N	camera_department	tt0286592
nm1000866	Edson Freitas	\N	\N	actor	tt0286320
nm1000867	Julius Friede	\N	\N	editorial_department,visual_effects	tt0271027,tt0181865,tt0293662,tt1320253
nm1000868	Georges-François Frontec	1899	1976	actor	tt0158805,tt0169909,tt0195060,tt0193092
nm1000869	Dinah Frotté	\N	\N	producer	tt0254753
nm1000870	Dana Fugate	\N	\N	miscellaneous	tt0160236
nm1000871	Mami Fujii	\N	\N		tt0287415
nm1000872	Saori Fujimoto	\N	\N	actress	tt0287519
nm1000873	Rie Fukami	1982	\N	actress	tt3825170,tt0443753,tt0317770,tt0287519
nm1000874	Hiroshi Fukishima	\N	\N	director	tt0204338
nm1000875	Katsuhiro Fukuda	\N	\N	actor	tt0287712,tt0313603,tt2381338,tt0226253
nm1000876	Alicia Fulford-Wierzbicki	\N	\N	actress	tt0287645,tt0397822,tt0215446,tt0388952
nm1000877	Fulgencio	\N	\N	actor	tt0082877
nm1000878	Daniele Fuscagni	\N	\N	production_manager,miscellaneous	tt0178132,tt0202072,tt0151734
nm1000879	Randy Fyjimori	\N	\N	actor	tt0165196
nm1000880	Teo Gabunia	\N	\N	art_director	tt0287568
nm1000881	Ricardo Gadelha	\N	\N	actor,director,writer	tt3583336,tt21906572,tt12438340,tt0287221
nm1000882	Stefan Gadularov	\N	\N	actor	tt0058277,tt0309661,tt0172766,tt0175772
nm1000883	Alex Gaistman	\N	\N	actress	tt0286132,tt0287503
nm1000884	Mareva Galanter	1979	\N	actress	tt0295736,tt0383216,tt0385716,tt0397603
nm1000885	Simona Galindo	\N	\N	actress	tt0082877
nm1000886	Craig Galka	\N	\N	editorial_department	tt0219126,tt1520498,tt0822858,tt0473453
nm1000887	Felipe Galindo	\N	\N	director,writer,animation_department	tt3002456,tt0287549,tt16766812
nm1000888	Deborah Galvez	\N	\N	special_effects,make_up_department,miscellaneous	tt0285531,tt0472043,tt6710474,tt0119051
nm1000889	Drea Gamalski	\N	\N	costume_department,costume_designer	tt0162945,tt0280424,tt0188830,tt0190052
nm1000890	Bob Gambardella	\N	\N	camera_department,art_department	tt2053463,tt1409024,tt0790712,tt0162677
nm1000891	Mabel Gan	\N	\N	director,writer,editor	tt12974518,tt0287384,tt3042598,tt12974698
nm1000892	Danny Gant	\N	\N	actor	tt0210075
nm1000893	Reynaldo Garcia	\N	\N	miscellaneous	tt0190590
nm1000894	Soren Garcia-Rey	\N	\N	miscellaneous,director,actor	tt0141098,tt0287978,tt0120591,tt0120655
nm1000895	Guillermo García Melendez	\N	\N	actor	tt0287432
nm1000896	David García Salazar	\N	\N	actor	tt0287432
nm1000897	Audrey Gardiner	\N	\N	actress	tt0319524,tt0324431,tt0103352,tt0271308
nm1000898	Syd Garon	\N	\N	animation_department,miscellaneous,visual_effects	tt1612776,tt0291559,tt1792621,tt1935156
nm1000899	Marina Garsevanishvili	\N	\N	actress	tt0830693,tt0287784
nm1000900	Silvia Garza Bermúdez	\N	\N	editorial_department	tt0245574
nm1000901	Cesar Garza	\N	\N	actor,art_department	tt0118688,tt3069234,tt3228848
nm1000902	Gerg Gassnesky	\N	\N	miscellaneous	tt0287707
nm1000903	Gastón	\N	\N	actor	tt0442522,tt0052783,tt3548656
nm1000904	Stu Gates	\N	\N		\N
nm1000905	Herbert Gehrke	\N	\N	art_department	tt0874740,tt0121027,tt0094422,tt0806901
nm1000906	Adrian Gendot	1914	1981	writer	tt0044257,tt0166467,tt0050051,tt0043232
nm1000907	Kevin Gendreau	\N	\N	visual_effects,writer,director	tt0318081,tt1047544,tt0257106,tt0329589
nm1000908	Oriol Genís	1950	\N	actor	tt0303021,tt1437358,tt0297174,tt0475464
nm1000909	Liza Gennatiempo	\N	\N	art_department,miscellaneous	tt0307466
nm1000911	Al Gerara	\N	\N	camera_department	tt0286592
nm1000912	Emil Gergov	\N	\N	transportation_department	tt0165854
nm1000913	Rafael Gertel	\N	\N	editor	tt1577502,tt0069658
nm1000914	Keith Gester	\N	\N	make_up_department	tt0107571
nm1000915	Heather Gettings	\N	\N	actress	tt0230169
nm1000916	Nandita Ghose	\N	\N	writer,director	tt0241383,tt0264970
nm1000917	Niamh Ní Ghrainne	\N	\N	assistant_director	tt0097937
nm1000918	Inga Gigauri	\N	\N	actress	tt0171080
nm1000919	Jeremy Gilbreath	\N	\N	assistant_director,producer,miscellaneous	tt0814314,tt1568346,tt1636826,tt0181852
nm1000920	Deborah Gilliland	\N	\N	writer	tt0078704,tt0046593
nm1000922	Shay Gines	\N	\N	actress	tt0361899,tt2860448,tt7184552,tt4679432
nm1000923	Gaétan Gingras	\N	\N	actor,writer	tt1144616,tt0116590,tt0119788
nm1000924	Isabelle Giordano	1963	\N	actress	tt4338268,tt4367654,tt5247544,tt0461248
nm1000925	Raffaele Giovagnoli	\N	\N	writer	tt0004022
nm1000926	Catherine Giovanelli	\N	\N	art_department	tt0821964,tt0112904
nm1000927	Mike Gizzy	\N	\N	miscellaneous	tt0110523
nm1000928	Rick Glassman	\N	\N	make_up_department	tt0137523,tt0383574,tt0325980,tt1298650
nm1000929	Leon Glavin	\N	\N	transportation_department	tt0165854,tt0181865,tt0240772,tt0496806
nm1000932	David F. Gluck	\N	\N	composer	tt1921126,tt0460582,tt0286462
nm1000933	Glaucia Glym	\N	\N	actress	tt0287432
nm1000934	Sylke Glöckner	\N	\N	actor	tt0806901
nm1000936	Goddess	\N	\N	actress	tt6599566,tt0287218
nm1000937	Colin Godfrey	\N	\N	camera_department	tt0287210,tt16250576
nm1000938	Josh Goforth	\N	\N	actor,camera_department,soundtrack	tt4160920,tt0210299
nm1000939	Guram Gogoberidze	\N	\N	actor	tt0843313,tt0283910,tt1268893
nm1000940	Argyris Gogolis	\N	\N	producer,production_manager	tt0457556,tt0287732
nm1000941	Kunal Gohil	\N	\N	editorial_department	tt0287185
nm1000942	Carolina González	\N	\N	actress	tt0082877
nm1000943	Paul Goodfellow	\N	\N	visual_effects,animation_department,producer	tt0146316,tt10820142,tt0209163,tt0283775
nm1000944	Dongrez Gor	\N	\N	visual_effects,editorial_department	tt0287185,tt1483565,tt7336778
nm1000945	Artur Gorishti	1962	\N	actor,director,writer	tt14137514,tt14171254,tt3950230,tt4557810
nm1000946	Giovanni Gorzano	\N	\N	writer	tt0133325
nm1000947	Zofia Grabowska	1902	1990	actress	tt0158633,tt0132188,tt0286325
nm1000948	Malgorzata Grabowska-Kozera	\N	\N	production_designer,costume_designer	tt6383608,tt1708533,tt1130862,tt4166142
nm1000949	John Kyle Grady	\N	\N	actor,miscellaneous,camera_department	tt1047801,tt2879482,tt2879412,tt3091166
nm1000951	Victor Granata	1967	\N	actor	tt0198417
nm1000952	Gregory P. Grant	\N	\N	director,writer,producer	tt0284364
nm1000953	Bente Graugaard	\N	\N	actress	tt0125760
nm1000954	Sherlee Graybill	1924	2001	actress	tt0038959
nm1000956	Savina Greene	\N	\N	miscellaneous	tt0258609,tt0189110,tt13074874,tt1756466
nm1000957	Nathan Greiss	\N	\N	camera_department	tt0130297
nm1000958	Isabelle Grellat	\N	\N	producer	tt4370784,tt0494977,tt0436546,tt5137222
nm1000960	Rose Groen	\N	\N	assistant_director,miscellaneous	tt0443977,tt0380098,tt0159876,tt0287427
nm1000961	Olivia Groves	\N	\N	actress	tt0245775
nm1000962	Cristiana Grumbach	\N	\N	writer,assistant_director,camera_department	tt0291611,tt2160085,tt0487711,tt0113760
nm1000963	Illich Guardiola	1972	\N	actor	tt1132203,tt1636780,tt0111056,tt0160521
nm1000964	Cesare Guarino	\N	\N	camera_department	tt8118950,tt1273204,tt7905506,tt1893195
nm1000966	Otis L. Guernsey Jr.	1918	2001	writer	tt0056796
nm1000967	Rafael Ma. Guerrero	\N	\N	writer,director,visual_effects	tt0196335,tt2097280,tt0159248,tt2095688
nm1000968	Odette Guillaume	\N	\N	actress	tt0260685,tt0259841
nm1000971	Blando Guisti	\N	\N	actor	tt0045179
nm1000972	Casey Gum	\N	\N	miscellaneous	tt0243832
nm1000973	Al Gunn	\N	\N	art_department	tt0111438,tt1381404,tt0970416,tt0120657
nm1000974	Kirsty Gunn	\N	\N	writer	tt0287645
nm1000975	Sh. Guramashvili	\N	\N	actor	tt0287559,tt0184075
nm1000976	Eka Guramishvili	\N	\N	editor	tt0128857
nm1000977	Juan Carlos Gustems	1960	\N	actor,miscellaneous	tt5614368,tt4136774,tt0283123,tt0302447
nm1000978	Hamish Guthrey	\N	\N	art_department,miscellaneous	tt0303110,tt0295249
nm1000979	Rafael Gutiérrez	\N	\N	actor	tt0082877
nm1000980	Gabby Guzman	\N	\N	actor	tt0210075
nm1000981	Javier Guzman	1977	\N	actor,writer,producer	tt0920448,tt6207286,tt1119662,tt0445070
nm1000982	Yiyo Guzman	\N	\N	actor	tt0210075
nm1000983	Alejandra Gárate	\N	\N	miscellaneous	tt0255467
nm1000984	Fabrice Gerardi	\N	\N	editor,sound_department,director	tt6006706,tt0298126,tt0400626,tt9303524
nm1000985	Ayten Gökçer	1940	\N	actress	tt0287285,tt1349617,tt0431157,tt0302214
nm1000986	Ali Güney	1956	2022	actor	tt0183784,tt0184052,tt5845572,tt0183801
nm1000987	Tayfun Güneyer	1971	\N	writer,director,actor	tt15441312,tt0287285,tt0470833,tt1428614
nm1000988	Tung Ha	\N	\N	actor	tt0286486,tt0257360
nm1000989	Carolin Haasis	\N	\N	producer,miscellaneous,script_department	tt13885592,tt4378376,tt5760392,tt5311542
nm1000990	Ginny Hack	\N	\N	actress,art_department	tt0287390,tt0409838
nm1000991	Gabriel Hacker	1982	\N	actor	tt0286713
nm1000992	Takis Hadjianagnostou	\N	\N	writer	tt2354881,tt0145415,tt0252826,tt0810630
nm1000993	Julie Hagblom	\N	\N	actress	tt0078370
nm1000994	Mies Hagens	1916	2019	actress	tt0070072,tt0472215,tt6757054
nm1000995	Richard 'Skip' Hahn	\N	\N	camera_department,music_department	tt0250485,tt0263905,tt0188859,tt0243595
nm1000996	Rich Hairston	\N	\N	stunts	tt0078370
nm1000997	Vlasta Hajkova	\N	\N	make_up_department,miscellaneous	tt0084721,tt0086879,tt0063844,tt0083162
nm1000998	Kostas Halkias	\N	\N	writer,actor	tt0288773,tt0289523,tt0256255,tt1320410
nm1000999	Layla Hamadah	1951	\N	actress	tt0077751,tt0327682,tt21308322,tt2302625
nm1001000	Roger Hamblin	\N	\N	actor	tt0078370
nm1001001	Elemér Hankiss	1928	2015	writer,script_department	tt0264122,tt2230603,tt0287214
nm1001002	Julian Hanschke	1985	\N	actor	tt0244361
nm1001003	Rose Harkin	\N	\N	miscellaneous	tt0112904
nm1001004	Holly Harkness	\N	\N	actress	tt0078370
nm1001005	Sebastián Haro	1964	\N	producer,actor	tt9845564,tt0457430,tt8094444,tt0450951
nm1001006	Lynn Harris Taylor	\N	\N	producer,director	tt0287326,tt4175658
nm1001007	Clayvon C. Harris	\N	\N	writer,miscellaneous	tt0106056,tt0112178,tt0137302,tt0187636
nm1001009	Woodrow Harrison	\N	\N	camera_department	tt0118181
nm1001010	Marjan Harten	\N	\N	actress	tt0060774
nm1001011	Kaori Harukawa	\N	\N	actress	tt6728564,tt0287751
nm1001012	Takaaki Hashiguchi	\N	\N	director,assistant_director,writer	tt2667652,tt1073123,tt1076821,tt3205208
nm1001013	Julien Hasselin	\N	\N	actor	tt0266316
nm1001015	Nia Hatsopoulos	\N	\N	actress,producer,production_manager	tt0179653,tt0481301,tt1490602,tt1754257
nm1001016	Kyriakos Hatzimihailidis	\N	\N	producer,production_manager,actor	tt1575698,tt1710515,tt15834452,tt1511386
nm1001017	Mark Haverlu	\N	\N	casting_department	tt0151734
nm1001018	Noor Hawa	\N	\N	make_up_department	tt0131566,tt0242888
nm1001019	Shin Hayasaka	\N	\N	cinematographer,camera_department,producer	tt1899117,tt0399102,tt0860516,tt1664763
nm1001020	Shiori Hayase	\N	\N	actress	tt0287286
nm1001021	Drew Hayes	\N	\N	miscellaneous,production_manager	tt0268126,tt0202748,tt0112066,tt0112206
nm1001022	LeeAnna M. Hayes	\N	\N		\N
nm1001023	Lionel Hebert	\N	\N	camera_department,miscellaneous	tt0228180,tt0264811,tt0375210,tt1072754
nm1001024	Martin Heijnekamp	\N	\N	actor	tt0051112
nm1001025	Jarmo Heikkinen	1950	\N	director,actor,writer	tt1612024,tt13074660,tt2375317,tt1059230
nm1001026	Jere Heimonen	\N	\N	actor	tt0091412
nm1001027	Judy Heinzen Culotta	1973	\N	location_management,miscellaneous	tt0270288,tt0405336,tt1190080,tt0250687
nm1001029	Cindy Heng	\N	\N	assistant_director,producer,production_manager	tt0131566,tt0206501,tt0454662
nm1001030	Ellis Henican	1958	\N	actor,writer	tt0865409,tt3593664,tt0278877,tt5087514
nm1001031	Wally Henkel	\N	\N	art_department	tt0234652,tt0239728
nm1001032	Dave Henneberry	\N	\N	art_department	tt0285531,tt0240515,tt0239949,tt0120670
nm1001033	L.P. Herbert	\N	\N	actor	tt0043251
nm1001034	Monika Herbichová	\N	\N	actress	tt0287527,tt0098720,tt9397566,tt0095463
nm1001035	Anja Herden	1970	\N	actress	tt0457716,tt0806910,tt6593706,tt0349686
nm1001036	Marjan Heremans	\N	\N	actress	tt0073635,tt0070072
nm1001037	Elke Hering	\N	\N	actress	tt0069117
nm1001038	Antonio Hernández Gallardo	\N	\N	actor	tt0287432
nm1001039	Juan Hernández Ruiz	\N	\N	actor	tt0287432
nm1001040	Julián Hernández	\N	\N	writer,director,editor	tt0783695,tt0222023,tt1149604,tt0358590
nm1001041	Cristina Herraiz	\N	\N	actress	tt0082877
nm1001042	Christie Herring	\N	\N	producer,editor,director	tt14207646,tt0287789,tt2411554,tt2411684
nm1001043	Miguel Ángel Herros	\N	\N	producer,director,cinematographer	tt1192302,tt1130799,tt0398544,tt0404642
nm1001044	Monique Hesson	\N	\N	actress	tt0192011
nm1001045	Wim Heussen	\N	\N	actor	tt0077907
nm1001046	Stefan Hiegemann	\N	\N	camera_department	tt0870984,tt1571222,tt0976051,tt0280974
nm1001047	Sandy Hillman	\N	\N		\N
nm1001048	Hiroki Hirakawa	\N	\N	director,writer,producer	tt9804280,tt9793238,tt9723376,tt2301332
nm1001049	Brad Hisey	\N	\N	miscellaneous	tt0160236
nm1001050	Sky Hixon	\N	\N	actor	tt0056577
nm1001051	Ho-Cheung Pang	1973	\N	writer,producer,director	tt0380291,tt1407972,tt0499141,tt1602479
nm1001052	Mark Hodgkins	\N	\N	visual_effects	tt2660888,tt1979320,tt0401729,tt0370263
nm1001053	Charlotte Hobrough	1976	\N		tt0297751,tt0222560,tt0283799,tt0103363
nm1001054	Eve Holding	\N	\N		tt0283799
nm1001055	Sonia Holleyman	\N	\N	writer,music_department	tt0163986,tt0262972
nm1001056	János Hollós	1959	\N	assistant_director,director	tt0111341,tt0095475,tt0092143,tt0264139
nm1001057	Jay Jay Hooke	\N	\N	location_management	tt0131566
nm1001059	Edwin Hopson	\N	\N	miscellaneous	tt0164318,tt0160236
nm1001060	Van Horneff	\N	\N	producer	tt0119622
nm1001061	Tarrah Horner	\N	\N	miscellaneous	tt0165196
nm1001064	Andreas Horstmann	\N	\N	art_department,set_decorator	tt2987732,tt0372183,tt1401152,tt1188729
nm1001065	Jean-Marie Houdoux	\N	\N	assistant_director	tt0243616
nm1001066	Ray Hough	\N	\N	producer,editor,director	tt4332440,tt4474648,tt1589839,tt0287258
nm1001067	Jaroslav Hovorka	\N	\N	miscellaneous	tt0244479
nm1001068	Josef Hrabusicky	1948	1988	art_department,miscellaneous,production_designer	tt0261100,tt0401983,tt0232475,tt0086879
nm1001069	Irena Hrubá	\N	\N	actress	tt0110821,tt0287361,tt12807546,tt1940966
nm1001070	Marco Antonio Huerta	1978	\N	writer,producer,director	tt0299742,tt0245574,tt0305554,tt3108822
nm1001071	Salvador Huerta	\N	\N	actor	tt0287658
nm1001072	Paul Huf	1924	2002	actor,location_management	tt1371715,tt0051171,tt0051552,tt0108923
nm1001073	Paul Charles Huguenot van der Linden	\N	\N	director	tt0287335
nm1001074	Blanka Huniar	\N	\N	make_up_department	tt6506286,tt0168441,tt0254039,tt0806910
nm1001075	Suzy Hunt	\N	\N	actress	tt0286631,tt0088612,tt3980642,tt0057731
nm1001076	Howard Huntley	\N	\N	transportation_department	tt0364343,tt1126590,tt0329101,tt0310357
nm1001077	Barry Hurd	1949	\N	producer	tt0287228
nm1001078	Su Hurrell	\N	\N	miscellaneous,writer	tt0373533,tt0289832,tt0435942,tt0287203
nm1001079	Ragaa Hussein	1937	2022	actress	tt9041812,tt5461168,tt5579382,tt0098293
nm1001080	Kyuzo Hyashiya	\N	\N	actor	tt0287551
nm1001081	Jay Hyde	\N	\N	production_manager,miscellaneous	tt0040614
nm1001082	Janor Hypercleats	\N	\N	actor	tt0829121,tt0134291,tt2114006
nm1001083	Berke Hürcan	1972	\N	actor	tt2118730,tt0845088,tt3463014,tt0272142
nm1001084	Viviana Iciar	\N	\N	actress	tt0082877
nm1001085	Songodina Ifatunji	\N	\N	writer	tt0103174
nm1001086	Rosey Igglesden	\N	\N	editor,editorial_department	tt3641940,tt1749840,tt1029216,tt1723624
nm1001087	Ediala Iglesias	\N	\N	writer	tt0286410
nm1001088	Yukio Kitazawa	1953	\N	director,writer,editor	tt0287584,tt2993590,tt3350492,tt4016606
nm1001089	Mitsutaka Ikeda	\N	\N	actor	tt0284911,tt0228973,tt3388122,tt0287513
nm1001090	Margarita Ilieva	\N	\N	actress	tt0172766
nm1001091	Hilda Iliopoulou	\N	\N	actress	tt11042448,tt0220275,tt0287320,tt1376437
nm1001092	Francisca Imboden	1971	\N	actress	tt1534615,tt0242231,tt1500561,tt1027890
nm1001093	Lasha Imedashvili	\N	\N	writer	tt0287784,tt0287568,tt4819950,tt0471225
nm1001095	Ike Inan	\N	\N	actor	tt0287587
nm1001096	Armando Infante	1955	\N	actor	tt0391939,tt0287658,tt0385914,tt3477120
nm1001097	Hiromichi Inoue	\N	\N	producer	tt0326071,tt0199094
nm1001099	Makoto Ishiwara	\N	\N	actor	tt0287519
nm1001100	Yûdai Ishiyama	1941	\N	actor	tt0117615,tt0377079,tt0188340,tt0327002
nm1001101	Sener Isik	1949	2006	cinematographer,camera_department,actor	tt8841748,tt8523286,tt14302500,tt14865410
nm1001102	Nurhalim Ismail	\N	\N	director	tt0287623
nm1001103	Ari Issler	\N	\N	camera_department,cinematographer,producer	tt1645080,tt5462602,tt3165612,tt4250438
nm1001104	Reuben Istatia	\N	\N	actor,stunts	tt0213127
nm1001105	Naomi Ito	\N	\N	actress	tt0287652,tt0296374,tt0080335
nm1001106	Utaka Ito	\N	\N	actress	tt0286484,tt0292841,tt0324368
nm1001107	Traiko Ivanov	\N	\N	production_manager	tt0107992,tt0074960,tt0355782
nm1001108	Yuri Izumi	1946	\N	actress	tt0203721,tt8722428,tt7294206,tt0202933
nm1001109	Gary Jackson	\N	\N	miscellaneous	tt0110523
nm1001110	Dimitri Jacquet	\N	\N	actor	tt0151902
nm1001111	Krystyna Jagiello	\N	\N	writer	tt0287346
nm1001113	M. Jakowitsch	\N	\N	cinematographer	tt0153037
nm1001114	Adriena Jakubovicová	\N	\N	actress	tt0287361
nm1001115	Michèle Jallet	\N	\N	actress	tt0270733
nm1001116	Hak-gyo Jang	\N	\N	writer	tt0287583,tt0488726
nm1001117	Johny Janjalashvili	\N	\N	actor	tt0287568
nm1001123	Duncan Jepson	\N	\N	producer,director,writer	tt2562646,tt0278674,tt0383388,tt2562592
nm1001124	Dave Jeser	\N	\N	producer,writer,miscellaneous	tt2497834,tt4465368,tt0386180,tt0307716
nm1001125	Matthew Jewett	\N	\N	miscellaneous,legal	tt0264150
nm1001126	Anshumali Jha	\N	\N	miscellaneous	tt0287185
nm1001127	María Jiménez Andrade	\N	\N	actress	tt0082877
nm1001128	Félix J. Velando	\N	\N	writer,production_designer	tt22325164,tt1153059,tt0433721,tt1847905
nm1001129	Jin Lim	\N	\N	art_department,art_director,miscellaneous	tt8851346,tt0287263,tt1759310,tt0113553
nm1001131	Mikheil Joffe	\N	\N	actor	tt0287561
nm1001132	Johannes O. Johannesen	\N	\N	actor,production_manager	tt0050364,tt11646970
nm1001133	Su Johari	\N	\N	art_department	tt0131566
nm1001135	D.K. Jones	\N	\N	composer	tt0134291
nm1001136	Julie Della Jones	\N	\N	miscellaneous	tt0118688
nm1001137	Zaza Jorbenadze	\N	\N	director,writer,art_director	tt0107189,tt0325914
nm1001138	Gunilla Josephson	\N	\N	director	tt0287473
nm1001140	Sofia Joskowicz	\N	\N	actress	tt0066877,tt0066272,tt0325969,tt0229450
nm1001141	Sebastien Juanico	\N	\N	miscellaneous,actor	tt0901687,tt0285601,tt0287447
nm1001142	Mariko Jun	\N	\N	actress	\N
nm1001143	Masumi Jun	\N	\N	actress	tt0287553,tt2393940,tt0287456,tt0287551
nm1001144	Abel K.	\N	\N	editor	tt0286592
nm1001145	Erika Kaestle	\N	\N	producer,writer,miscellaneous	tt1942919,tt2996052,tt4488724,tt1415889
nm1001147	Nodar Kalandadze	\N	\N	actor	tt0287566
nm1001148	Tamar Kalfayan	\N	\N	actress	tt0245775
nm1001149	Stelios Kalogeropoulos	\N	\N	actor	tt0287257,tt11083598,tt1555874,tt9898496
nm1001150	Kaluri	\N	\N	actor	tt0287293
nm1001151	Misa Kamijo	\N	\N	actress	tt0287494
nm1001152	Shariza Kamil	\N	\N	producer,director,editor	tt0278674,tt2055752,tt4971358,tt15783396
nm1001154	Ovets Kanursky	\N	\N	director	tt0131209
nm1001155	Bruce Eric Kaplan	\N	\N	producer,miscellaneous,writer	tt10971064,tt0111932,tt1723816,tt0248654
nm1001156	Sofia Karakasheva	\N	\N	actress	tt0312554,tt0172322
nm1001158	Refik Halid Karay	1888	1965	writer	tt0329428,tt0279618,tt0279451,tt14793248
nm1001159	Ruth Karge	\N	\N	costume_designer	tt0821065,tt0806901
nm1001160	Niniek L. Karim	\N	\N	actress	tt1507309,tt7013254,tt1122863,tt2404241
nm1001161	Dimitri Karystinos	\N	\N	actor	tt0235981,tt0190890,tt0136527,tt0184436
nm1001162	Shojiro Kasai	\N	\N	writer	tt0287205
nm1001163	Yoko Kashiyama	\N	\N	actress	tt0287688,tt2540240
nm1001164	Sherrie Ann Kasner	\N	\N	costume_department	tt0109548
nm1001166	Kathi	\N	\N		tt0283801
nm1001167	Kozue Katori	\N	\N	actress	tt0287454,tt0142921,tt0063392,tt0294911
nm1001169	Kayla Kawai	\N	\N	actress	tt8571298,tt0165196
nm1001171	Okan Kayam	\N	\N	actor	tt0287733
nm1001172	Pearl May Kearns	\N	\N	miscellaneous	tt0033369
nm1001173	Pope Sternodox Keckhaver	\N	\N		tt7007520,tt0134291
nm1001174	Josée Kedzierski	\N	\N	costume_department,miscellaneous	tt0119152,tt0160236,tt0281373
nm1001175	Pamela Keevil Kral	\N	\N	actress	tt0286336,tt0092465,tt9901232
nm1001176	Rumyana Kefirova	\N	\N	actress	tt0172766
nm1001178	Chim Kem	\N	\N	actor	tt0159555
nm1001179	Somchai Kemglad	\N	\N	actor,director	tt3904848,tt1276963,tt1190556,tt18990100
nm1001180	Lamont Kencierski	\N	\N	special_effects	tt0107571
nm1001181	Nitin Keni	\N	\N	producer,miscellaneous,executive	tt1345836,tt5165344,tt2350496,tt1618442
nm1001182	Hank Kentop	\N	\N	art_department	tt0081400,tt0079588
nm1001183	Irene Keogh	\N	\N	music_department	tt0097937
nm1001184	Edu Kettunen	1961	\N	soundtrack,composer,actor	tt0965400,tt0241874,tt0102490,tt0117935
nm1001185	Tamta Khalvashi	\N	\N	actress	tt0107189
nm1001186	Nadezda Kharadze	\N	\N	actress	tt0171080
nm1001187	Victor Kicken	\N	\N	actor	tt1149621,tt0053421,tt0051992,tt0053766
nm1001188	Stefan Kiedrzynski	1888	1943	writer	tt0924242,tt0032163,tt0949525,tt0896573
nm1001189	Cláudio Kieffer	\N	\N	composer	tt0286410
nm1001190	Valery Kienreich	\N	\N	camera_department	tt0191177,tt0278878
nm1001191	Josef 'Killy' Kendlbacher	\N	\N		tt0283801
nm1001192	Su Young Kim	\N	\N	actor	tt0094574,tt0162041
nm1001193	Kim Seon-a	1975	\N	actress,producer	tt3184724,tt3754322,tt0381711,tt0477524
nm1001194	Josh Kimmel	1978	\N	talent_agent,actor,producer	tt2274492,tt1493054,tt0164184
nm1001195	Emre Kinay	1970	\N	actor	tt0402158,tt0834023,tt0287285,tt0416854
nm1001196	Ingelore Kindt	\N	\N	make_up_department	tt0092389,tt0806901,tt0121027,tt0108777
nm1001197	Duncan Kinnaird	1966	\N	visual_effects,special_effects,art_department	tt1386703,tt1441395,tt0470752,tt0384766
nm1001198	Otto Kinzer	\N	\N	production_designer,art_department,art_director	tt0135831,tt0388679,tt0490021,tt0797963
nm1001199	Matt Kippen	\N	\N	writer,producer,actor	tt1105316,tt5912064,tt0427470,tt0492044
nm1001200	Dimi Kireeff	1964	\N	sound_department,music_department,composer	tt0356490,tt1890101,tt0140656,tt4183372
nm1001203	Karen Kittleson	\N	\N	miscellaneous	tt0325980,tt0449088,tt1298650,tt1790809
nm1001204	Hirosuke Kizaki	\N	\N	production_designer	tt0254950
nm1001205	Sophie van Kleef	\N	\N	actress	tt0061909
nm1001206	Sornsutha Klunmalee	\N	\N	actor	tt3223990,tt9787140,tt1442486,tt0282658
nm1001207	Ruth Knaggs	\N	\N	miscellaneous	tt0319063,tt0286989,tt0188674,tt0280770
nm1001208	Janni de Knegt	\N	\N	actress	tt0061909,tt1042465
nm1001209	Kaja Knies	\N	\N	actress	tt0066850
nm1001210	Marc Koetsveld	\N	\N	actor	tt0071117
nm1001211	Feliks Kogan	\N	\N	actor	tt0372449,tt0287566
nm1001212	Fie Kohler	\N	\N	actress	tt0031669,tt0026584
nm1001213	Jirô Kokubu	1944	1983	actor	tt0147349,tt5575736,tt10038296,tt8059080
nm1001215	Marilyn Kopansky	\N	\N	miscellaneous	tt0208988,tt0245674,tt0455967,tt0304669
nm1001216	Stefan Kortenski	\N	\N	actor	tt0171213,tt0172766
nm1001218	Lili Koshashvili	\N	\N	actress	tt0287471
nm1001219	Wolfgang Kostal	\N	\N	actor	tt0415855,tt0228536
nm1001220	Jayne Kostick	\N	\N	editorial_department,script_department	tt0079406,tt0097230
nm1001222	Natasha Kotsovou	\N	\N	actress	tt15156760,tt0287320,tt1161016,tt0491739
nm1001223	Josef Koudelka	1938	\N	actor,camera_department	tt0045575,tt5495616,tt19226434,tt0081730
nm1001224	Dimitri Koulouras	\N	\N	location_management	tt0279555
nm1001225	Vichit Kounavudhi	1922	1997	writer,director,editor	tt0292050,tt9174490,tt0287539
nm1001226	Mayumi Kousoka	\N	\N	actress	tt0287205
nm1001227	Anastasiya Kovacheva	\N	\N	actress	tt0175507
nm1001228	Noriko Koyanagi	\N	\N	producer	tt1728196,tt5483158,tt0205963,tt0451845
nm1001229	Ulla Kraus	\N	\N	costume_department,costume_designer	tt0806910,tt0277703,tt0881916,tt0130757
nm1001230	Courtney Krause	\N	\N	actress	tt0210075
nm1001231	Yochanan Kredo	\N	\N	producer,assistant_director,production_manager	tt1198153,tt4744372,tt1814346,tt5466186
nm1001232	Marie Kreutzer	1977	\N	director,writer,script_department	tt11992694,tt1815673,tt3660378,tt7902124
nm1001233	Nalini Krishan	1977	\N	actress,producer,miscellaneous	tt13455748,tt15560810,tt2496488,tt0211634
nm1001234	Linda Krogsøe Holmberg	1969	\N	production_manager,producer,director	tt13368176,tt0386835,tt0369433,tt0287771
nm1001235	Magdalena Kropiunig	1977	\N	actress	tt7734738,tt1560750,tt1173745,tt0281202
nm1001236	Leszek Krzyzanski	1928	2014	cinematographer,camera_department	tt0175043,tt0173237,tt1024725,tt1024228
nm1001238	Sapir Kugman	\N	\N	actress	tt0287471
nm1001239	Kuki	\N	\N	actress	tt0052783
nm1001240	Vanita Omung Kumar	\N	\N	writer,art_department,production_designer	tt6265988,tt3001638,tt9614468,tt0248216
nm1001241	Kurara	\N	\N	actress	tt0287679
nm1001242	Noriko Kurosawa	1947	\N	actress	tt13484062,tt0223782,tt0228676,tt0287482
nm1001243	Kushboo	1970	\N	producer,actress,writer	tt0276224,tt0082594,tt2063749,tt0306645
nm1001245	Magda Kutková	1966	\N	actress	tt0287361
nm1001246	Borislava Kuzmanova	\N	\N	actress	tt0246935,tt0172766,tt0236761
nm1001247	Oleg Kuzovkov	\N	\N	writer,producer,director	tt6388374,tt7148486,tt0287547,tt1884856
nm1001248	Monika Foris Kvasnicková	1969	\N	actress,writer	tt0091356,tt0494841,tt0248644,tt5977276
nm1001249	Roy Kwalk	\N	\N	camera_department,actor,assistant_director	tt0267414,tt0311866,tt0212867,tt0202267
nm1001250	Bobby Mickey Kwan	\N	\N	art_director	tt0213127
nm1001251	Bob Kyholm	\N	\N	actor	tt0078370
nm1001252	Susi Köppen	\N	\N	actress	tt0092213
nm1001253	Axel Küffe	\N	\N	actor	tt0234044,tt0288098,tt0806910
nm1001254	Katharina Küster	\N	\N	writer	tt0207932
nm1001255	Ferran Lahoz	1957	\N	actor	tt0361862,tt3863542,tt0297174,tt6500354
nm1001256	Ming La	\N	\N	stunts	tt0287691
nm1001258	Marcus LaSalle	\N	\N	actor	tt0120588
nm1001259	Mait Laas	1970	\N	director,writer,producer	tt0454883,tt2630316,tt0287748,tt1585557
nm1001260	Manon Labreque	\N	\N	miscellaneous	tt0278514
nm1001261	Ester Lacava	\N	\N	actress	tt1104028,tt0287221
nm1001262	Faro Lacueva	\N	\N	actor	tt0247840,tt0283123
nm1001263	Charles Lafaurie	\N	\N	writer	tt0191905
nm1001264	Juan Lagardenia	\N	\N	actor	tt0338623,tt0283601
nm1001265	José Lago	\N	\N	actor,costume_designer,production_designer	tt0082877
nm1001268	Hiro Lam	\N	\N	miscellaneous	tt1300854,tt0190590
nm1001269	Marie-Astrid Lamboray	\N	\N	producer,production_manager	tt0868511,tt0284573,tt0261800,tt0217172
nm1001270	Lora Laing	\N	\N	make_up_department,costume_department	tt1542344,tt0401729,tt7784604,tt8772262
nm1001271	Filip Langenbick	\N	\N	miscellaneous	tt0129114
nm1001272	Nicki La Rosa	\N	\N	miscellaneous,visual_effects,camera_department	tt0313285,tt0486822,tt0234215,tt0242653
nm1001273	Allan Maclaren	1915	1959	actor	tt0050364
nm1001274	Leonardo Lassance	\N	\N	assistant_director	tt0210314
nm1001276	Wai-Keat Lau	\N	\N	actor	tt0146316,tt0379240
nm1001277	Thomas Lavelle	\N	\N	art_department,cinematographer	tt2679552,tt0112904,tt0416508,tt5932728
nm1001278	Al Lay	\N	\N	music_department,sound_department,actor	tt0175059,tt0256278,tt0275849,tt0203247
nm1001279	Sheldon Lazarus	\N	\N	producer,writer,miscellaneous	tt14402604,tt1395384,tt2322090,tt0287321
nm1001280	Marie Le Bars	\N	\N	editorial_department,editor	tt0028888,tt0036575,tt0031309,tt0161836
nm1001281	Fred Leal	1982	\N		\N
nm1001282	Phillip Leavens	\N	\N	visual_effects	tt0286713
nm1001283	Lele Ledwaba	\N	\N	actress	tt0956080,tt1869138,tt2395427,tt2652092
nm1001284	DeWayne Bruce	1962	\N	actor	tt11193150,tt0185130,tt0192931,tt0251469
nm1001287	Sjef van Leeuwen	1918	1986	actor,director	tt0476714,tt0056321,tt0057645,tt0179026
nm1001288	Jaroslav Lehman	1943	\N	art_department,miscellaneous,set_decorator	tt0078054,tt0120681,tt0086879,tt0108211
nm1001289	Tomaz Lehpamer	\N	\N	producer,production_manager,director	tt5046672,tt1141426,tt0283509,tt1104037
nm1001290	Chus Leiva	\N	\N	actress	tt11892272,tt0297174,tt4964788,tt7690762
nm1001291	Bachi Lejava	\N	\N	actor	tt0287568,tt6722972,tt0325163
nm1001292	Gjeto Leka	1922	1988	writer	tt0296155,tt0295804,tt0287765
nm1001293	Odie Lemire	\N	\N	actress	tt0043251
nm1001294	Wong Chun Leong	\N	\N	cinematographer,camera_department	tt2023484,tt0131566,tt1512689
nm1001295	Knut Lempio	\N	\N	production_designer,set_decorator,costume_designer	tt0806901,tt0121027,tt0250153,tt1772815
nm1001296	Corinne Lesage	\N	\N	editorial_department,editor	tt0245834,tt0288167,tt0116932,tt0216834
nm1001297	Herbert Leslie	\N	\N	actor	tt0030863
nm1001298	Barbara Levstik	1950	2009	actress	tt0174058,tt0171696,tt20446162,tt0281202
nm1001299	Noufal Lhafi	\N	\N	actor	tt0250713,tt0233203
nm1001300	Seiran Li	\N	\N	actress	tt0287308
nm1001302	Christiane Lilge	1975	\N	director,writer,script_department	tt0841182,tt3552348,tt1371584,tt0287562
nm1001303	Max Limeuil	\N	\N	production_manager	tt0204481
nm1001304	Ramón Limón Pérez	\N	\N	actor	tt0287432
nm1001305	Malin Lindegreen	1932	\N	actor,writer	tt0332544,tt0287440
nm1001306	Pierre Linzbach	\N	\N	production_designer,art_director	tt0328817,tt0206210,tt0160667,tt0187181
nm1001307	Franziska Lippert	1977	\N	actress	tt0108985,tt0432231,tt0111884,tt0189637
nm1001309	Antonio Liverani	\N	\N	production_designer	tt0106503
nm1001310	Live	\N	\N	soundtrack,composer,actor	tt0114857,tt1007028,tt0209163,tt0232500
nm1001311	Vicki Liviakis	\N	\N		tt0382413,tt0106005,tt11447526,tt0287206
nm1001312	Gaetano Lizzio	1976	\N	actor,miscellaneous	tt2121789,tt3113826,tt0920489,tt0465188
nm1001314	Liz Lobato	1967	\N	actress,producer,director	tt2133207,tt1920883,tt1414221,tt6693154
nm1001315	Madeline Lockwood	\N	\N	actress	tt0286713
nm1001316	Sarah Lockwood	\N	\N	visual_effects	tt0206634,tt0296572,tt0311429,tt0146316
nm1001317	Giampaolo Loddo	\N	\N	actor	tt6156272,tt14859874,tt0287356,tt1565773
nm1001318	Z. Lokman	\N	\N	director,actor,writer	tt9515704,tt1932752,tt1849196,tt1885366
nm1001319	Alberto Carlo Lolli	1876	\N	director	tt0922904,tt0922993,tt0794312,tt1175241
nm1001320	Kiersty Lombar	\N	\N	actor	tt0243832
nm1001321	Navar Lombardi	\N	\N	actor	tt0159323
nm1001323	Toby Longin	\N	\N	art_department	tt0166175,tt0120185,tt0112966,tt0131566
nm1001324	Chan Man Loon	\N	\N	production_designer	tt0278674
nm1001326	Samara Losada	\N	\N	actress	tt0194283
nm1001327	Grzegorz Loszewski	1964	\N	writer,miscellaneous,actor	tt0287597,tt0480163,tt1927068,tt15538962
nm1001328	Nana Lortkipanidze	\N	\N	actress	tt0848477,tt0843246,tt5791536,tt0793943
nm1001329	Loukia	\N	\N	costume_designer	tt2246839,tt0287259
nm1001330	Gabriella Lucarelli	\N	\N	location_management	tt0151734
nm1001331	Wesley Luck	1935	1969	actor	tt0037594
nm1001332	Robert Lukacs	1964	\N	visual_effects,miscellaneous	tt0242423,tt0362227,tt0133152,tt0250797
nm1001333	Csilla Lukacs-Molnar	\N	\N	actress	tt0204700
nm1001334	Paul Lukaitis	\N	\N	production_manager,location_management,actor	tt1306980,tt0369226,tt0431021,tt0460780
nm1001335	Kyle Lundberg	\N	\N	producer,miscellaneous,executive	tt0297885,tt0286947,tt1097643,tt0417907
nm1001336	Martin Lundsten	\N	\N	actor	tt0173284
nm1001337	Eugene Luotto	\N	\N		\N
nm1001338	Mark Lupino	1889	1930	actor	tt3677202,tt3706194,tt0018056
nm1001339	Alheid Lupp	\N	\N	costume_designer	tt0806910,tt1079446,tt0075522,tt0092305
nm1001340	Rana Luque	\N	\N	actress	tt0287643
nm1001341	Ianine Lusker	\N	\N	art_department	tt0160236,tt0219408
nm1001343	Virginia López de Garayo	\N	\N	actress	tt0082877
nm1001344	Leobardo López	\N	\N	miscellaneous	tt0287432
nm1001345	Mohan Raja	1974	\N	writer,director,actor	tt4987556,tt1382339,tt7019820,tt0459449
nm1001346	Jitender Reddy M.P.	\N	\N	producer	tt0281346,tt0231765
nm1001348	Sarah MacKenna	\N	\N	location_management	tt0131566
nm1001351	Masanori Machida	\N	\N	actor	tt0182647,tt0184169,tt18884384,tt0061550
nm1001352	Pam Mack	\N	\N	actress	tt0258854,tt2805096,tt1125275,tt5069130
nm1001353	Mia Maessen	\N	\N	actress	tt0051992,tt0053766
nm1001354	Mikheil Magalashvili	\N	\N	cinematographer,actor	tt0128857,tt1833008,tt0281158,tt0471403
nm1001355	Fred Mah	1930	1997	actor	tt0037594
nm1001356	Anand Mahendra	\N	\N	producer,miscellaneous	tt0190590,tt0390729
nm1001357	Abdalla Mahmoud	1959	2005	actor	tt0083113,tt0166486,tt0115477,tt1527202
nm1001358	Napo Majeane	\N	\N	actress	tt0215841
nm1001359	Tamar Makashvili	\N	\N	actress	tt0848444,tt0287568,tt1830618,tt4819950
nm1001360	Abdulaziz Makhyoon	1943	\N	actor	tt0461927,tt2605500,tt10503934,tt1323019
nm1001361	Petr Makovicka	1951	\N	assistant_director	tt0091976,tt5815494,tt0086879,tt0176286
nm1001362	Niko Malazonia	\N	\N	actor	tt0171080
nm1001363	Liba Malerova	\N	\N	costume_department	tt0183790,tt0970452,tt0443543,tt0370263
nm1001364	Paul Malinowski	\N	\N	composer,music_department,sound_department	tt0924136,tt8567226,tt0117057,tt8444520
nm1001365	Anthea Mallinson	\N	\N	costume_department,animation_department,miscellaneous	tt0417148,tt0357277,tt0296572,tt0120657
nm1001366	Kahsmir Mamer	\N	\N	actor	tt0157197
nm1001367	Herminia Mancini	\N	\N	actress	tt0184875,tt0184612,tt0184887,tt0308005
nm1001368	Domenico Mangogna	\N	\N	art_department,production_manager	tt0393476,tt0135740,tt0203110,tt0087088
nm1001369	Maurício Manieri	1970	\N	soundtrack,composer,actor	tt1409934,tt0286320,tt0220944,tt0310419
nm1001370	Julie Mankoswski	\N	\N	producer	tt0245775
nm1001372	Dustin C.C. Manning	\N	\N	actor,director,writer	tt0312286,tt5762768,tt0389359,tt0287619
nm1001373	Hadrien Mansour	\N	\N	actor	tt0181310
nm1001374	Christos Mantakas	\N	\N	actor,miscellaneous	tt1344098,tt0287320,tt0387823,tt0257624
nm1001376	Jack Manuel	1927	2016	actor,miscellaneous	tt4081984,tt4926444,tt0287190,tt4711082
nm1001377	Eric-Paul Marais	\N	\N	writer	tt0381749,tt2563792,tt4610750,tt10151988
nm1001378	Massimo Marciani	\N	\N	miscellaneous,production_manager,assistant_director	tt0147530,tt2929956,tt0135026,tt0071135
nm1001379	Anna Marfessinis	\N	\N	art_director,production_designer	tt0482044,tt0391585,tt0283123
nm1001380	Anne Marie Michel	\N	\N	actress	tt0279902
nm1001381	Joanydka Mariel	\N	\N	actress	tt0288876,tt0287290,tt0211865,tt2280066
nm1001382	Eugenio Nicola Marinelli	1955	\N	actor,miscellaneous	tt0204098,tt0076564,tt8222408,tt0086779
nm1001383	Lotte Mariën	\N	\N	actress	tt0235139,tt0149534,tt0379609,tt2981372
nm1001384	Cynthia Markins-Dieden	\N	\N	assistant_director,production_manager	tt0221431,tt0210075
nm1001385	Sárka Vondrová	1967	\N	actress	tt0287361,tt11269180,tt7058158,tt0494063
nm1001386	Joel David Markwell	\N	\N	actor	tt0150522
nm1001387	Darren Marlatt	\N	\N	location_management	tt0234652,tt0281788,tt0279037,tt0239728
nm1001388	Laurette Marlu	\N	\N	actress	tt0052783
nm1001389	Philippos Marmoutas	\N	\N	visual_effects,producer	tt0287320,tt0378897,tt0245013,tt4991590
nm1001390	Piero Marsili-Libelli	\N	\N	actor,camera_department	tt0112743,tt0117959,tt0406447,tt0151734
nm1001391	Luc Martin-Gousset	\N	\N	producer	tt1052036,tt14318912,tt3945988,tt1314804
nm1001392	Marta Martín Moreno	\N	\N	actress	tt0082877
nm1001393	Millo Marucci	\N	\N	actor	tt0045179
nm1001394	Elena Marugán	\N	\N	actress	tt0082877
nm1001395	Akira Mashiba	\N	\N	actor	tt0287697
nm1001396	Roseanne Massa	\N	\N	actress	tt0153882
nm1001397	Lacrita Massix	\N	\N	actress	tt0343426,tt0204700
nm1001398	Angeline Massoni	\N	\N	production_manager,actress,producer	tt16953666,tt5304464,tt20251542,tt0304897
nm1001399	Toshimitsu Masuda	\N	\N	director,writer	tt0287600,tt5834658,tt9882552,tt10145354
nm1001401	Pilar López Matesanz	\N	\N	editorial_department,sound_department	tt0082954,tt0064220,tt0082426,tt0064298
nm1001402	Reine Mathicet	\N	\N	actress	tt0199507
nm1001403	Harold 'Speedy' Matlhabu	\N	\N	actor	tt0215841
nm1001404	David Matranga	1975	\N	actor,miscellaneous,animation_department	tt2140203,tt5626028,tt2560140,tt1822395
nm1001405	Kuniyo Matsumoto	\N	\N	camera_department	tt0109548
nm1001406	Miyuki Matsumoto	\N	\N	actress	tt0287395
nm1001407	Hiroyuki Matsumura	\N	\N	director,actor,editor	tt0287806,tt1160621,tt6967664,tt21923612
nm1001408	Takeshi Matsunaga	1979	\N	actor	tt0287312
nm1001410	Fabrice Maux	\N	\N	art_department	tt0112682,tt0211915,tt0280665,tt0101700
nm1001411	Adela Mavis	1897	1988	actress	tt0025879
nm1001412	Stella Maxim	\N	\N	special_effects	tt0107571
nm1001413	Rita Mazzanti	\N	\N	make_up_department	tt0284404,tt0105925,tt0156409,tt0165087
nm1001414	Sal Mazzotta Jr.	\N	\N	actor	tt0772175,tt0172409,tt0282484
nm1001415	Phumale Mbele	\N	\N	actress	tt0215841
nm1001416	Lorraine Mbhephi	\N	\N	actress	tt0215841
nm1001417	Jessica McCarron	\N	\N		\N
nm1001418	Brita McCollough	\N	\N	transportation_department,miscellaneous	tt0421054,tt0452624,tt0118571,tt0240772
nm1001419	Mary-Frances McCuaig	\N	\N	actress	tt0407271,tt0287619
nm1001420	Meighan McCuaig	\N	\N	actress	tt0287619
nm1001421	Hamilton McCulloh	\N	\N	production_manager,producer	tt0173528,tt0086750
nm1001422	Barry McDowell	\N	\N	actor	tt0046593
nm1001423	Shawn R. McFall	\N	\N	set_decorator,production_designer	tt0340855,tt8295468,tt0170691,tt0261492
nm1001425	Carol McGiffin	1960	\N		tt0324692,tt0950199,tt0476916,tt1318007
nm1001426	Gavin McGlynn	\N	\N	editor,sound_department,miscellaneous	tt3073904,tt13457130,tt0287558
nm1001427	Emmett McGuire	\N	\N	actor	tt0157197,tt0478125
nm1001429	Finbar McLynn	\N	\N	editor,producer,actor	tt0278877
nm1001430	Bobby McMillon	\N	\N	actor,soundtrack	tt0210299
nm1001431	Oonagh McMorrow	\N	\N	miscellaneous,visual_effects	tt0120199,tt0236784,tt0280491,tt0299854
nm1001432	Edmund McWilliams	\N	\N	composer,soundtrack	tt0287645,tt1410362
nm1001433	Tine Medema	1909	1985	actress	tt0057645
nm1001434	Marijke Medenblek	\N	\N	actress	tt0071117
nm1001435	Juan Pablo Medina	1977	\N	actor	tt8954954,tt12721188,tt11165442,tt8387348
nm1001437	Jef Meens	\N	\N	actor	tt0057204
nm1001438	Dorus van der Meer	\N	\N	actor	tt0476622,tt0096597,tt0287979,tt14214390
nm1001439	Amod Mehra	\N	\N	miscellaneous,actor	tt0189492,tt0287185,tt0190419
nm1001441	Joel Meire	\N	\N	visual_effects,animation_department,writer	tt0360717,tt1617661,tt1340138,tt1270797
nm1001442	Ataualba Meireles	\N	\N	composer	tt0286410
nm1001444	Takis Melidis	\N	\N	cinematographer,director,camera_department	tt9535414,tt12517162,tt1199605,tt5866890
nm1001445	Minnie Mennens	\N	\N	actress	tt0051992
nm1001446	Dorotea Mercuri	1974	\N	actress	tt7688812,tt0287320,tt0918628,tt0374002
nm1001447	Katie Meredith	\N	\N	miscellaneous	tt0287707
nm1001448	Mike 'Moe' Merell	\N	\N	animation_department,visual_effects,director	tt1270797,tt4154664,tt0960144,tt0230011
nm1001449	Murphy Mersburg	\N	\N	actor	tt0165196
nm1001451	Otávio Mesquita	1959	\N	actor,producer	tt12076024,tt6228990,tt1179259,tt0286320
nm1001452	Susanna Messaggio	1963	\N	actress	tt6851434,tt0087653,tt0179905,tt0475444
nm1001453	Irene Messina	\N	\N	actress	tt0287619
nm1001454	Piet van der Meulen	1918	2010	actor	tt0181250,tt0057059,tt0055168,tt0296399
nm1001455	David N. Meyer	\N	\N	writer,producer	tt7344636,tt9815012,tt0134291,tt8681236
nm1001456	Franz-Dieter Meyer	\N	\N	assistant_director,director	tt0121027,tt1085817,tt0806901,tt1905012
nm1001457	Ines Meyer-Kormes	\N	\N	actress,camera_department	tt0118404,tt0118255,tt0293425,tt0346595
nm1001458	Jayne Meyler	\N	\N		tt0283799
nm1001459	Eric Meyniel	\N	\N	actor	tt0402126,tt0281985,tt0356067
nm1001460	József Mezö	\N	\N	assistant_director,miscellaneous	tt0095475,tt0100732,tt0111341
nm1001461	Setsuo Mia	\N	\N	actor	tt0287617
nm1001462	Therese Michaud	\N	\N	costume_department	tt0160236
nm1001463	Pierrette Michel	\N	\N	actress	tt0192011
nm1001466	Branden d. Miller	1966	\N	producer	tt0119622
nm1001467	Julia von Miller	\N	\N	soundtrack,actress	tt0375862,tt0248408,tt0092213,tt2278621
nm1001468	Paata Milorava	\N	\N	director,writer	tt0287784
nm1001469	Thorsten Minning	\N	\N	sound_department,editorial_department,composer	tt0106178,tt0178223,tt2937158,tt1908488
nm1001470	Kazuko Mio	\N	\N	producer	tt0204700,tt2123274
nm1001471	Eva Miskinyar	\N	\N	miscellaneous	tt0109548
nm1001472	Rina Mitrani	\N	\N	producer	tt0354683,tt0287620
nm1001473	Cheryl Mittal	\N	\N	producer,miscellaneous,location_management	tt0286631,tt0106350,tt0918629,tt0266971
nm1001474	Mara Miyateva-Lipina	\N	\N	actress	tt0249383,tt0321386
nm1001475	Yûki Mizuhara	1953	\N	actress,soundtrack	tt0361245,tt0253287,tt0224235,tt0367482
nm1001476	Donald Mnangalane	\N	\N	actor	tt0215841
nm1001477	Andy Mnuguni	\N	\N	actress	tt0215841,tt12303522
nm1001478	'Big' LeRoy Mobley	1973	\N	actor,producer,miscellaneous	tt0305357,tt1591493,tt1693107,tt1957867
nm1001479	Felix Modre	\N	\N	actor	tt0157197
nm1001480	Shital Mody	\N	\N	editorial_department,miscellaneous	tt0246687,tt0287185
nm1001481	Elliot Moffit	\N	\N	actor	tt0097230
nm1001483	Marc Monflier	\N	\N	actor	tt0309426,tt0287411
nm1001485	Jose R. Montalvan Jr.	\N	\N	producer,actor,assistant_director	tt0213127,tt5097860,tt5309232,tt7697468
nm1001486	Anthero Montenegro	1976	\N	actor	tt0285879,tt3220864,tt0861689,tt1663661
nm1001487	Silvino Montes	\N	\N	actor	tt0341473,tt0349479,tt0287293
nm1001488	Henri Monteux	1874	1943	actor	tt0476899,tt0461538,tt0129798,tt0158801
nm1001489	Francesca Moore	\N	\N	art_department	tt0160236,tt0238552
nm1001490	George Morafetis	\N	\N	actor	tt1358522,tt0203259,tt0478033,tt11650904
nm1001491	Pietro Morana	\N	\N	editor,editorial_department,producer	tt10619486,tt7645192,tt11116374,tt5290524
nm1001492	Luiz Cláudio Moreira	\N	\N	producer,executive	tt0391726,tt1146300,tt1576703,tt0936504
nm1001493	Ryuji Mori	\N	\N	actor	tt0287903,tt0223104,tt0286952,tt0287507
nm1001494	Renée Morin	\N	\N	actress	tt0199507
nm1001495	Suzanne Morlot	\N	\N	actress	tt0124314
nm1001496	Yoko Moroboshi	\N	\N	actress	tt0287599
nm1001497	Phuti Mosimo	\N	\N	actor	tt0215841
nm1001498	Rada Moskova	1933	\N	writer	tt0298892,tt0238363,tt0389456,tt0147210
nm1001499	Adelheid van der Most	1936	1974	actress,director,writer	tt1070382,tt0051844,tt0056321,tt0047770
nm1001500	Aida Motallebi	\N	\N	actress	tt1091840,tt0286231,tt1105324
nm1001502	Léo Mouriès	\N	\N	actress	tt0170021
nm1001503	Aurore Moutier	\N	\N	script_department,miscellaneous,assistant_director	tt0119828,tt0473779,tt0281108,tt5440674
nm1001505	Océane Mozas	\N	\N	actress	tt5514916,tt0266316,tt2642020,tt0378898
nm1001506	Graziano Mucci	\N	\N	music_department	tt0045179,tt0038183
nm1001507	Yusof Muhammad	\N	\N	actor	tt0287623,tt0295298,tt0241812
nm1001508	Zarina Muhammed	\N	\N	miscellaneous	tt0287185
nm1001509	Chris Mullarky	\N	\N	actor	tt0286592
nm1001510	Stephanie Mulqueen	\N	\N	visual_effects,special_effects,animation_department	tt0138749,tt1001526,tt0126029,tt0864835
nm1001512	Kandi Mur	\N	\N	actress	tt0082877
nm1001513	Miquel Murga	\N	\N	director,actor	tt1262524,tt8344544,tt0283123,tt0092771
nm1001514	Kenneth Murphy	\N	\N	stunts	tt0097230
nm1001515	Alexia Murray	\N	\N	actress,writer	tt0217505,tt11214590,tt9010940,tt3655448
nm1001516	Kennedy Murray	\N	\N	actor	tt0283328
nm1001517	Nato Murvanidze	\N	\N	actress	tt0325602,tt4949272,tt7148254,tt1833090
nm1001518	Mon Muso	\N	\N	actor	tt0287698
nm1001519	Xhemil Mustafa-Daci	\N	\N	camera_department	tt0271838,tt0271837,tt0273628
nm1001520	Michael Mustizer	\N	\N	writer,director,producer	tt11878672,tt0407271,tt0287619,tt0490851
nm1001521	Vicky Muñoz	\N	\N	actress	tt0270539,tt0251975,tt0774675
nm1001522	Art Myer	\N	\N	costume_department	tt0118688
nm1001523	Mário	\N	\N	camera_department	tt0069117,tt0161194
nm1001524	Gertie Lembcke Møller	\N	\N	assistant_director	tt0050364
nm1001525	Sten Grove Møller	\N	\N	actor	tt0126988
nm1001528	N. Nadirashvili	\N	\N	assistant_director	tt0171080
nm1001529	Josef Nadj	\N	\N	actor	tt0281202,tt14023652,tt0441933,tt1998213
nm1001530	Takao Nagai	\N	\N	actor	tt0287505,tt0288321,tt0223414
nm1001531	Chiharu Taira	\N	\N	actress	tt0978140,tt1160697,tt1165062,tt3215834
nm1001532	Daisuke Nagakura	1963	\N	actor	tt2500410,tt0997147,tt0981034,tt2500414
nm1001533	Motoko Nagino	\N	\N	stunts,actress,miscellaneous	tt0342767,tt1189432,tt0283143,tt0182647
nm1001534	Akira Nakabayashi	\N	\N	actor,animation_department	tt0287477,tt1784459,tt0143518
nm1001535	Miki Nakahara	\N	\N	actress	tt10116904,tt10073200,tt0287512,tt10080740
nm1001536	Ryuji Nakamura	\N	\N	actor	tt0287518,tt0287592
nm1001537	Rev. Buck Naked	\N	\N	soundtrack	tt0134291
nm1001538	Midori Nanjô	\N	\N	actress	tt5834658,tt0287609,tt0285834,tt5586380
nm1001540	Khuta Narchemashvili	\N	\N	actor	tt0287568
nm1001541	Franco Nardella	\N	\N	assistant_director,casting_director,casting_department	tt2361009,tt0196186,tt6256056,tt0920489
nm1001542	Alan Nassaney	\N	\N	transportation_department	tt0268995,tt0110622,tt0375063,tt1465533
nm1001543	Paola Nava Aldana	\N	\N	actress	tt0287432
nm1001544	Leo Nava	\N	\N	miscellaneous	tt0287290
nm1001545	Kasper Neergaard	\N	\N	actor	tt0126988
nm1001546	Theo de Neff	\N	\N	actor	tt0051171,tt0050601
nm1001547	Mathias P. Negele	\N	\N	assistant_director	tt0341568,tt0182312,tt0106178,tt0105931
nm1001548	Cynthia Negri	\N	\N	actress	tt0157197,tt0078992
nm1001549	Jean-Paul Nelis	\N	\N	camera_department	tt0221800
nm1001550	Homsa Nene	\N	\N		\N
nm1001551	Michalis Neromyliotis	\N	\N	visual_effects,actor,editorial_department	tt0288626,tt0245013,tt0453074,tt0469789
nm1001552	Rick Neuheisel	1961	\N	writer,producer,miscellaneous	tt0102685,tt0407423,tt7218016,tt9572816
nm1001553	Jeffrey Neumeier	\N	\N	miscellaneous	tt0133152,tt0478970,tt1386703,tt4154796
nm1001554	Mischa Neutze	1946	\N	actor	tt0090440,tt0121933,tt0096733,tt0088601
nm1001555	Helen Newby	\N	\N	visual_effects	tt1631867,tt1877832,tt0401729,tt0434409
nm1001556	Dep Nguyen	\N	\N	art_department	tt0160236
nm1001557	Skip Nicholson	\N	\N	actor	tt0067850
nm1001558	Greg Nickerson	\N	\N	actor	tt0165361
nm1001559	Shannon Ryan Nicosia	1970	2021	miscellaneous	tt0910970,tt2380307,tt3606756,tt0118688
nm1001560	Nicy	\N	\N		tt0283801
nm1001561	Sjefke Nievelstein	\N	\N	actor	tt0051992
nm1001562	Rekha Nigam	\N	\N	writer,miscellaneous	tt1806784,tt0437407,tt8518248,tt0985636
nm1001563	Zviko Niklemsky	\N	\N	actor	tt0287339
nm1001565	Nikola	\N	\N		tt0283801
nm1001566	Byakuran Nishi	\N	\N	actress	tt0287678
nm1001567	Herbert Nitzschke	1897	\N	production_designer,art_director	tt0033303,tt0170478,tt0315577,tt0049986
nm1001568	Nimrod Nkosi	\N	\N	actor	tt0215841,tt13820956,tt12502178
nm1001569	Robin Lee Noll	\N	\N	actress,writer,producer	tt0165581,tt0285370,tt0287287,tt0322242
nm1001570	Morita Noriko	\N	\N	director	tt15964824,tt0287470
nm1001571	Rio Nugara	1973	\N	actor	tt0215392,tt0240278,tt0281618,tt0267913
nm1001573	Nuran Sultan	\N	\N	actress	tt0287400,tt2736932,tt13712172,tt1541129
nm1001574	Kieu Nguyen	\N	\N	costume_department,actress	tt2660888,tt3967856,tt0758730,tt8041270
nm1001575	Oda O'Carroll	\N	\N	casting_department,miscellaneous	tt0112904,tt7685704
nm1001576	Cliff O'Connell	\N	\N	actor	tt0157197
nm1001577	Elizabeth O'Connor	1913	2000	writer	tt0077749
nm1001579	Liam O'Mahony	\N	\N	miscellaneous	tt0112904
nm1001580	Raphael Ochoa	\N	\N	make_up_department	tt0405048,tt0213127
nm1001581	Shawn Oesterreicher	\N	\N	actor	tt0287558
nm1001583	Bill Ogilvie	\N	\N	actor,art_department	tt0369610,tt0411008,tt1381418,tt0084015
nm1001584	Reiko Ôtsuki	1945	\N	actress	tt13352892,tt6044908,tt0211301,tt13334852
nm1001585	Setsuko Ôyama	\N	\N	actress	tt0287700,tt0227153,tt0199009,tt0287615
nm1001587	Junya Okabe	\N	\N	producer,visual_effects,director	tt0466136,tt6403382,tt11062414,tt7749034
nm1001588	Lilian Okorom	\N	\N	actress	tt0806910
nm1001589	Sole Olalla	\N	\N	actress	tt0287438
nm1001590	Andreas Olavarria	\N	\N	producer,actor,writer	tt5696326,tt5478446,tt5757556,tt13173738
nm1001591	Chaz Oldham	\N	\N	actor	tt0164041
nm1001592	Oihana Olea	\N	\N	producer,production_manager,editorial_department	tt0353818,tt0468045,tt10083048,tt2878574
nm1001593	Véronique Olivier	\N	\N	actress	tt0287534
nm1001595	Boris Ondrusek	\N	\N	art_department	tt0086879
nm1001596	Ju Yi Ong	\N	\N	miscellaneous	tt0278674
nm1001597	Ruby Ong	\N	\N	make_up_department	tt0278674
nm1001598	Toshinobu Oni	\N	\N	writer	tt0287205
nm1001599	Vanessa Oppenhoff	\N	\N	director	tt0287786
nm1001600	Ecaterina Oproiu	1929	\N	writer	tt1567332,tt0287783
nm1001601	Rodolfo Oreamuno	\N	\N	actor	tt0147781,tt4121318
nm1001602	Nicola Orfini	\N	\N	production_manager,camera_department,miscellaneous	tt0203110,tt0295095,tt0102449,tt0085516
nm1001604	Peter Orphanos	1971	\N	producer,camera_department,editor	tt0118958,tt2050589,tt0122946,tt0455311
nm1001605	Mireya Ortega	\N	\N	producer	tt0287293
nm1001606	Ortis	\N	\N	actor	tt0045179
nm1001607	Graciella Ortiz	\N	\N	actress	tt0210075
nm1001608	Luis M. Osnaya Aguirre	\N	\N	actor	tt0287432
nm1001609	Deborah Ostrega	1973	\N	actress	tt0306413,tt0374345,tt1815013
nm1001610	Angel Osvaldo	\N	\N	actor	tt0210075
nm1001611	Johannes Ottosen	\N	\N	actor	tt0050364
nm1001612	Ali Otyam	\N	\N	composer	tt0488693,tt0287285,tt0888131,tt21743270
nm1001613	Tabitha Ouellette	\N	\N	actress	tt0286713
nm1001614	Mel Oxley	\N	1998	actor	tt3716492,tt1864113,tt0165592,tt0163500
nm1001615	Mary Oyaya	\N	\N	actress	tt14115552
nm1001616	Gerardo Oynick	\N	\N	cinematographer	tt0396409,tt0287557,tt0441352,tt0441084
nm1001617	Dominic Ozanne	\N	\N	director,producer,writer	tt0267204,tt4897642,tt1070944,tt4263798
nm1001618	Cyro Padilha Jr.	\N	\N	casting_director,casting_department	tt0282496,tt1755252,tt2227598,tt13475384
nm1001619	Wim van de Pafort	\N	\N	actor	tt0070072
nm1001620	Deep Pal	\N	2021	camera_department,cinematographer	tt0217608,tt0216817,tt0118751,tt0172980
nm1001621	Michael Palleschi	\N	\N	writer,producer	tt0098740,tt0218748,tt0173528,tt0316706
nm1001622	Rachel Palmieri	\N	\N	actress,writer	tt0103442,tt3532850,tt0098773,tt0171998
nm1001623	Takis Panagiotidis	\N	\N	camera_department,director,production_manager	tt0263585,tt0265332
nm1001624	Charity Paniamogan	\N	\N	producer,casting_director	tt0323334,tt0284021,tt0824314
nm1001625	Renji Panicker	\N	\N	actor,writer,producer	tt0255466,tt0463429,tt1105741,tt8489900
nm1001626	Nitin Pant	\N	\N	cinematographer,editorial_department	tt0287185,tt18184308
nm1001627	Lisa Pantages	\N	\N	miscellaneous	tt0397313,tt0417148,tt0238552,tt0309593
nm1001628	Nachiket Pantvaidya	\N	\N	producer,miscellaneous	tt8011276,tt14042066,tt15036126,tt9176296
nm1001629	Myron Papadakis	\N	\N	production_manager	tt0287320
nm1001630	Laurent Parisi	\N	\N	composer,soundtrack,actor	tt15138056,tt1333125,tt3853762,tt9288726
nm1001631	Il-hyun Park	\N	\N	production_designer,art_director	tt7046974,tt2351310,tt2972482,tt8290698
nm1001632	Myron Parran	\N	\N	camera_department,cinematographer,assistant_director	tt0458525,tt0411951,tt0999913,tt1217613
nm1001633	Cevat Pars	\N	\N	actor	tt0287310
nm1001634	Ed Paschke	1939	2004		tt0287634,tt3600040
nm1001635	Kendra Pasker	\N	\N	editor,editorial_department,camera_department	tt7235466,tt1493186,tt1588754,tt2421736
nm1001637	Holger Patzwald	\N	\N	actor	tt0204736,tt0248657
nm1001638	Lucie Paul-hus	\N	\N	actor	tt0287534
nm1001639	W.S. Pivetta	\N	\N	sound_department,cinematographer,camera_department	tt13210734,tt11243814,tt11105376,tt0119521
nm1001640	Tamara R. Payton	\N	\N	miscellaneous,visual_effects	tt0328880,tt0141369,tt0275847,tt0230011
nm1001641	Rowan Pease	\N	\N	actor	tt0216192,tt0046593
nm1001642	Don Pedi	\N	\N	actor	tt0210299
nm1001643	Gail Pellett	\N	\N	producer,director,writer	tt1626636,tt0287256,tt0433306,tt0472251
nm1001644	Fernand Peluffo	\N	\N	actor	tt0287360
nm1001645	E. Peradze	\N	\N	assistant_director	tt0276283,tt0171080
nm1001646	Guillermo Peralta	\N	\N	actor	tt0287290
nm1001647	Ster Percy	\N	\N	camera_department	tt0209958,tt0335559,tt0489281
nm1001648	Keith Pereira	\N	\N	art_department,editor	tt8733790,tt0287185
nm1001649	Liliana Perepelicinic	\N	\N	actress	tt0287733
nm1001650	Jasmina Peric	\N	\N	costume_department	tt1634013,tt0279555,tt0844286
nm1001651	George Peroulas	\N	\N	writer,producer,editor	tt1663708,tt10151854,tt1018817,tt1350954
nm1001652	Herbert Perquin	\N	\N	actor	tt0051171
nm1001653	April Pesa	\N	\N	producer,writer,script_department	tt0366027,tt0285403,tt2312262,tt0156196
nm1001654	Jan Willem Peters	\N	\N	writer,visual_effects,art_department	tt0287979,tt0231000
nm1001656	Davide Petrucci	\N	\N	actor	tt1267503,tt0151734,tt5109344,tt7121252
nm1001657	Vagn Peyk	\N	\N	actor	tt0126988
nm1001658	Michel Peyratout	\N	\N	music_department,actor	tt0228786,tt0181310,tt0210727,tt0245062
nm1001659	Robert Peysens	\N	\N	actor	tt0270733
nm1001660	Delmindo Peçanha	\N	\N	camera_department	tt0159804,tt0159407,tt0189654,tt0069117
nm1001661	Katrin Pfeiffer	\N	\N	actress	tt0092213
nm1001662	David Pfenningsdorff	\N	\N	production_manager	tt0278878
nm1001663	Liz Phair	1967	\N	composer,soundtrack,music_department	tt0160862,tt0146882,tt0481141,tt0328538
nm1001664	Godfrey Philipp	1936	2011	producer,writer,director	tt0287190,tt0380901,tt0077064,tt1367726
nm1001665	Todd Phoebe	\N	\N	art_department	tt0190052
nm1001666	Gaetano Pia de Flores	\N	\N	cinematographer	tt0249383
nm1001667	Geneviève Picard	\N	\N	actress	tt0171148
nm1001668	Virginia Pickering	\N	\N	actress	tt0021580
nm1001669	Faust Pier	\N	\N	editor	tt0286592
nm1001670	Andrea Pierpaoli	\N	\N	camera_department,cinematographer	tt8997242,tt0111573,tt0099555,tt6975978
nm1001671	Stephen Pierron	\N	\N	editor	tt0083397,tt0068120,tt0092325,tt0069658
nm1001672	Josephine Pignataro	\N	\N	actress	tt0210075
nm1001673	Guido Piovesena	\N	\N	actor	tt0061818
nm1001675	Tiago Pirres	\N	\N	camera_department	tt0277703
nm1001677	Richard Pittenger	\N	\N	actor	tt0078370
nm1001678	David Pittinger	1963	\N	actor	tt4720596,tt17663876,tt1144548,tt7737224
nm1001679	J. Brian Pizer	1953	1995	actor	tt0079455
nm1001680	Gianfranco Pizzolante	\N	\N	camera_department,art_department	tt6892446,tt10290352,tt7645192,tt21611760
nm1001681	Quimet Pla	1950	\N	actor	tt0388341,tt1634332,tt0089405,tt5251716
nm1001682	Cynthia Plaster Caster	1947	2022	actress	tt4688512,tt0179205,tt0287634,tt0469213
nm1001683	Barbara Platteeuw	\N	\N	actress	tt0151902
nm1001684	Magdaléna Platzová	1972	\N	actress	tt0287527
nm1001685	Carlos Pleguezuelo	\N	\N	production_manager,miscellaneous	tt0082877
nm1001686	Jacek Pliszka	\N	\N	camera_department,cinematographer	tt1617178,tt1291634,tt0365801,tt1204938
nm1001687	Pawel Pliszka	1971	\N	stunts,actor	tt5051356,tt0253474,tt11558684,tt8649186
nm1001688	Jake Plumstead	\N	\N	stunts	tt0097230,tt0082804
nm1001689	Suthep Po-ngam	\N	\N	actor,director	tt0817902,tt2178256,tt0470286,tt2292693
nm1001690	Nuri Polat	\N	\N	actor	tt0287339
nm1001691	Howard Pollack	\N	\N		tt1305902
nm1001692	Pamela Polsgrove	\N	\N	actress	tt0067850
nm1001694	David Pompeii	\N	\N	actor	tt0420223,tt0813715,tt0337579,tt1334221
nm1001695	Pongsak Pongsuwan	\N	\N	actor,director,writer	tt1058014,tt4425430,tt2595182,tt3204178
nm1001696	Dimitris Pontikas	\N	\N	producer,director	tt1572940,tt8331636,tt0297487,tt1469309
nm1001697	Lorne Poole	\N	\N	art_department,set_decorator,actor	tt1196141,tt0120901,tt1131734,tt0429493
nm1001698	Tillaicheliyan Poopaalasingham	\N	\N	actor	tt0384657,tt0304897,tt0287339
nm1001699	Mich Poot	\N	\N	actor	tt0151902
nm1001700	Vanessa Portillo	\N	\N	casting_department,actress,producer	tt0118688,tt7125860,tt2250912,tt3322940
nm1001701	Jan Pos	1920	1996	miscellaneous,writer	tt0287526,tt0396772,tt0263480,tt0151571
nm1001702	Kitty Posthumus	1901	1985	actress	tt0057645,tt1320357
nm1001703	Vijaya Lakshmi Pothuri	\N	\N	writer	tt0281346
nm1001704	Félix Poulot	\N	\N	actor	tt0030495,tt0191089
nm1001705	Paryso Pourmoneshi	\N	\N	actor	tt0151734
nm1001707	Leslie Poynton	\N	\N	writer	tt0047706,tt0048841
nm1001708	Vishwanath Pradhan	\N	\N	editorial_department	tt0287185
nm1001710	Geronimo Ji Jaga	1947	2011		tt0447431,tt0910747,tt11558154,tt1704182
nm1001711	Preeti	\N	\N	actress,costume_department	tt1600439,tt0112459,tt0461200,tt1308015
nm1001712	Giorgio Pressburger	1937	2017	writer,director,actor	tt2167578,tt0159319,tt0465022,tt10752046
nm1001713	Luiz Carlos Prestes	1898	1990		tt0349054,tt0287782,tt0285423
nm1001714	Sarah Priestnall	\N	\N	editorial_department,visual_effects,editor	tt0884224,tt0190590,tt0896798,tt0462499
nm1001716	Louis W. Pritzkow	\N	\N	soundtrack	tt0046422,tt0053355
nm1001717	Maichol Prochwicz	\N	\N	camera_department,transportation_department	tt0297146,tt0410612,tt0178080,tt0151734
nm1001719	Nicholas Psaltos	\N	\N	actor,director,producer	tt0280697,tt1807927,tt1488045,tt0823365
nm1001720	Evrol Puckerin	\N	\N	actress	tt0062358
nm1001721	Josep Maria Puig	\N	\N	actor	tt0283123,tt0338590,tt0354574,tt0108671
nm1001722	Pere Puig	\N	\N	director,assistant_director	tt1570512,tt0338590,tt0315690,tt0329868
nm1001723	Jaime Pujol	1961	\N	actor	tt8787372,tt4136774,tt0198093,tt8359828
nm1001724	Nadja Puls	\N	\N	actress	tt0806901
nm1001725	Brigitte Purkhardt	\N	\N	actress	tt0344753,tt0285887
nm1001726	Luke Pursey	\N	\N	actor	tt0155991,tt0092379,tt0084987,tt0096555
nm1001727	Jos Pyls	\N	\N	actor	tt0057204,tt0053421
nm1001728	G. Qajaya	\N	\N	special_effects,miscellaneous	tt0278538,tt0284552,tt0171080
nm1001729	Pier Antonio Quarantotti Gambini	1910	1965	writer	tt10928752,tt0070613,tt0159318,tt0054260
nm1001730	Susan Quigley	1966	\N		\N
nm1001731	Laurie Quinlivan	\N	\N	actress	tt0097230,tt0299609
nm1001732	Michael Quintos	\N	\N	art_department	tt0258609
nm1001733	Gil Quito	\N	\N	writer,actor,producer	tt2246200,tt7900268,tt0256106,tt0125402
nm1001735	Remy Raaphorst	\N	\N	production_manager,miscellaneous	tt0206223,tt1868747
nm1001736	Simone Raclin	\N	\N	casting_department,visual_effects,animation_department	tt0192789,tt0221751,tt0167743,tt0134067
nm1001737	Ashton Radcliffe	\N	\N	location_management,producer,production_manager	tt6654210,tt11083552,tt6141246,tt4547056
nm1001738	Stefan Rademakers	\N	\N	visual_effects	tt0795441,tt0948532,tt0287979,tt1189008
nm1001739	Sarah Rafale	\N	\N	actress	tt0200201,tt0008289,tt0334462,tt0143533
nm1001740	Raghavan	\N	\N	art_director,miscellaneous	tt0242256,tt0327648,tt0417011,tt0109010
nm1001741	Mahi Rahgozar	\N	\N	editor,editorial_department,director	tt6773742,tt4276094,tt11643110,tt0340071
nm1001742	Pak Rahman	\N	\N	actor	tt0278674
nm1001743	Cherry Rain	1979	\N	actress	tt0412681,tt15868512,tt1279484,tt0302936
nm1001744	Ramesh Raj	\N	\N	actor,assistant_director,location_management	tt15085682,tt0131566,tt6138820
nm1001745	Rachel Ralston	\N	\N	producer	tt0480827,tt0287492,tt0273192
nm1001746	Mauricio Ramírez	\N	\N	miscellaneous,actor,camera_department	tt0287290,tt0384817,tt0358307,tt1632902
nm1001747	Surendra M. Rao	\N	\N	cinematographer	tt0845535,tt2232524,tt0287185,tt0314006
nm1001749	Eman Rasheed	\N	\N	producer	tt0287206
nm1001750	Douglas Rasmussen	\N	\N	art_department	tt1033575,tt0286320
nm1001751	Nayan Rathod	\N	\N	music_department	tt0326983,tt0118546,tt0368580,tt0319480
nm1001752	Rudolf Ratschka	1906	1973	actor,director,assistant_director	tt0029094,tt0053465,tt0285537,tt0441074
nm1001753	Garry Bronko Ray	\N	\N	actor	tt0287707
nm1001754	Jeremy Ray	\N	\N	producer	tt8674646,tt7451012,tt0978036,tt0258609
nm1001755	Tanika Ray	1972	\N	actress	tt0106079,tt2345481,tt0106057,tt0058796
nm1001756	Kent Rayhill	\N	\N	cinematographer	tt0286592
nm1001757	L. Raznogorodski	\N	\N	actor	tt0259548
nm1001758	Chick Reid	\N	\N	actress	tt1429440,tt0283203,tt1380900,tt0109434
nm1001759	Reiko	\N	\N	actress	tt1195492,tt0324368
nm1001760	Marianne Reiter	\N	\N		tt0287288
nm1001761	Stefan Remenkov	\N	\N	composer	tt0172322
nm1001763	Maureen Renzen	\N	\N	actress	tt0070072,tt0079241,tt15061870,tt2103261
nm1001764	Edgardo Reyes	\N	\N	writer,director	tt0474863,tt0124988,tt0301527,tt0401242
nm1001765	Leighton Reynolds	\N	\N	writer	tt0050065,tt0048841,tt0047706
nm1001766	Larry Reynosa	1951	\N	stunts,actor	tt0283537
nm1001767	A. Ryazantsev	\N	\N	camera_department	tt0321545,tt0274849,tt0275858,tt0171080
nm1001768	Ned Rice	\N	\N	writer,producer	tt0350448,tt1301127,tt0108897,tt0887788
nm1001769	Lonny Riddle	1941	\N	writer	tt0287565
nm1001770	Andrew Ridgeley	1963	\N	soundtrack,actor,composer	tt0120770,tt1431045,tt1291150,tt1231587
nm1001771	Iris Riedel-Schurat	\N	\N	costume_designer,costume_department	tt0806910,tt0106178,tt0094524,tt0874684
nm1001772	Florence Rigaut	\N	\N	miscellaneous	tt0258609
nm1001773	Marlee Riggin	\N	\N	actress	tt0286713
nm1001774	Travis Riggs	\N	\N	producer,director,cinematographer	tt0287778,tt1935086,tt0287779,tt6264456
nm1001775	Gia Rigvava	\N	\N	art_director,production_designer	tt0128857,tt0281158
nm1001776	Kyle Riley	\N	\N	actor	tt0325800,tt1825723,tt0280697,tt0370451
nm1001777	Massimo Rinella	\N	\N	camera_department,special_effects,art_department	tt1735898,tt0362270,tt2382320,tt7991608
nm1001778	Junior Ringenbach	\N	\N	actor	tt0112166,tt0186238,tt20596748
nm1001779	Zoran Risteski	\N	\N	production_manager,location_management,transportation_department	tt0126622,tt0110882,tt0119874,tt0369258
nm1001780	Sally Ann Ritchie	\N	\N	producer,miscellaneous	tt0125439,tt0320850
nm1001781	Jarrod Robbins	\N	\N	actor,miscellaneous	tt0307200,tt0175997,tt0138353,tt0373298
nm1001782	Tom Robin	\N	\N	assistant_director	tt0078370
nm1001783	Andre Alexis Robinson	\N	\N	director,writer,cinematographer	tt0287789
nm1001784	Margaret Robinson	1920	2016	art_department,make_up_department,miscellaneous	tt5749802,tt0796171,tt5250744,tt5250800
nm1001785	Eruey Robles	\N	\N	actor	tt0287293
nm1001786	Lorenzo Roccaro	\N	\N	actor	tt0920489
nm1001787	Gilberta Rocha	\N	\N	actress	tt0786792,tt0778580,tt0283328,tt0487867
nm1001789	Eulalia Rodrigo	\N	\N	actress	tt0283601
nm1001790	Jerry Rodriguez Burckle	\N	\N	miscellaneous,editor,producer	tt5472884,tt10448912,tt11457996,tt3345374
nm1001791	Daniel Rodriguez-Wolfson	\N	\N	art_department	tt0118688
nm1001792	José A. Rodríguez Mas	\N	\N	cinematographer	tt0236270,tt0287658
nm1001793	Calvin Roe	\N	\N		tt0287218
nm1001794	Don Roff	1966	\N	writer,producer,actor	tt9024562,tt7562182
nm1001795	Helena Rolandowa	1872	1952	actress	tt0286325,tt0924240
nm1001796	Kerry Rolfe	\N	\N	actress	tt0286864,tt0274246,tt0096555
nm1001797	Guglielmo Rosa	\N	\N	producer	tt0045179
nm1001798	Florindo Rosati	\N	\N	production_manager	tt0047800,tt0044607
nm1001799	Franco Roscioli	\N	\N	assistant_director	tt0045179
nm1001800	Chris Rosenbery	\N	\N	miscellaneous	tt0165859,tt0218182
nm1001801	Jeff Rosenkrans	\N	\N	visual_effects,art_department	tt0112613,tt7305952,tt0118688
nm1001802	Isabella Rosenkrantz	\N	\N	make_up_department	tt12648156,tt0109548
nm1001803	Judy Ross	\N	\N	actress	tt0034284
nm1001805	Dominique Rouffart	\N	\N	costume_department,art_department	tt0173538,tt0129114,tt0211170,tt0110521
nm1001806	Didier Roux	\N	\N	special_effects	tt2207072,tt0464913,tt0181310,tt0182507
nm1001807	Germán Rovira	\N	\N	actor	tt0082877
nm1001808	G.F. Rowe	1931	2003	actor	tt0096447,tt0076636,tt0097230,tt0305753
nm1001809	Bill Rowohlt	\N	\N	visual_effects	tt0254199
nm1001810	Memon Roy	\N	\N		tt0274764
nm1001811	Mitchell Rubinstein	\N	\N	producer,miscellaneous,editorial_department	tt2152741,tt0096302,tt4157994,tt0097230
nm1001812	Mónica Rubio	\N	\N	actress,director	tt0261488,tt0287363,tt0278233,tt0224972
nm1001813	Katherine Ruhlmann	\N	\N	actress	tt0181310
nm1001814	Nicole Rund	\N	\N	production_designer	tt0269525
nm1001815	Bic Runga	1976	\N	soundtrack,composer,actress	tt0382810,tt0878113,tt0163651,tt1605630
nm1001816	Diana Ríos Orospe	\N	\N	actress	tt0287432
nm1001817	Nadia Saah	\N	\N	miscellaneous,art_department,producer	tt2852406,tt4154728,tt0445620,tt0111503
nm1001818	Cristiaana Sabella	\N	\N	actress	tt0274518,tt0295182,tt0286713
nm1001819	Aya Sadagawa	\N	\N	actress	tt10074636,tt10047858,tt10047892,tt0285854
nm1001821	Satish Sahi	\N	\N	camera_department	tt1174730,tt1176740,tt1242460,tt1764183
nm1001822	Betül Sahin	1975	\N	actress	tt0482653,tt0287285,tt2118573,tt0448275
nm1001825	Dada Saligeri	\N	\N	costume_designer,costume_department	tt1019690,tt0335704,tt0201057,tt0157395
nm1001826	Blanka Salkova	\N	\N	miscellaneous,art_department,producer	tt0347017,tt0384369,tt2733252,tt2493486
nm1001827	Renato Salmaso	\N	\N	music_department,producer	tt0262822
nm1001828	Rodolphe Salomon	\N	\N	actor	tt0181310
nm1001829	Raquel Salvador	\N	\N	actress,writer,director	tt10943718,tt1048160,tt4307114,tt1318025
nm1001830	Jean-Luc Sam Sambo	\N	\N	actor	tt0181310
nm1001832	Staale Sandberg	\N	\N	director,cinematographer,producer	tt0287813,tt0356667
nm1001833	Tanner Sandlan	\N	\N	miscellaneous	tt0243832
nm1001834	Isaac Sanfir	\N	\N	producer	tt0213127
nm1001835	Ivete Sangalo	1972	\N	actress,soundtrack,music_department	tt14671982,tt2249420,tt0246398,tt0936504
nm1001836	Mayumi Sanjô	\N	\N	actress,writer,producer	tt9630900,tt2186274,tt0287517,tt5554854
nm1001837	Tejy Sannois	\N	\N	stunts,actor	tt0217172,tt0101152,tt0166423,tt0115897
nm1001838	Moussa Sanogo	\N	\N	actor	tt0296625,tt0416991,tt0402547,tt0418985
nm1001839	Gus Santorella	\N	\N	actor	tt0210075
nm1001840	Hiromi Saotome	1963	\N	actress,miscellaneous	tt0266350,tt0134429,tt0143464,tt0287664
nm1001841	Júlio César Saraiva	\N	\N	actor	tt0207163
nm1001842	Nikos Saropoulos	\N	\N	actor	tt1534514,tt0262493,tt0287320
nm1001844	Rocío Sarría	\N	\N	actress	tt0082877
nm1001845	Ali Sartipi	\N	\N	producer,actor,assistant_director	tt11564452,tt1985266,tt2173366,tt5842802
nm1001846	Anita Sarxian	\N	\N	actress	tt1821493,tt0266316,tt3713152,tt4964074
nm1001847	Brandi Savitt	\N	\N	producer,production_manager,actress	tt7469806,tt8090756,tt0301771,tt3160336
nm1001848	Andrej Savski	\N	\N	set_decorator	tt0281202
nm1001849	Christian Sbrocca	1974	\N	actor	tt0805124,tt0287445,tt0271303
nm1001850	Sara Scarpati	\N	\N	actress	tt0151734
nm1001851	Franco Scepi	\N	\N	director,actor,writer	tt0212028
nm1001852	Elbehard Schedi	\N	\N	actor	tt0283328
nm1001853	Eve Scheer	1977	\N	actress	tt0316030,tt0108977,tt0277703,tt0125634
nm1001854	Hans Schefczyk	\N	\N	writer	tt0274279,tt0388858
nm1001856	Kylie Schibli	\N	\N	actress	tt0140605
nm1001857	Herbert Schick	\N	\N	writer	tt0243616
nm1001858	Martin Schinagl	\N	\N	transportation_department,miscellaneous	tt0283801,tt1532545
nm1001859	Annett Schlange	\N	\N	talent_agent,production_manager,manager	tt0118255,tt4230346,tt1063745,tt0165801
nm1001860	Ana Schlee	\N	\N	art_director,art_department,set_decorator	tt0294543,tt0936504,tt0092205,tt1129444
nm1001861	Martin Schlemminger	\N	\N	production_manager,producer	tt0121027,tt0103434,tt1091824,tt0806901
nm1001862	Kurt Schmeiderer	\N	\N	transportation_department	tt0399295
nm1001863	Jeffrey Schmidt	\N	\N	actor,producer	tt0455275,tt1178636,tt1865573,tt0784939
nm1001865	Rietje Scholten	\N	\N	actress	tt0071117
nm1001867	Ray Schrefel	\N	\N	art_department	tt0284718,tt0286947
nm1001868	Annie Caroline Schuler	\N	\N	writer	tt0078704,tt0072554,tt0985040
nm1001869	Sondra Schumann	\N	\N	actress	tt0078370
nm1001870	Ferenc Schwetz	\N	\N	actor	tt0088154,tt0123381
nm1001871	Vittorio Sciattella	\N	\N	miscellaneous,actor,casting_department	tt0472571,tt0104663,tt2997896,tt0110458
nm1001872	Giovanni Scognamillo	1929	2016	actor	tt0431398,tt0411860,tt0204617,tt0431427
nm1001873	Matt Sears	\N	\N	art_department,actor,sound_department	tt0240968,tt3950198,tt0190052,tt0203214
nm1001874	Thembi Seete	\N	\N	actress	tt0421485,tt13453828,tt4573706,tt6616840
nm1001875	Andreas Seferlis	\N	\N	production_manager,miscellaneous,actor	tt9100054,tt0865559,tt3909336,tt1699758
nm1001876	Mutal Selvam	\N	\N	camera_department	tt0131566
nm1001877	R. Selvaraj	\N	\N	writer,director,art_department	tt0242256,tt0096139,tt3368858,tt0315283
nm1001879	Sait Seyit	\N	\N	actor,producer	tt0184050,tt0287310,tt8839648,tt0494940
nm1001880	Fabien Seyrig	\N	\N	actor	tt3662072
nm1001881	Sylvain Seyrig	\N	\N	actor	tt3662072,tt0276699
nm1001882	Mncedisi Shabangu	\N	2022	actor,soundtrack	tt4996954,tt8723824,tt0437232,tt0476122
nm1001883	Fadzlina Mohamad Shafie	\N	\N	actress	tt0278674
nm1001884	Pooja Shah	1979	\N	actress	tt0329858,tt0286499,tt0088512,tt0784979
nm1001885	Essie Shakai	\N	\N	producer	tt0211531
nm1001886	Shai Shakar	\N	\N	actor	tt0156349
nm1001887	Kristin Shanski	\N	\N	art_department	tt0297181,tt0429493,tt1535108,tt0338337
nm1001888	Claudia Schapira	1964	\N	actress	tt0361098,tt0278230,tt2353496,tt0302296
nm1001889	Shariza	\N	\N	editor	tt0278674
nm1001890	Colman Sharkey	\N	\N	transportation_department	tt1531901,tt1602098,tt2381111,tt0097937
nm1001891	Namit Sharma	\N	\N	producer	tt6484956,tt0287185
nm1001892	Kevin Shawley	\N	\N	visual_effects	tt2752772,tt3072482,tt4361050,tt3195644
nm1001893	Christopher James Sheets	\N	\N	actor	tt0356652,tt0245775
nm1001894	Laurel Shelby	1925	2010	actress	tt0287613
nm1001895	Woody Shelp	1927	2004	miscellaneous	tt0083908
nm1001896	John Morgan Shertz	\N	\N	actor	tt0118181
nm1001897	Guy Sherwin	\N	\N	director,editor	tt4491758,tt4491760,tt4491748,tt4470810
nm1001898	Jun Shibakoji	\N	\N	actress	tt6044952,tt0287525,tt8013958
nm1001899	Masafumi Shiga	\N	\N	actor	tt0287684
nm1001900	Sasportas Shimon	\N	\N	editor	tt0287620
nm1001901	Katshisa Shinoda	\N	\N		\N
nm1001902	Hitoshi Shiota	\N	\N	art_director,production_designer	tt0455504,tt2409306,tt0287519,tt11372914
nm1001903	Hideki Shirakuni	\N	\N	actor	tt0182647,tt0287205,tt8609376,tt4900380
nm1001904	Hideo Shirayama	\N	\N	actor	tt0287655,tt0286571,tt0287743,tt0288118
nm1001905	Vesela Shishmanova	\N	\N	actress	tt0175507
nm1001906	Craig T. Shordon	\N	\N	art_department	tt1951265,tt0796366,tt5834262,tt3410834
nm1001908	Jennifer Shortess	\N	\N	actress,writer,producer	tt0173284
nm1001909	Mark Shprintz	\N	\N	cinematographer,camera_department	tt0095362,tt0126179
nm1001910	Zena Shteysel	\N	\N	make_up_department,miscellaneous,special_effects	tt0463398,tt0316654,tt0181852,tt0133152
nm1001911	Robert Shultice	\N	\N	camera_department	tt0104134,tt0107571
nm1001912	Lance Sieveking	1896	1972	writer,producer	tt0045385,tt1661028,tt0025879,tt0360777
nm1001913	Asunción Silva	\N	\N	actress	tt0082877
nm1001914	Porfirio Silva	\N	\N	art_department	tt0240900,tt0218967,tt0268126,tt0356721
nm1001915	Holly Simonson	\N	\N	actress	tt0078370
nm1001916	Amarjit 'Boy' Singh	\N	\N	camera_department	tt0131566
nm1001917	Alvise Sinivia	\N	\N	actor	tt0166927,tt0266316
nm1001918	Annie Ander Sinn	1975	\N	actress	tt3329706,tt0326596,tt0163667,tt4538446
nm1001919	Adele Sisti	\N	\N	make_up_department,costume_department,costume_designer	tt0065460,tt0079612,tt0075795,tt0207430
nm1001920	Sivga	\N	\N	actress	tt0434666,tt0287400,tt5641620
nm1001922	Skippy	\N	\N	actor	tt0286592
nm1001923	Laurent Sky	\N	\N	director,camera_department,actor	tt0417676,tt0988734,tt0463685,tt15562440
nm1001924	Sladan	\N	\N		tt0283801
nm1001925	Erwina Sleutel	\N	\N	costume_department	tt0119512,tt0251141,tt0165196
nm1001926	Ana Sliska	\N	\N	actress	tt0052783
nm1001927	Olivia Slot	\N	\N	miscellaneous,assistant_director,production_manager	tt0111338,tt0112872,tt0287203,tt4276096
nm1001928	Jørgen Slottved	\N	\N	assistant_director	tt0287440
nm1001929	Steve Smithwick	\N	\N	production_designer,art_department,set_decorator	tt5146182,tt7577796,tt0238796,tt0310673
nm1001930	Josef Smolcic	\N	\N	camera_department	tt0277703,tt5567494,tt8747378
nm1001931	Tony Smurfit	\N	\N	producer	tt0211531
nm1001932	Wende Snijders	1978	\N	actress,soundtrack	tt1334429,tt3257638,tt0390833,tt0287979
nm1001934	Viktor Sobolenko	\N	\N	composer	tt0372449,tt0287566
nm1001935	Sharmishtha Sohoni	\N	\N	visual_effects	tt0480249,tt0478970,tt0346156,tt0259711
nm1001936	Mark Sokolowski	\N	\N	actor	tt0888509,tt0287587
nm1001937	Marina Sokovic	\N	\N	miscellaneous	tt0279555
nm1001938	Luis Solares	\N	\N	actor	tt0052783
nm1001939	Miguel Solórzano	\N	\N	actor	tt0287347,tt0135019,tt0287543,tt0131166
nm1001940	Thérèse Somano	\N	\N	camera_department	tt0186397,tt0204700,tt0156300,tt0209933
nm1001941	Leyla Somer	1958	\N	actress	tt10172276,tt8839344,tt0183337,tt14472152
nm1001942	Sergio Somigli	\N	\N	actor,miscellaneous	tt0159555,tt0046700
nm1001943	Marcelo Sommer	1967	\N	actor	tt0286320
nm1001944	Ron Sommerfeld	\N	\N	producer	tt0287287
nm1001945	Sofia Sondervan	\N	\N	producer,director,writer	tt0787524,tt1042877,tt0396688,tt1724597
nm1001946	Günter Sonnenberg	1925	1992	actor	tt0272973,tt0231598,tt0230696,tt0230585
nm1001948	Atul Sonpal	\N	\N	camera_department	tt10442360,tt0287185
nm1001949	Phillip Sorenson	\N	\N	camera_department	tt2334873,tt1800246,tt1723811,tt2229499
nm1001950	Jennifer L. Soulages	\N	\N	costume_department,costume_designer	tt0245686,tt0387564,tt11083552,tt1333125
nm1001951	Josette Soulas	\N	\N	actress	tt0108672
nm1001952	Paul-Louis Soulier	\N	\N	camera_department	tt0243616
nm1001953	Paulina Souza Erreguin	\N	\N	actress	tt0287432
nm1001954	Viro Sovy	\N	\N	visual_effects	tt0192789
nm1001955	Ilknur Soydas	\N	\N	actress	tt0287400,tt1056415,tt7989764,tt0826367
nm1001956	James Spadafore	\N	\N	miscellaneous,camera_department,editor	tt0233469,tt0112462,tt0118688,tt0141109
nm1001957	Adrian Spanna	\N	\N	camera_department,miscellaneous,art_department	tt2382320,tt0401729,tt1631867,tt0434409
nm1001959	Giselle Spence	\N	\N	costume_department,miscellaneous	tt2103281,tt3315342,tt0453467,tt1583421
nm1001960	Priscilla Sperandeo	\N	\N	actress	tt0151734
nm1001961	Leo Spindelaar	\N	\N	actor	tt0156349
nm1001962	Guilherme Spinelli	\N	\N	producer	tt0210314
nm1001964	Bärbel Springer	\N	\N	editorial_department,editor	tt0302244,tt0095856,tt0106288,tt0112013
nm1001965	Michael 'Scuch' Squicciarini	\N	\N	actor	tt0153882
nm1001966	Fernand Squinquel	\N	\N	actor	tt0043357,tt0031876
nm1001967	Brigitte St-Aubin	\N	\N	actress,soundtrack,animation_department	tt0316463,tt0813495,tt3158138,tt0287245
nm1001968	Dashiel St. Damien	\N	\N	producer,director,actress	tt0337691,tt0337693,tt1238304,tt0340384
nm1001969	Jirí Stac	\N	\N		\N
nm1001970	Todor Stamboliev	\N	\N	actor	tt0249383
nm1001971	Amie Stamp	\N	\N	miscellaneous	tt0119079,tt0131566
nm1001972	Metodi Stanoev	\N	\N	actor	tt0249383,tt0332244
nm1001973	Britnny Starford	\N	\N	actress	tt0284021
nm1001974	Tara Starling	\N	\N	make_up_department,actress	tt0412080,tt0962726,tt5926494,tt5751998
nm1001975	Marinos Stathopoulos	\N	\N	composer,music_department	tt12700018,tt0354602,tt0287555,tt1369617
nm1001976	Ivan Staykov	1931	\N	composer	tt0175507,tt0348771,tt0298350,tt0206669
nm1001977	Teeka Steeber	\N	\N	actress	tt0157197
nm1001978	Johnny Steggerda	\N	\N	soundtrack,composer	tt0934580,tt0259841,tt0260685
nm1001979	Ezekiel Steiner	\N	\N	miscellaneous	tt0240968,tt0203214,tt0190052,tt0221197
nm1001980	Neil A. Stelzner	\N	\N	editorial_department,production_manager,visual_effects	tt7137380,tt0477348,tt0138524,tt0887883
nm1001982	William Stierwalt	\N	\N	director,producer	tt0215452,tt6099592,tt0304429,tt0046593
nm1001983	Roberto Stiffi	\N	\N	camera_department	tt0090800,tt0097400,tt0100881,tt0090737
nm1001984	Bibita Stoenescu	\N	\N	editorial_department,sound_department,editor	tt0294646,tt0200630,tt0289320,tt0244511
nm1001985	Rob Stolk	\N	\N	actor	tt0061909
nm1001986	Pete Stone	\N	\N	actor	tt0178916
nm1001987	Fanny Stralen	\N	\N	actress	tt0181310
nm1001988	Flore Stralen	\N	\N	actress	tt0181310
nm1001989	Henrique Stroeter	\N	\N	actor,soundtrack	tt0331732,tt0121118,tt0373540,tt2215338
nm1001990	Vaclav Strozik	\N	\N	camera_department	tt2386231,tt1434429,tt0355295,tt0380599
nm1001991	Pablo Struck	\N	\N	writer,director	tt0408645,tt0287293,tt0287856,tt0409175
nm1001992	Phillip K. Stryker	\N	\N	actor	tt0286592
nm1001993	Jeff Stultz	\N	\N	art_department	tt0423370
nm1001994	Jay Stump	\N	\N	art_department	tt0229260,tt0165859,tt0146309
nm1001995	Zura Sturua	\N	\N	actor	tt0287550,tt0325602,tt0852540,tt0287568
nm1001996	Toshiko Suemune	\N	\N	actress	tt0287712
nm1001997	Fujiko Suetsugu	\N	\N	actress	tt0287679,tt10126362,tt0269468,tt0287750
nm1001998	Mimi Sugihara	\N	\N	actress	tt0287684
nm1001999	Jernej Sugman	1968	2017	actor	tt0320795,tt0281202,tt2096313,tt1085445
nm1002000	Yoshinari Sumimoto	\N	\N	actor	tt0459867
nm1002001	Yoshinaru Sumimoto	\N	\N	actor	tt0287690
nm1002002	Niraj Suvarna	\N	\N	art_department	tt0287185
nm1002003	Takaharu Suzuki	\N	\N	director,writer,assistant_director	tt0287375,tt2705714,tt0287510,tt2670802
nm1002004	Frances Sweeney	1955	\N	costume_department,art_department	tt2094766,tt9032400,tt0458339,tt1375666
nm1002005	Lisha Sweetnam	\N	\N	actress	tt0083193
nm1002007	Gábor Szikszai	\N	\N	actor	tt0123381
nm1002008	Traci Szymanski	\N	\N	actress,producer	tt0279902,tt8245946,tt2064427,tt2309123
nm1002009	Néstor Sánchez Sotelo	\N	\N	producer,director,writer	tt0287749,tt7319628,tt8286194,tt3224940
nm1002010	Lilla Sárosdi	1976	\N	actress	tt1092021,tt0856796,tt0290532,tt0269624
nm1002011	Eva Sípková	1970	\N	actress	tt0287361
nm1002012	Rich Tabach	\N	\N	miscellaneous,writer	tt0115351,tt0101081,tt5364518,tt0106037
nm1002013	Mike Tabeling	\N	\N		tt0196823,tt1171257,tt1146340
nm1002014	Hitomi Tachikawa	\N	\N	actress	tt0287751,tt0287750
nm1002015	Tara Tacquard	\N	\N	actress	tt0286612
nm1002016	Yukiyo Tada	\N	\N	actress	tt0287519
nm1002017	Anna Tafuri	\N	\N	costume_department	tt0151734
nm1002018	Lea Tafuri	\N	\N	writer,miscellaneous,script_department	tt3779780,tt7950716,tt3254016,tt0178132
nm1002019	Maurizio Taglia	\N	\N	production_manager,miscellaneous	tt0311675,tt0299263,tt0103065,tt0099008
nm1002020	Raymond Taillefer	\N	\N	actor	tt0285887
nm1002021	Lena Tajerova	\N	\N	costume_department,costume_designer,actress	tt1276419,tt0920458,tt1925435,tt0230183
nm1002022	Hidekazu Takahara	\N	\N	director,writer,editor	tt0287690,tt1929181,tt1303232,tt2668158
nm1002023	Janet Tamaro	1961	\N	writer,producer,miscellaneous	tt0465353,tt0411008,tt0460627,tt1551632
nm1002024	Anjali Taneja	1976	\N	writer,actress,producer	tt5220590,tt0327299,tt20122554,tt4662902
nm1002026	Donovan Tangonan	\N	\N	miscellaneous	tt0165196
nm1002027	Ahmet Hamdi Tanpinar	1901	1962	writer,music_department,soundtrack	tt0287433,tt0410369,tt0431476,tt16212836
nm1002028	Jesse Tarlouren	\N	\N	actor	tt0112166
nm1002029	Zoi Tatopoulos	\N	\N	actress	tt1037948,tt0245775
nm1002030	Yumiko Tatsuno	\N	\N		\N
nm1002031	Conny Tavenier	\N	\N	actress	tt0061909
nm1002032	Caroline Tavernier	\N	\N	costume_designer,costume_department,actress	tt3223302,tt1390405,tt0407342,tt0204700
nm1002033	Alice Pender Taylor	\N	\N	camera_department	tt0097230,tt0096302,tt0141270
nm1002035	Christina Teague	\N	\N	actress	tt0033153,tt0034808
nm1002036	Adrian Teijido	\N	\N	cinematographer,camera_department	tt10697078,tt2707408,tt8750570,tt8905964
nm1002038	Çetin Tekindor	1945	\N	actor	tt1668191,tt6316138,tt0476735,tt0368824
nm1002039	Nietta Tempesta	\N	\N	actress	tt0203110
nm1002040	Monique Ten Hoedt	\N	\N	actress	tt0071117
nm1002041	Charles Tenneson	\N	\N	producer	tt0192326,tt0150010
nm1002042	Tennisen	\N	\N	editor	tt0204481
nm1002043	Yuliya Teofanova	\N	\N	actress	tt0172766
nm1002044	Kyle Terril	\N	\N	miscellaneous	tt0243832
nm1002045	Yildiz Tezcan	1945	\N	actress,composer	tt0217782,tt6705448,tt0418846,tt0431284
nm1002046	Uday Thaker	\N	\N	editorial_department	tt0287185
nm1002047	Gary the Retard	1952	\N	actor,director	tt10463692,tt0287787,tt0361394,tt0495046
nm1002048	Stratoula Theodoratou	\N	\N	director,writer,assistant_director	tt1990215,tt0810999,tt1670648,tt1721107
nm1002049	Myriam Theodoresco	\N	\N	actress	tt0204700
nm1002051	Erik Thielst	\N	\N	cinematographer	tt0311814,tt0287443
nm1002052	Udo Thies	1958	\N	actor	tt0835962,tt0103420,tt0108979,tt0103434
nm1002053	Lucie Thivierge	\N	\N	script_department	tt0168246,tt0223579,tt0224021,tt0223664
nm1002054	Jeanine Thomason	\N	\N	production_manager,miscellaneous	tt0165196,tt2008597
nm1002055	Mark Thompson-Ashworth	1964	\N	miscellaneous,actor,writer	tt1924396,tt3278330,tt0493289,tt13655580
nm1002056	Greg Thorneycroft	\N	\N	writer	tt0078704
nm1002057	Allison Thumboo	\N	\N	miscellaneous	tt0131566
nm1002058	Cecille Thurlowe	1914	2001	actress	tt0030867
nm1002059	Marylou Tibaldo-Bongiorno	\N	\N	producer,director,writer	tt1033496,tt0385841,tt1881000,tt6431556
nm1002060	Francis Tilmont	\N	\N	actor	tt0260685,tt0259841
nm1002061	Beppe Tinelli	\N	\N	cinematographer	tt0131511,tt0287355
nm1002062	Phil A. Tio	\N	\N	editorial_department	tt0167304
nm1002063	Vivek Tiwari	\N	\N	director,editorial_department	tt6122112,tt3264814,tt6119242,tt1094158
nm1002064	Wanda Tiziani	\N	\N	actress	tt0287343
nm1002065	Fulvio Todesco	\N	\N	camera_department	tt0160236,tt0290334
nm1002066	Fabio Tofi	\N	\N	actor	tt0151734
nm1002067	Ümit Tokcan	\N	\N	actor	tt12624896,tt6613620,tt9738436,tt13888106
nm1002068	Denis Tolton	\N	\N	transportation_department	tt0097937,tt0104522
nm1002069	Roland Tomalla	\N	\N	camera_department	tt12536294,tt1714915,tt2126235,tt0280974
nm1002070	Gastone Tomassoni	\N	\N	production_manager	tt0045695,tt0056427
nm1002071	Roy Tomer	\N	\N	music_department	tt0239728,tt0259974
nm1002073	Norimasa Tomizuka	\N	\N	actor	tt0287291
nm1002074	Renato Tondinelli	\N	\N	actor	tt0151734
nm1002075	Duro Toomato	\N	\N	actor	tt0212149,tt3277686,tt0156349,tt0104243
nm1002076	Minazuki Tooru	\N	\N	animation_department	tt0237985
nm1002077	Dick Top	1941	2010	actor	tt0079602
nm1002078	Christos Topoulos	\N	\N	actor	tt1661244,tt0092389,tt1294422,tt7006358
nm1002079	Pau Torelló	\N	\N	actor	tt0352112,tt0364838,tt0265426,tt0465117
nm1002080	Fernando Torquato	1967	\N	make_up_department,actor,costume_department	tt0488259,tt1989164,tt2887114,tt1353144
nm1002081	Maurizio Torrealta	\N	\N	actor	tt0151734
nm1002082	Jack Tottenham	\N	\N	actor	tt0040874
nm1002083	Vladimir Trandafilov	1897	1972	actor	tt0289862,tt0331313,tt0332528,tt0314682
nm1002084	Luka Tratnik	1984	\N	actor	tt0281202
nm1002085	Patrick Tresch	\N	\N	cinematographer,camera_department,director	tt0287538,tt15545670,tt1826747,tt2861830
nm1002087	João Silvério Trevisan	1944	\N	writer,composer,miscellaneous	tt0261082,tt0287616,tt1512245,tt0077460
nm1002088	Nathaniel Tripp	\N	\N	assistant_director	tt0069226
nm1002089	Monique Trnka	\N	\N	producer	tt0320744,tt0217172,tt1388885,tt1977037
nm1002090	Trubsky	\N	\N	actor	tt0031144
nm1002091	André Trébuchet	\N	\N	production_designer	tt0124314
nm1002092	Idyli Tsaliki	\N	\N	composer,actress	tt0287259,tt16450542,tt9535182,tt5109910
nm1002094	Elsa Tsartsidou	\N	\N	producer,production_manager,actress	tt0179653,tt11081980,tt14631410,tt5587460
nm1002095	Damonde Tschritter	\N	\N	actor,writer,producer	tt4730688,tt0282695,tt11224332,tt4730720
nm1002097	Maka Tskitishvili	\N	\N	actress,composer	tt0287550,tt0821764
nm1002098	Kyoko Tsuchiya	\N	\N	animation_department	tt0204338
nm1002099	Seiichi Tsukada	\N	\N	producer,executive	tt0204700
nm1002100	Miyuki Tsurugi	\N	\N	actress	tt1726574,tt0287312,tt2973418,tt1314819
nm1002101	Keiko Tsuzuki	\N	\N	actress	tt3390720,tt0199009,tt0287428,tt0287505
nm1002102	Neigel Tuilulu	\N	\N		tt0287499
nm1002104	Liz Trevena Tyers	\N	\N	make_up_department	tt3271372,tt0241383,tt0187623,tt1888075
nm1002105	Tracy Tyreman	\N	\N	camera_department	tt0188859,tt0277744,tt0216746,tt0460681
nm1002106	Dimitris Tzelas	\N	\N	director,writer,actor	tt5210348,tt10701096,tt1373271,tt0289497
nm1002108	Kimio Uchida	\N	\N	writer	tt0013819
nm1002109	Toshiya Ueno	1963	2013	director,assistant_director,actor	tt3583640,tt0287656,tt1781825,tt1929181
nm1002111	Milton Updegraph	\N	\N	actor	tt0078370
nm1002112	Hal Uplinger	1929	2011	producer	tt0261024
nm1002113	Sergio Urbelz	\N	\N	actor	tt0082877
nm1002114	Dato Urushadze	\N	\N	director,actor,writer	tt0821793,tt0171080,tt0287561
nm1002116	Meral Utaci	\N	\N	actress	tt5335932,tt5547542,tt0287310
nm1002118	Alexandre Uzureau de Martynoff	\N	\N	actor	tt0204700
nm1002119	Liza Vacca	\N	\N	miscellaneous	tt0287707
nm1002120	Urvashi Vaid	1958	2022		tt0424309,tt7603780,tt0160554,tt7315826
nm1002121	Guillé Valencia	\N	\N	actress	tt0287658
nm1002122	Mikolaj Valencia	\N	\N	visual_effects,miscellaneous,director	tt7422258,tt4523530,tt1764183,tt1769363
nm1002123	Christi-Anne Valentine	\N	\N	art_department,miscellaneous	tt0131646,tt0146316
nm1002124	Noël Vallerand	\N	\N	writer	tt0189290
nm1002125	Jits Van Belle	\N	\N	actress	tt8106538,tt0217221,tt0948530,tt3983640
nm1002126	R. Van Boolen	\N	\N	actor	tt0133325
nm1002128	Barry Van Niekerk	\N	\N	assistant_director,miscellaneous	tt0218411,tt0285335,tt0215841,tt0301338
nm1002130	Axel Van der Vliegen	\N	\N	actor	tt0239182
nm1002131	Marcel Van	\N	\N	actor	tt0270733
nm1002133	Mike Vanderhorst	\N	\N	art_department	tt0196751,tt0334541,tt0490086,tt0146402
nm1002134	Gus Vanderkolk	\N	\N	actor	tt0286713
nm1002135	Patrick Vanhorn	\N	\N		tt0287206
nm1002136	Emilia Varini	\N	\N	actress	tt0026168
nm1002137	Iosif Vasile	\N	\N	special_effects	tt0337744,tt0287733
nm1002138	Gian Orlando Vassallo	1881	1960	director,writer,actor	tt1705924,tt0287343,tt0457119,tt1606817
nm1002139	Norman Vaughn	\N	\N		tt0106053,tt0391588
nm1002140	Philippe Vecchi	1964	2017	actor	tt0181289,tt0320020,tt2245041,tt5032218
nm1002141	Angel Vega	\N	\N	actor	tt0210075
nm1002142	Almudena Velilla	\N	\N	actress	tt0082877
nm1002143	Natalia Velilla	\N	\N	actress	tt0082877
nm1002144	Julie Verdoux	\N	\N	editor,editorial_department	tt0189142,tt0201483,tt0256765,tt0259448
nm1002145	Servet Verdzadze	\N	\N	producer	tt0287568
nm1002146	Danny Vermont	\N	\N	writer,actor,producer	tt2379180,tt0108897,tt0350448,tt1489432
nm1002147	Bob Verstraeten	1921	\N	actor	tt0122477,tt0071117,tt0071386,tt0073376
nm1002148	Konny Veslemes	\N	\N	camera_department	tt0239728
nm1002149	Pierre Viala	\N	\N	actor	tt0192011
nm1002151	Rafael Villacorte	\N	\N	costume_department	tt0118688
nm1002152	Jessica Everleth	\N	\N	producer,director,writer	tt0381740,tt5987842,tt0287634,tt8385496
nm1002153	Melanie Villines	\N	\N	miscellaneous,casting_department,producer	tt8293276,tt0287634,tt7603552,tt5987842
nm1002154	Vilma	\N	\N	actress	tt0181753,tt0162856
nm1002155	Caitlin Vincent	\N	\N	actress	tt0286713
nm1002156	Daniel Violiati	\N	\N	composer	tt0069117
nm1002157	Paven Virk	\N	\N	miscellaneous,actress,writer	tt0213001,tt0324696,tt0286499,tt0096555
nm1002158	Nando Vitali	\N	\N	writer	tt0032212,tt0026067,tt0287343
nm1002159	Consuelo Viveros Alanis	\N	\N	actress	tt0287432
nm1002161	Ernest Volkman	\N	\N	writer	tt1934756,tt0294205,tt1280729,tt0287336
nm1002162	Carla Volpato	\N	\N	production_designer,costume_designer,art_department	tt0287098,tt0100807,tt0327555
nm1002163	Terry Von Hightower	\N	\N	actor	tt0153882,tt1496774
nm1002164	Alexi Von Mueller	\N	\N	actress	tt0287587
nm1002165	Cees Vossen	\N	\N	actor	tt0151902
nm1002166	Pauline Vounikoglou	\N	\N	actress	tt0245834
nm1002167	Myriam Vourou	\N	\N	actress	tt0217745,tt0216589,tt0287320,tt0164021
nm1002168	Zdenek Vrubel	\N	\N	miscellaneous,casting_department	tt0287839,tt0295701,tt0300471,tt0187738
nm1002170	Victor Wade	\N	\N	visual_effects,miscellaneous	tt1060277,tt0373889,tt0120804,tt0370263
nm1002172	Melissa Walden	\N	\N	make_up_department	tt0097230,tt0089555
nm1002173	Oliver Waldhauer	\N	\N	writer,producer,director	tt3672026,tt0309110,tt9784586,tt0277703
nm1002175	Maria Warburg	1952	\N	actress	tt0104252,tt0062583,tt0958967,tt0286336
nm1002176	Ross Wassermann	\N	\N		tt0287496
nm1002177	Laurent Wassmer	\N	\N	editor,editorial_department,sound_department	tt0109855,tt0290218,tt0233014,tt0855007
nm1002178	Chikato Watabiki	\N	\N	casting_director	tt1632459,tt1411822,tt13168284,tt0287519
nm1002179	Daniel Wayenberg	1929	2019	soundtrack,actor	tt0287195,tt3577498,tt0353063,tt5151830
nm1002180	Arizona Webb	\N	\N	script_department	tt0097230
nm1002181	Willem Weemhoff	\N	\N	director,editor,actor	tt0287979,tt0976155
nm1002182	Eisso Weert	\N	\N	actor	tt0266316
nm1002183	Fred van der Weide	\N	\N	actor	tt0060774,tt0077923
nm1002184	Joe Wein	\N	\N	writer,director,editor	tt0286947,tt1071217,tt1568346,tt8849102
nm1002185	Max Wein	\N	\N	actor,writer,producer	tt0094574,tt0286947,tt0377048
nm1002186	Ron Wein	\N	\N	actor	tt0286947
nm1002188	Eberhard Weißbarth	1948	\N	writer,director,actor	tt1275652,tt0125644,tt3210600,tt0089736
nm1002189	R.P. Wellington	\N	\N	actress	tt0158628,tt0102230
nm1002190	Birgitta Wenck	\N	\N	editorial_department	tt0075474,tt0174431
nm1002191	Heinz Wennemers	\N	\N	production_manager	tt0322450,tt0821065,tt0806901,tt0121027
nm1002192	Clark Westerman	\N	\N	writer,producer,executive	tt1268812,tt0839985,tt0287691,tt0284754
nm1002193	Michelle M. Wheeler	\N	\N	actress	tt0078370
nm1002194	Caroline Whiteley	\N	\N	editorial_department,visual_effects	tt0256375,tt0382806,tt0437447,tt0809931
nm1002195	King Whyte	\N	\N	actor	tt0258014,tt0308661
nm1002196	Amy Wible	\N	\N	miscellaneous	tt0160236
nm1002197	Annette Wickline	\N	\N	actress	tt0379615,tt0178916
nm1002198	Wiley Wisdom	1956	2020	actor	tt0098844,tt0153882
nm1002199	Suzanne Wiesenberg	\N	\N	transportation_department	tt0188859
nm1002200	Marcel de Wijs	\N	\N	actor	tt0077907
nm1002201	Squeak Wilentz	\N	\N	actor	tt0287487
nm1002202	Gertina Willemse	\N	\N	actress	tt0190541
nm1002203	Erik Wingquist	\N	\N	actor	tt0090808
nm1002205	René Wnenk	\N	\N	actor	tt0270733
nm1002206	Chris Rafael Wnuk	1971	\N	composer,music_department,actor	tt5070062,tt0257255,tt12846754,tt1263657
nm1002207	Phetthai Vongkumlao	\N	\N	actor,director,writer	tt2595182,tt0368909,tt0427954,tt0785035
nm1002208	Pablo Wood	\N	\N	costume_designer	tt0213127
nm1002209	Madeleine Worrall	1977	\N	actress	tt0918940,tt0368658,tt1109624,tt2381991
nm1002210	Manuela Wrage	\N	\N	editorial_department,editor	tt0846838,tt0090440,tt0106078
nm1002211	James Wright	1927	\N		tt1735525,tt0244339,tt0270147,tt0407361
nm1002212	Vicka Wust	\N	\N	actress	tt0061909
nm1002213	Filip Wyloeck	\N	\N	miscellaneous	tt0129114
nm1002214	Henry Wyndham	\N	\N	actor	tt1307614,tt0283883,tt0146316
nm1002215	Richard Wynnyk	\N	\N	miscellaneous,transportation_department	tt0120667,tt0770828,tt5758778,tt0429493
nm1002216	Gjergj Xhuvani	1963	2019	director,writer,miscellaneous	tt1426360,tt0395489,tt0287708,tt0347667
nm1002218	Emiko Yamauchi	1953	\N	actress	tt2287434,tt0424687,tt0224077,tt8262058
nm1002219	Maria Yanagisawa	1984	\N	actress,miscellaneous	tt0287312,tt0363858,tt0452019
nm1002220	Konstantin Yanakiev	1918	1999	cinematographer,camera_department	tt0234484,tt0314682,tt0311351,tt0309555
nm1002221	Bogomil Yanchulev	\N	\N	production_designer	tt0175507
nm1002222	C.Y. Yang	\N	\N	producer,miscellaneous,writer	tt0198631,tt0164455,tt0074624,tt0076698
nm1002224	Akihiko Yatsumaki	\N	\N	producer,director,assistant_director	tt0287663,tt0287515,tt2331994,tt2275742
nm1002225	Ed Yeates	\N	\N	writer	tt0078370
nm1002226	Sherma Yeates	\N	\N	writer	tt0078370
nm1002227	Oshin Yeghiazariantz	\N	\N	writer,art_director	tt0254199,tt15386574
nm1002228	Ferhat Yilmaz	1973	\N	actor,visual_effects,producer	tt14878948,tt0470883,tt0287285,tt4368072
nm1002229	Monique Yolande	\N	\N	actress	tt0270733
nm1002230	Ayako Yoshimura	\N	\N	actress	tt0287698
nm1002232	Mercedes Younger	\N	\N	production_designer,art_director,art_department	tt0446010,tt4538670,tt0368226,tt5546352
nm1002234	Mika Yuki	\N	\N	actress	tt0287478
nm1002235	Yuriko Senba	\N	\N	animation_department	tt0080217,tt0237985,tt0982094,tt0318715
nm1002236	Felixin Yuste	\N	\N	actor	tt0053789,tt0052783,tt0054660
nm1002237	Guido Zaccagnini	\N	\N	actor,composer	tt0151734,tt0420215,tt0200257,tt0178002
nm1002238	Victoria Zanotto	\N	\N		tt0128438
nm1002239	Vittoria Zappi	\N	\N	costume_department	tt0151734,tt0467521,tt0300623
nm1002240	Nelly Zargarian	\N	\N	actress	tt0204700
nm1002241	Dariusz Zawislak	1972	\N	producer,director,writer	tt0293709,tt2576840,tt1263657,tt0257255
nm1002242	Sarka Zazvorkova	\N	\N	costume_department,costume_designer	tt2493486,tt0375154,tt3717252,tt5690810
nm1002243	Amy Zell	\N	\N	actress	tt0286132
nm1002244	Ineke van Zelm	\N	\N	actress	tt0061909
nm1002245	Olivia Zetina	\N	\N	actress	tt0287432
nm1002246	Leon Zimen	\N	\N	producer	tt0287620
nm1002247	Sylvan Zimmerman	\N	\N	art_department	tt0081400
nm1002248	Monika Zimmermann	\N	\N	production_manager	tt0806910,tt0266390,tt0119071,tt0103687
nm1002249	Jules Zingg	\N	\N	director,writer,cinematographer	tt3063714,tt3063712,tt13010632,tt3063720
nm1002250	Pamela Ziolowski	\N	\N	actress	tt0287191
nm1002251	Valéria Zopello	1974	\N	actress,casting_department	tt2650940,tt0210410,tt0236898,tt16979752
nm1002252	Ravi Zupa	\N	\N	art_department,camera_department	tt0187559,tt0122353,tt0287558
nm1002253	Charley Zurian	\N	\N	special_effects,transportation_department	tt0183523,tt2274760,tt0118688,tt0112462
nm1002254	Dalila Zuñiga	\N	\N	actress	tt1825425,tt4165878,tt0287557,tt2468400
nm1002255	Arturo Zárate	\N	\N	casting_department	tt0285823,tt0380538,tt0401740,tt0903627
nm1002256	Genaldo da Silva	\N	\N	production_manager	tt0069117
nm1002257	Daiane de Almeida	\N	\N	actress	tt0228778,tt0286320
nm1002258	Wagner de Assis	\N	\N	writer,director,producer	tt7428862,tt4959972,tt0398838,tt9213932
nm1002259	Manny de Dilva	\N	\N	actor	tt0283328
nm1002260	Jô de França	\N	\N	costume_department	tt0286320
nm1002261	Louis de Nalair	\N	\N	actor	tt0157685,tt0178412
nm1002262	Boni	1935	\N	director,music_department,miscellaneous	tt0287242,tt2831076,tt4857496,tt0381753
nm1002263	Elcimar de Oliveira	\N	\N	producer	tt0254753
nm1002264	de Ricaire	\N	\N	production_manager	tt0198935
nm1002265	Marc-Camille de Saye	\N	\N	actor	tt0270733
nm1002266	Olive de Wilton	1898	1968	actress	tt0223579,tt8702244,tt5531570,tt5338628
nm1002267	Martha de la Mora	\N	\N	actress	tt0287658,tt0337046
nm1002269	Lucía del Río	\N	\N	manager,miscellaneous,actress	tt1382416,tt0374569,tt0473360,tt1164999
nm1002270	Ricardo Álvarez Canales	\N	\N	writer,director,script_department	tt11243606,tt5473706,tt13244588,tt1244672
nm1002273	Mitalip Çoça	1933	1998	director,cinematographer,writer	tt0296200,tt0287765,tt0295804,tt0296155
nm1002274	Marianne Östlund	\N	\N	actress	tt3367810,tt0090808,tt3061218
nm1002275	Christian Østrup	\N	\N		tt0287441
nm1002276	Ferhat Ünal	1949	\N	actor	tt0492022,tt14495812,tt2137706,tt8839400
nm1002277	Peter Adam	\N	\N	actor	tt0181310
nm1002278	Kevin Adams	\N	\N		tt0198126,tt0331146,tt0981201,tt22085680
nm1002279	Andre	\N	\N		tt0162856
nm1002280	Chris Anthony	1970	\N	actor	tt0209464,tt0125676,tt0208942,tt0266849
nm1002281	Steve Bartlett	\N	\N	actor	tt0078370
nm1002283	José Bernal	\N	\N	actor	tt0251777,tt0287438,tt0271701
nm1002284	Bill Brown	\N	\N	actor	tt0097230
nm1002285	Tony Bishop	\N	\N	actor	tt0463330,tt0078370
nm1002286	John Bliss	\N	\N		\N
nm1002287	Donald Booth	\N	\N	actor	tt0287558,tt1509178
nm1002288	Pat Burns	1952	2010		tt0397812,tt6967244,tt6342164,tt0287627
nm1002289	Brett Butler	\N	\N	sound_department,actor,writer	tt0278877,tt1300851,tt2467046,tt3017262
nm1002291	Chakrapani	\N	\N	actor,make_up_department	tt0311753,tt1407297,tt0267950,tt0261940
nm1002292	Barry Chapman	\N	\N	actor	tt0286947
nm1002293	David Combs	\N	\N	actor	tt0115082,tt0069658,tt0287390,tt0057731
nm1002294	Dave Corey	\N	\N	actor	tt0287558
nm1002295	Fred Cox	\N	\N	actor	tt0017088
nm1002296	Sam Curtis	\N	\N	actor	tt0024659
nm1002297	Michael Davis	\N	\N	actor	tt0045654,tt0358830,tt0056751,tt0418386
nm1002299	Patrick Dean	\N	\N	actor	tt0208942
nm1002300	John Dorsey	\N	\N	actor	tt0112166,tt0310906
nm1002303	Ezequiel	\N	\N	actor	tt0082877
nm1002304	Daniel Fenton	\N	\N	actor,director,producer	tt4834426,tt2879554,tt0285135,tt1961680
nm1002305	Miguel Fernández	\N	\N	actor	tt0283601
nm1002307	Rick Gardner	\N	\N	actor	tt0071753
nm1002308	David Glass	\N	\N	actor	tt0220138,tt0153882
nm1002309	Jorge González	\N	\N	actor	tt0287658
nm1002310	Pedro González	\N	\N	actor	tt0082877
nm1002311	Johnny Griffin	1986	\N	actor	tt0254626,tt0494594,tt0271308,tt0385442
nm1002314	Jesse Hays	1938	\N	actor	tt0078370
nm1002315	Robert Henderson	\N	\N	actor	tt0054793,tt0157197
nm1002316	Hiroshi Ichimura	\N	\N	actor	tt0223782,tt0062850,tt0204504,tt0402892
nm1002318	Jim Kerr	1959	\N	soundtrack,composer,actor	tt0368709,tt0865554,tt0133952,tt0368479
nm1002320	Laura Lee	1945	\N	actress	tt1334307,tt0055708
nm1002321	Paul Lee	1966	\N	actor	tt0178602,tt0142554,tt0131885,tt0153168
nm1002322	Manuel Martín	\N	\N	actor	tt0283123,tt0297174,tt0414290,tt1790024
nm1002323	Bill Mays	\N	\N	actor,music_department	tt0067850
nm1002324	Mike McClure	\N	\N	actor	tt0078370
nm1002325	Don McGill	\N	\N	actor	tt0066649,tt0223579,tt0348926,tt1415092
nm1002326	David McGrath	\N	\N	actor	tt0157197
nm1002327	John McIntyre	\N	\N	actor,sound_department	tt0287422,tt0392723
nm1002328	Brian McLeod	\N	\N		tt0287499
nm1002329	Aaron Murphy	1992	\N	actor	tt0412080,tt0287645,tt0414762,tt0357507
nm1002330	Pat Nowak	\N	\N		tt0287309
nm1002331	Mark O'Brien	\N	\N	actor	tt0151902
nm1002332	Dave Olson	\N	\N	actor	tt0078370
nm1002333	Erik Pedersen	\N	\N	actor	tt0196114
nm1002334	Drew Powell	\N	\N	actor	tt0166195
nm1002336	Ricardo	\N	\N	actor	tt0071117
nm1002337	Dick Robinson	\N	\N	actor	tt0078370
nm1002339	Gabriel Rodríguez	\N	\N	actor	tt0100546,tt3150076,tt0287290
nm1002341	Juan Romero	\N	\N	actor	tt0052783
nm1002342	Akira Sakai	\N	\N	actor	tt0287482,tt0322349,tt2308672,tt0318016
nm1002343	Jason Scott	\N	\N	actor	tt0286922
nm1002344	Richard Scott	\N	\N	actor	tt0914702,tt3270434,tt0159863,tt0162810
nm1002345	James Shaw	\N	\N	actor	tt0287422,tt0392723
nm1002347	Tom Smith	\N	\N	actor	tt0286592,tt6671098
nm1002348	Robert Steiner	\N	\N	actor,miscellaneous	tt1842602,tt0290594,tt1054112,tt16436694
nm1002349	Paul Swanson	\N	\N		tt0254888
nm1002350	Butch Taylor	1959	\N		tt0305056,tt0277658,tt0385637,tt0468510
nm1002351	Kevin Thompson	\N	\N	actor,producer	tt0762112,tt0366579,tt0784158,tt3583694
nm1002352	Peter Townend	1953	\N	actor,stunts	tt0077235,tt1738355,tt1256633,tt0157567
nm1002353	Venu Thottempudi	\N	\N	actor	tt1612059,tt3413858,tt3395024,tt15028848
nm1002354	John Wade	\N	\N	actor	tt0223579
nm1002355	Chris Ward	1975	\N	actor,writer,miscellaneous	tt0455326,tt0452625,tt0278877,tt1007028
nm1002356	Rick Warren	\N	\N	actor	tt0158552,tt0282481
nm1002358	James West	\N	\N	actor	tt0208942
nm1002359	J. Willet	\N	\N	actor	tt0112166
nm1002360	Jeff Williams	\N	\N	actor	tt0286592
nm1002361	Chris Wilson	\N	\N		tt0199190
nm1002362	Paul Wilson	\N	\N	art_department,miscellaneous	tt0329767,tt0457655,tt0432972,tt0291395
nm1002363	Tracey Anderson	\N	\N	actress	tt0078370
nm1002364	Cindy Burrows	\N	\N	actress	tt0286592
nm1002365	Cleopatra	1971	\N	actress	tt15244142,tt0862654,tt0470155,tt0874883
nm1002366	Catharine Cooke	\N	\N	director,actress,miscellaneous	tt9144494,tt8723824,tt10163204
nm1002367	Marie Cruz	\N	\N	actress	tt0160610,tt0191129
nm1002368	Debby Lagranha	1991	\N	actress	tt0391726,tt0399811,tt0294543,tt0144724
nm1002369	Francisca	\N	\N	actress	tt0082877
nm1002370	Georgina	\N	\N	actress	tt0132330,tt0166909,tt0129798
nm1002371	Ginger	\N	\N	actress	tt0287327
nm1002372	Michelle Graf	\N	\N	actress	tt0150522
nm1002373	Mariko Hoshi	\N	\N	actress	tt0287528,tt0226752,tt3638640,tt2272506
nm1002374	Jill Hunter	\N	\N		\N
nm1002375	Sandra Jackson	\N	\N	actress	tt0123816,tt0182575,tt0274298,tt0414196
nm1002376	Jessica	\N	\N	actress	tt0287327
nm1002377	Sally Jones	\N	\N	actress	tt0078370
nm1002379	Kelly	\N	\N	actress	tt0287327
nm1002380	Gina Marie	\N	\N	actress	tt0287327
nm1002382	Anne McLeod	\N	\N		tt0287499
nm1002384	Nicole	\N	\N	actress	tt0287290
nm1002385	Bente Simonsen	\N	\N	actress	tt0126988
nm1002386	Tamara	\N	\N	actress	tt0071117
nm1002388	Vicky	\N	\N		tt0283801
nm1002389	Margaret Williams	\N	\N	actress	tt0218411,tt0215841
nm1002390	Yvonne	1953	\N	actress	tt1193558,tt2006225,tt0427693,tt0279196
nm1002391	Debra Zane	\N	\N		\N
nm1002393	Kevin Clark	\N	\N	art_department	tt0409459,tt3450958,tt2103281,tt1318514
nm1002394	Scott Davis	\N	\N	art_department	tt0280490,tt0450381
nm1002395	Lionel Doucette	\N	\N	art_department	tt0311863,tt0344487,tt0160236
nm1002396	John Dugan	\N	\N	art_department	tt0443706,tt1399103,tt2231461,tt0942385
nm1002397	Paul Fleming	\N	\N	art_department	tt0101605,tt0107207,tt0099594,tt0097937
nm1002398	Kenny Gibbs	\N	\N	art_department,actor	tt2226597,tt0401855,tt0359013,tt0120657
nm1002401	Sarah Martin	\N	\N	art_department,production_designer,set_decorator	tt0258862,tt0486652,tt0450345,tt0283942
nm1002402	Rob Morton	\N	\N		\N
nm1002403	Matt Johnson	\N	\N	art_director	tt0190052,tt0823174
nm1002404	Paul Bennett	\N	\N	assistant_director	tt0490181,tt6654210,tt0816711,tt0206634
nm1002405	Alberto De Martino	\N	\N	assistant_director	tt0151734
nm1002406	Gordon MacDonald	\N	\N	assistant_director,producer,miscellaneous	tt0120667,tt0965394,tt2103281,tt1842371
nm1002407	John McDonald	\N	\N	assistant_director	tt0097937
nm1002408	Danny McGrath	\N	\N	assistant_director,producer,costume_department	tt0955308,tt0988045,tt1446714,tt6679794
nm1002409	James Minor	\N	\N	assistant_director	tt0287707
nm1002410	David Morris	\N	\N	assistant_director	tt0245775
nm1002413	Lars Gustavsson	\N	\N	cinematographer,director,writer	tt0090808,tt7752888
nm1002415	Doug Scott	\N	\N	cinematographer	tt0287390
nm1002416	Christophe Chevalier	\N	\N	composer,soundtrack	tt0298126,tt0410410,tt0344485,tt0304897
nm1002417	Phil Davis	\N	\N	composer	tt0078370
nm1002418	Richard Kerr	1944	\N	soundtrack,composer,music_department	tt0147612,tt0127723,tt0810913,tt0463034
nm1002419	Joe King	\N	\N	production_manager	tt0853126,tt0855015,tt0857336
nm1002420	Mike Taylor	\N	\N	art_department,miscellaneous,animation_department	tt0363783,tt0287447
nm1002421	Simon Wright	1963	\N	actor,soundtrack	tt9296754,tt1711525
nm1002422	Akashdeep Sabir	\N	\N	actor,producer,director	tt2909396,tt0395668,tt11045422
nm1002423	Michael Bishop	\N	\N	director,composer,producer	tt0287644,tt0475352
nm1002424	Michael Dougherty	1974	\N	writer,director,actor	tt0290334,tt3850590,tt0348150,tt0862856
nm1002425	Erin Flannery	\N	\N	director,editor,producer	tt0287509
nm1002427	Mark Harris	\N	\N	producer,director	tt0287218,tt0463399,tt5340418,tt10162082
nm1002428	William Kent	\N	\N	director,editor	tt0287707
nm1002429	David MacMahon	1946	\N	director,producer,miscellaneous	tt22072372,tt1618427,tt0101068,tt1691888
nm1002430	Bob Smith	\N	\N	director	tt0229932
nm1002431	Michael Tracy	\N	\N	director	tt0287801
nm1002432	Yusuke Uchida	\N	\N	actor	tt0871960
nm1002433	Narendra	\N	\N	editorial_department	tt0287185
nm1002434	Eileen Barrett	1939	2021	make_up_department	tt1869716,tt0427392,tt0462338,tt0887883
nm1002435	Barry Nye	\N	\N	make_up_department	tt0223354,tt0223573,tt0159201,tt0055232
nm1002436	Christine Oliver	\N	\N	make_up_department	tt0287581
nm1002437	Karen Robinson	\N	\N	actress,make_up_department	tt0104575
nm1002438	Barbara Sanders	\N	\N	make_up_department,costume_department	tt0190590,tt0272020,tt0358273,tt0870154
nm1002440	Ron Anderson	\N	\N	visual_effects,animation_department,camera_department	tt0101917,tt0104412,tt0284968
nm1002442	Karen Worley	1961	\N	miscellaneous,art_department	tt5523010,tt6654210,tt4575576,tt1734493
nm1002443	Kirk Barton	\N	\N	miscellaneous	tt0190590
nm1002445	Robert Benevides	1930	\N	miscellaneous,actor,producer	tt0107951,tt0063874,tt0061266,tt0056777
nm1002446	Adam Bernstein	\N	\N	editorial_department	tt0287707
nm1002447	Bharadwaj	\N	\N	actor,camera_department	tt0065927,tt0315777,tt0145851,tt0287185
nm1002448	Michael J. Bowen	\N	\N	producer,production_manager	tt0887152,tt0317401,tt2645000,tt0286944
nm1002449	Jim Boyle	\N	\N	location_management	tt0202470,tt0117473,tt0107426
nm1002451	Karen Brooks	\N	\N	miscellaneous,producer	tt0105982,tt11252248,tt0448303,tt0770521
nm1002452	Linda Brown	\N	\N	costume_department,producer	tt0287558
nm1002453	Sarah Brown	\N	\N	costume_department	tt0287558
nm1002454	Alan Cassidy	\N	\N	miscellaneous	tt0287203
nm1002455	Chris Cenatiempo	\N	\N	camera_department	tt0327162,tt0318997,tt0218967,tt0462338
nm1002456	James Chapman	\N	\N	miscellaneous	tt0211336
nm1002457	Alan Coates	\N	\N	miscellaneous	tt0112904
nm1002458	Paul Cunningham	\N	\N	camera_department	tt0111438,tt0297181,tt0165929,tt0450314
nm1002459	Charles Drake	\N	\N	miscellaneous	tt0119528,tt0165854,tt0131857,tt0195685
nm1002460	Kate Eden	\N	\N	costume_department	tt5716464,tt12789558,tt1289403,tt0280770
nm1002462	Catherine Finn	\N	\N	miscellaneous	tt0120773
nm1002464	Tom Gilmore	\N	\N	camera_department	tt0287707,tt0094629
nm1002465	John Green	\N	\N	transportation_department	tt0097937
nm1002466	David Gunn	\N	\N	miscellaneous	tt0085110
nm1002467	Lisa Hakim	\N	\N	miscellaneous	tt0249591
nm1002468	Jesse Harris	\N	\N	camera_department	tt0382721,tt0180093,tt0177888
nm1002469	Ann Head	\N	\N	miscellaneous	tt0166458,tt0234570,tt0287203,tt0319531
nm1002472	Jeff Moore	\N	\N	director,writer,executive	tt0402051,tt1016030
nm1002474	Dan C. Johnson	\N	\N	actor,writer,miscellaneous	tt10166738,tt2722094,tt2853658,tt4419364
nm1002475	Andrew R. Jones	\N	\N	visual_effects,director,writer	tt0343818,tt0816711,tt3040964,tt0499549
nm1002476	Robert Kelly	\N	\N		tt0369190
nm1002477	Michael Levy	\N	\N	miscellaneous	tt0118688,tt0486531
nm1002478	Ed Lewis	\N	\N	casting_director,casting_department,miscellaneous	tt0246894,tt6415656,tt0264395,tt0363988
nm1002479	Barbara Long	\N	\N	miscellaneous,location_management	tt2106651,tt2140379,tt5500218,tt1276104
nm1002480	Sandy MacDonald	\N	\N	camera_department	tt0402910,tt0439815,tt0265944,tt0486640
nm1002481	Molly Malone	\N	\N	camera_department	tt0190052
nm1002482	John McNeill	\N	\N	cinematographer,camera_department	tt0129709,tt0224464,tt0388578,tt0281491
nm1002483	Barbara Miller	\N	\N	costume_department	tt0102753,tt0165859,tt0106266,tt0097138
nm1002485	Frank Mitchell	\N	\N	miscellaneous,location_management	tt0165196,tt1274300,tt0272338
nm1002486	Janice Moore	\N	\N	costume_department,costume_designer	tt0069226,tt0153225,tt0125837
nm1002487	Jack Morgan	\N	\N	production_manager	tt0115151
nm1002488	Erin O'Donnell	\N	\N	miscellaneous	tt0166485,tt0238924,tt0113321,tt0258000
nm1002489	David Ogle	\N	\N	camera_department	tt0204773,tt0287210,tt0207895,tt0078665
nm1002490	Ricardo Ortiz	\N	\N	miscellaneous	tt0287432
nm1002491	Mike Parker	\N	\N	actor	tt0302585
nm1002493	Mike Phillips	\N	\N	miscellaneous	tt0284968
nm1002494	Taylor Phillips	\N	\N	assistant_director,miscellaneous,producer	tt1059786,tt0457400,tt1440129,tt0477348
nm1002495	Pinky	\N	\N	actress,music_department,soundtrack	tt0118660,tt0321067,tt0215132,tt0156663
nm1002496	John Read	\N	\N	location_management,assistant_director,producer	tt0190590,tt7958736,tt0265666,tt11196036
nm1002498	Chip Robinson	\N	\N	transportation_department,camera_department	tt0095875,tt0181865,tt0120338,tt0165854
nm1002499	Andrew Sachs	\N	\N	miscellaneous	tt0165859
nm1002500	Sameer	\N	\N	actor	tt7757972,tt9664732,tt1447500,tt6861726
nm1002502	Jonathan Silver	\N	\N	location_management,miscellaneous	tt0141907,tt0129023,tt0138946
nm1002503	Gregory D. Smith	\N	\N	camera_department,actor	tt0208988,tt1838544,tt0112401,tt0147800
nm1002504	Carol Stewart	\N	\N	soundtrack	tt0039026
nm1002505	Matt Sullivan	\N	\N	location_management	tt7164084,tt0097230,tt0808399,tt1294213
nm1002506	Steve Wasserman	\N	\N	music_department	tt0475036
nm1002507	Kristina West	1963	\N	costume_department,costume_designer,producer	tt1754633,tt1748227,tt1498878,tt0104437
nm1002508	Barbara Whiting	\N	\N	miscellaneous	tt0130205,tt0103417,tt0115151
nm1002509	Michael Glenn Williams	\N	\N	music_department,actor,composer	tt0165854,tt0324554,tt0335563,tt1620981
nm1002510	David Wolfe	\N	\N	costume_designer,costume_department	tt1174732,tt0918940,tt7350790,tt0988820
nm1002511	Zaheer	\N	\N	camera_department,producer,miscellaneous	tt0177498,tt8150136,tt0060689,tt0248012
nm1002513	James Fee	\N	\N	production_manager	tt0086879
nm1002514	Jerzy Tomaszewicz	\N	\N	production_manager,miscellaneous	tt0077763,tt0287346,tt0262619,tt0176100
nm1002515	Stacey Adams	\N	\N	producer,director	tt19351968,tt0805417,tt0287203
nm1002516	Mark Adkins	\N	\N	producer	tt0287204
nm1002517	Salvador Arias	\N	\N	producer	tt0287741
nm1002518	Elizabeth Bennett	\N	\N	writer,director,producer	tt13286026,tt0287203
nm1002519	Jeffrey Brown	\N	\N	producer,writer	tt0287558,tt12104924,tt4368532,tt0247880
nm1002520	Harry Carlisle	\N	\N	producer,director,writer	tt0396303,tt0162114,tt0396355,tt0396316
nm1002521	Bob Clarke	\N	\N	producer	tt11127680,tt12708382,tt11696276
nm1002522	George Cook	\N	\N	producer	tt0287761
nm1002523	William Edwards	\N	\N	director	tt0304429
nm1002524	Mark Hannah	\N	\N	miscellaneous	tt0238303,tt0238304,tt0238305,tt0104512
nm1002525	Ron Harrison	\N	\N	producer,director	tt0281438,tt12485692,tt0287627,tt12483302
nm1002526	David Johnson	\N	\N	producer,editorial_department,production_manager	tt0407354,tt0287492,tt1756754,tt0401713
nm1002527	Michael Klein	\N	\N	producer	tt4807888,tt0079876,tt0082040
nm1002528	Sean Lee	\N	\N	producer	tt1364386,tt0278674
nm1002529	James McKenna	\N	\N	producer,director,writer	tt0173528,tt1170481,tt13606110,tt13606250
nm1002530	Christopher Newton	\N	\N	producer	tt0119622
nm1002531	Scott Parker	1974	\N	miscellaneous,music_department,producer	tt2106361,tt1677720,tt0452694,tt3272066
nm1002532	Mark Schwartz	\N	\N	producer,writer	tt1815843,tt0287464,tt1816079
nm1002533	Geraldo Silva	\N	\N	producer	tt0228778,tt3411268,tt0286320
nm1002534	Dave Smith	\N	\N	producer	tt0229932
nm1002535	Chris Wyatt	\N	\N	producer	tt0287206
nm1002537	Larry Bell	\N	\N	set_decorator	tt0118181
nm1002538	Al Green	\N	\N	sound_department	tt0135774,tt0274728,tt1169170,tt0328097
nm1002539	Richard Lee	\N	\N	sound_department,music_department	tt0112964,tt4573682,tt1265608,tt11958674
nm1002540	Thomas McGurk	\N	\N	sound_department,composer,music_department	tt8856150,tt3818776,tt0385845,tt0173528
nm1002542	Robert Pearson	\N	\N	art_department	tt0086541
nm1002543	Todd Schmidt	\N	\N	sound_department	tt2616972,tt1170481,tt0173528,tt1485058
nm1002544	Barry Wilson	\N	\N	sound_department	tt0092210,tt0084522
nm1002547	Tom Newman	\N	\N	special_effects	tt0118688
nm1002548	Jack Oakie	\N	\N	special_effects	tt0038474
nm1002549	John Shea	\N	\N	special_effects,make_up_department,art_department	tt0411951,tt0117731,tt0133152,tt0296572
nm1002550	Don Campbell	\N	\N	stunts	tt0239728
nm1002551	Chris Moore	\N	\N	stunts	tt0790618,tt0314786,tt0875705,tt0363547
nm1002552	John Moore	1936	\N		tt1782248
nm1002553	David Peterson	\N	\N	stunts	tt0190590
nm1002556	Carolyn Garcia	\N	\N	visual_effects,miscellaneous	tt0258463,tt0232500,tt0227445,tt0268695
nm1002557	Roberto Moreno	\N	\N	visual_effects	tt0155975,tt0160236,tt0131325,tt0134154
nm1002558	Chad Rogers	\N	\N	visual_effects	tt0120804,tt0209163,tt0187738,tt0146316
nm1002560	Stephen Clarke	\N	\N	writer,producer	tt6379788,tt5622794,tt6379798,tt14364556
nm1002561	Thomas Fuchs	\N	\N	writer	tt0222290,tt0063964,tt0083473
nm1002562	Mike Greene	\N	\N	composer,music_department,writer	tt0173528,tt0384779,tt0465353,tt0458276
nm1002563	Jack Jordan	\N	\N	writer	tt0024659
nm1002564	Bill Kelley	\N	\N	writer,miscellaneous,producer	tt0108897,tt0112056,tt0285358,tt0369099
nm1002565	Thomas King	1943	\N	writer,actor,director	tt1665765,tt0106087,tt0107539,tt1700463
nm1002566	John Long	\N	\N	assistant_director	tt0033547
nm1002568	John Ridgely	\N	\N	writer	tt0048841
nm1002569	Jim Rogers	\N	\N	writer	tt0078607,tt0077098,tt0072519,tt0074040
nm1002570	Emma Young	\N	\N	writer	tt0103174,tt6412180
nm1002571	Ward Adams	\N	\N	actor	tt0078370
nm1002572	Aarón Aguilar	\N	\N	actor	tt14878876,tt8946436,tt1049948,tt0459127
nm1002573	Victor Alling	\N	\N	actor	tt0156349
nm1002574	Vincent Andrieu	\N	\N	actor	tt0245834,tt1158936,tt0108835,tt0448245
nm1002575	Stéphane André	\N	\N	actor	tt0287449,tt0167614
nm1002577	Manuel Ardaiz	\N	\N	actor	tt0082877
nm1002578	Eddie Armendia	\N	\N	actor	tt0287691
nm1002579	Mario Armenta	\N	\N	actor	tt0054380
nm1002580	Guillermo Ary Hernández	\N	\N	actor	tt0082877
nm1002582	Luis Arévalo	\N	\N	actor	tt0082877
nm1002583	Alexandre Apergis	\N	\N	writer,actor	tt0296318,tt1533783,tt1353040,tt0409937
nm1002584	Eugene Bak	\N	\N	actor	tt0162041
nm1002585	Steve Banks	\N	\N	actor	tt0278674
nm1002586	P. Bardukharov	\N	\N	actor	tt0259548
nm1002587	Keith Barker	\N	\N	actor	tt0934585,tt0090149
nm1002588	Paul Barker	1958	\N	soundtrack,actor,composer	tt0113326,tt0212720,tt2406566,tt0110632
nm1002590	Eduardo Barril	1941	\N	actor	tt12648606,tt0242198,tt2739560,tt0429375
nm1002591	Christoph Bauer	\N	\N	actor	tt0303473,tt0473582,tt1196742,tt0228536
nm1002592	Raúl Becerra	\N	\N	writer,actor	tt0298683,tt0355138,tt0309292,tt0287246
nm1002593	Nathan Bell	1976	\N	actor	tt3738042,tt1482374,tt10540120,tt1135084
nm1002594	Nicholas Belleas	\N	\N	actor	tt0179653,tt0118710,tt0197182,tt3059816
nm1002595	James Bellini	\N	\N	writer,actor	tt10384854,tt1921647,tt0816218,tt0101068
nm1002596	Giorgos Bellos	\N	\N	writer,actor	tt0135123,tt0179634,tt0232790,tt0145023
nm1002597	Chad Bennion	\N	\N	actor	tt0078370
nm1002598	Robert Berson	1970	\N	producer,director,writer	tt21607098,tt14255498,tt21065852,tt19760868
nm1002599	Carl Beukes	\N	\N	actor	tt1844203,tt3079768,tt2304771,tt2057392
nm1002600	Michael Bildstein	\N	\N	actor	tt0287558
nm1002601	Vincent Blanc	1973	\N	actor	tt3805856,tt0287449
nm1002602	Michel Blok	\N	\N	actor	tt0287195
nm1002603	Paul Boensch III	\N	\N	actor	tt0083193
nm1002604	Antoine Bonnaire	\N	\N	actor	tt0388635,tt0181310,tt0246744
nm1002605	Stephen Boyle	\N	\N	miscellaneous,producer,actor	tt4693358,tt0421238,tt5616126,tt2785032
nm1002606	Philippe Bozo	\N	\N	actor,director,writer	tt0219075,tt7068330,tt4096532,tt3124992
nm1002607	Antônio Brasil	\N	\N	actor	tt0069117
nm1002608	Rui Brasil	\N	\N	actor	tt0283328
nm1002609	Nicholas Braun	1988	\N	actor,producer,soundtrack	tt7660850,tt1659337,tt1292566,tt0405325
nm1002610	Al Breneman	1940	\N	actor	tt0051292,tt0045409,tt0053525,tt0050055
nm1002611	V. Brianski	\N	\N	actor	tt0259264,tt0368309
nm1002613	Jeroen Brons	\N	\N	actor	tt0156349
nm1002614	Aaron DeCone	1975	\N	actor	tt0269347
nm1002615	David Brosius	1994	\N	camera_department,actor	tt2346169,tt0294116,tt7826094,tt13646906
nm1002616	Pierre Brousse	\N	\N	actor	tt0207372,tt0437953
nm1002617	Martin Bruhn	1953	\N	actor	tt0088517,tt0806910,tt0108979,tt0108820
nm1002618	Robert Brunet	\N	\N	actor	tt0161570,tt0031818,tt0191670,tt0224498
nm1002620	Noel Callahan	1989	\N	actor	tt0367403,tt0247119,tt0204993,tt0118480
nm1002622	Gerry Campbell	\N	\N	actor	tt0251547,tt0225694
nm1002624	Joseph Cariago Jr.	\N	\N	actor	tt0165196
nm1002626	Dan Cavanaugh	\N	\N	actor	tt0078370
nm1002627	Nicolas Cazalé	1977	\N	actor,director,writer	tt0361670,tt0395736,tt0864770,tt0380773
nm1002628	Alexandro Celia	\N	\N	actor	tt0430701,tt0287557
nm1002629	Eugene Chang	\N	\N	actor,camera_department,sound_department	tt2410810,tt2382196,tt0162041,tt5539616
nm1002630	Marc Chantereau	\N	\N	music_department,composer,soundtrack	tt0120828,tt0354899,tt0106977,tt0228786
nm1002633	Arnold Chon	1980	\N	stunts,actor,producer	tt0449088,tt1055369,tt0486946,tt0367882
nm1002634	Mark Christenson	\N	\N	actor	tt0078370
nm1002635	Christopher Chu	\N	\N	soundtrack,actor,miscellaneous	tt4191580,tt4799066,tt1817081,tt1673434
nm1002636	Wendel Clark	1966	\N		tt3962912,tt4431208,tt2566786,tt0287627
nm1002637	Alan Colmes	1950	2017	actor	tt3230014,tt0182412,tt4918834,tt1178692
nm1002638	Jordi Colomer	1962	\N	director,writer,cinematographer	tt7846012,tt7840076,tt7840780,tt7846632
nm1002639	Ricky Colon	\N	\N	actor	tt0210075
nm1002640	Tyler Conaty	1992	\N	actor	tt0279547
nm1002641	Dominic Cooper	1978	\N	actor,soundtrack	tt0864761,tt0458339,tt1270262,tt1655420
nm1002642	José Luis Cortés	\N	\N	actor	tt0115810,tt0283601,tt0954329
nm1002643	James J. Crawley	\N	\N	actor,producer	tt4039842,tt7390090,tt8355490,tt0257360
nm1002644	Robert Crest	1938	\N	actor	tt0153882
nm1002645	Ray Crist	1900	2005		tt0263663,tt0123338
nm1002646	Michael Cristoforo	1979	\N		\N
nm1002647	Howard Crofts	\N	\N	actor	tt0078370
nm1002648	Daniel Cronin	\N	\N	actor	tt0158628,tt0112166
nm1002649	Rafa Cruz	\N	\N	actor	tt1860262,tt2717766,tt2197909,tt0283123
nm1002650	Álvaro Davila	\N	\N	actor	tt0435999,tt0245596,tt0287628
nm1002651	Alexander DeVoe	\N	\N	director,actor,cinematographer	tt10184460,tt0446943,tt0448750,tt0474355
nm1002652	Bill Dolan	\N	\N	producer,actor	tt0837784,tt0051290,tt0279469
nm1002654	Matt Drudge	1966	\N	writer	tt0287212,tt0287223,tt0106053
nm1002655	Chad Duncan	\N	\N	actor	tt0078370
nm1002656	Tomy Dunster	\N	\N	actor,producer	tt7478006,tt0396857,tt0065272,tt4155602
nm1002657	Joël Dupuis	\N	\N	actor	tt3662072
nm1002658	Jeff Durbin	\N	\N	actor,producer,stunts	tt0285745,tt0287779,tt0359587,tt2073131
nm1002659	Frank Dubé	\N	\N	actor,music_department,soundtrack	tt0105066,tt0442033,tt0283123,tt0108671
nm1002660	Andre Eason	\N	\N	actor	tt0416359,tt0210075
nm1002661	Mick Eaton	1946	\N		tt0283799
nm1002662	Harry Eden	1990	\N	actor,camera_department,producer	tt0316396,tt1037218,tt0380599,tt0308772
nm1002663	James Edward	\N	\N	actor	tt0129685,tt0223579,tt0046587
nm1002664	Michael Eklund	\N	\N	actor,producer,writer	tt1535616,tt1835955,tt1911644,tt2782868
nm1002665	John Elmer	\N	\N	actor	tt7326738,tt0078370
nm1002666	Bob Engel	\N	\N	actor	tt0979432,tt0283328
nm1002668	Erik Erichsen	\N	\N	actor	tt0050364
nm1002670	Jose Espinal	\N	\N	actor	tt0210075
nm1002671	José Espinal	\N	\N	actor	tt0210075
nm1002672	Pierre Espy	\N	\N	actor	tt0192011
nm1002673	Jesús Estrada	\N	\N	actor,producer,director	tt12510190,tt12310466,tt12395352,tt0282289
nm1002674	Alun Evans	1983	\N	actor	tt0263181
nm1002675	Robert Fabre	\N	\N	actor	tt0172362,tt0171145
nm1002676	Eduardo Fachel	\N	\N	actor	tt0207163
nm1002677	Juan Falcón	1965	\N	actor	tt0374360,tt0982416,tt1589059,tt0458214
nm1002678	Roger E. Fanter	1934	2017	actor	tt1541874,tt0329575,tt0993841,tt0268126
nm1002679	Pete Farrar	\N	\N	actor	tt0480540,tt0372063,tt0283799
nm1002680	Pío Fernández	\N	\N	actor	tt0283601
nm1002681	Paolo Ferri	\N	\N	actor	tt0266316,tt2979006
nm1002682	Werner Flame	\N	\N	actor	tt0182077
nm1002683	Edmond Florens	\N	\N	actor	tt0051992
nm1002684	Mike Foligno	1959	\N		tt15144592,tt0287627
nm1002685	Paul Fortune	1950	2020	actor	tt0268126,tt0422720
nm1002686	Charles Foster	\N	\N	actor	tt0077244,tt0068069,tt0053494,tt0140733
nm1002687	Arthur Fox	\N	\N	actor	tt0047581
nm1002688	Martin France	1969	\N	actor	tt3583804,tt0331143,tt0287527,tt0240190
nm1002689	Riccardo Franci	\N	\N	actor	tt0203110,tt0150415
nm1002690	Eric Frandsen	\N	\N	actor	tt5896628,tt0450363,tt2741602,tt0378289
nm1002691	Birk Frank	1970	\N	actor	tt0806901,tt0121027
nm1002692	Silvio Frank	\N	\N	actor	tt0092213
nm1002693	Mauro Freire	\N	\N	actor	tt0286320
nm1002694	Joe Fria	\N	\N	actor,miscellaneous,sound_department	tt1082807,tt3896198,tt5478698,tt3314260
nm1002695	Soren Fulton	1991	\N	actor	tt0460627,tt0918557,tt0167456,tt0478273
nm1002697	Karl Geiringer	\N	\N	actor,miscellaneous	tt0101940,tt0104243,tt0156349
nm1002699	Bernard Gorce	\N	\N	actor	tt0207372
nm1002700	Cecil Grane	\N	\N	actor	tt0198935,tt0031730
nm1002701	Pete Grass	\N	\N	actor	tt0287619,tt1900975
nm1002702	Leo Graziano	\N	\N	actor	tt0103174
nm1002703	André Grey	\N	\N	actor	tt0193540,tt0939838
nm1002705	Allan Gropper	\N	\N	actor	tt0210075
nm1002706	José María Guerrero	\N	\N	actor	tt0092984
nm1002708	Richard Guinn	\N	\N	actor,sound_department	tt0078370,tt15373360
nm1002709	Javier Guitart	\N	\N	actor	tt0082877
nm1002710	Pedro Guitart	\N	\N	actor	tt0082877
nm1002711	George Hagen	\N	\N	actor	tt0024755,tt0193714
nm1002712	William Hague	1961	\N	writer	tt0224452,tt4403524,tt7036182,tt2205653
nm1002713	Alan Hamilton	\N	\N	actor	tt0287558,tt0254494
nm1002714	Tony Hamilton	1936	\N	actor	tt0287258
nm1002715	Tori Hammond	\N	\N	actress	tt0287241,tt0304574,tt0423007,tt11160650
nm1002716	David K. Hansen	\N	\N		\N
nm1002717	Alexander Harding	1986	\N	actor	tt0117957,tt1259227
nm1002718	Johnny Harra	\N	\N	actor	tt1062908,tt0083193
nm1002721	Jörg Hartmann	1970	\N	actor	tt0806910,tt0464138,tt0821060,tt1525780
nm1002722	Dan Harville	\N	\N	sound_department,actor,director	tt0095444,tt0090887,tt0242733,tt2150052
nm1002723	Ray Hatrick	\N	\N	actor	tt0223573
nm1002725	Richard Hecht	1943	\N	actor	tt0247091,tt0381798,tt0465538,tt0153882
nm1002726	Carlos Henandez Sr.	\N	\N	actor	tt0210075
nm1002727	Carlos Hernandez Jr.	\N	\N	actor	tt0210075
nm1002728	Andy Hernandez	1967	\N	miscellaneous,producer,actor	tt0179626,tt0162650,tt0133952,tt0126916
nm1002729	Mark Hernandez	\N	\N		tt0272969
nm1002730	Daniel Herrero	\N	\N	actor	tt14230842,tt0266316,tt10287142,tt1101174
nm1002731	José Heuzé	\N	\N	actor	tt0291542,tt10404944,tt2493230,tt0988047
nm1002732	Michael Hexum	\N	\N	art_department,special_effects,miscellaneous	tt4181172,tt2406376,tt4474310,tt0364845
nm1002733	Chuck Hickey	\N	\N	actor	tt0210075,tt0818756
nm1002734	Keith Howard	\N	\N	actor	tt0168143,tt0162467,tt0097411,tt0159883
nm1002735	Ed Hubert	\N	\N	actor	tt0287707
nm1002736	François Huin	\N	\N	actor	tt0267129,tt0196289,tt0172057,tt0181310
nm1002737	Sam Hunt	\N	\N	actor	tt0143041,tt3063454,tt0392136,tt1672112
nm1002738	John Rainer Long	\N	\N	producer,director,actor	tt2221971,tt2298123,tt0478033,tt2259406
nm1002739	Gene Jonson	\N	\N	actor	tt0112166
nm1002740	Ryan Joseph	\N	\N	actor	tt0112022,tt0247081,tt1694510,tt0220852
nm1002741	Daniel Judah	\N	\N	visual_effects,actor	tt1051904,tt0210075,tt2788732
nm1002742	Ian Jung	\N	\N	actor	tt0178916
nm1002743	Claus Jurgen	\N	\N	actor	tt0069226
nm1002744	Jürgen	1964	\N		tt0283801
nm1002745	Koji Kagawa	\N	\N	actor	tt0287683,tt1434423,tt6757768,tt6048480
nm1002746	Tomohiro Kaku	1984	\N	actor	tt0407851,tt0297721,tt5923962,tt4671274
nm1002747	Peter Kale	\N	\N	actor	tt0034287
nm1002748	Kenichi Kaneda	\N	\N	actor	tt8908336,tt14388800,tt1492976,tt0287662
nm1002749	Zachary Kapule	\N	\N	actor	tt0165196,tt0120726
nm1002750	Jerzy Karbowski	\N	\N		\N
nm1002751	Christian Karn	1987	\N	actor	tt0244361
nm1002752	Toshi Kato	\N	\N	actor,visual_effects	tt0112431,tt0287552
nm1002753	Kaori Kawamura	\N	\N	actress	tt0199094,tt0499518,tt0493567,tt0233839
nm1002754	Dominic Kemp	\N	\N	actor	tt0337792,tt1606375,tt0482546,tt0436992
nm1002755	Phillip Kennedy	\N	\N	actor	tt0286713
nm1002756	Ger Klein	\N	\N	actor	tt0156349
nm1002758	Nick Kokich	\N	\N	actor,assistant_director,producer	tt2435286,tt0272020,tt0986346,tt0301976
nm1002759	Dai Kornberg	1957	\N	actor,writer,producer	tt0115367,tt0098948,tt0462145,tt0138287
nm1002760	Matthias Kress	1969	\N	actor,producer	tt1668200,tt6490694,tt0295001,tt1924462
nm1002761	Frank Krüper	\N	\N	actor	tt0495641,tt0806901
nm1002762	Martin Kukla	\N	\N	actor	tt0287527,tt0099799
nm1002764	Danny Ladiges	\N	\N	actor	tt0070072
nm1002765	Alain Lancelot	\N	\N	actor	tt0245834,tt5032132,tt5378696
nm1002766	Dru Landers	\N	\N	actress,miscellaneous	tt0157197,tt0076395,tt0069986
nm1002767	Corey Lane	\N	\N	actor	tt0283328
nm1002768	Dick Langdon	\N	\N	stunts,actor	tt0181358,tt0097230,tt0091499,tt0130982
nm1002769	Langlois	\N	\N	actor	tt4536156,tt0193783,tt0330133
nm1002770	Rocky Laurence	\N	\N	actor	tt0071135
nm1002771	William Lebus	\N	\N	actor	tt0092468,tt0165196
nm1002772	Massimo Leggio	\N	\N	actor	tt1091212,tt4265370,tt0920489,tt4273388
nm1002773	Conrad Leon	\N	\N	actor	tt0369946
nm1002774	Léopold Leone	\N	\N	actor	tt0108672
nm1002775	Christian Leyba	\N	\N	actor	tt0210075
nm1002776	David Lida	\N	\N	actor	tt2201027,tt1100057,tt0984969,tt0283328
nm1002777	Franco Ligas	1946	\N	actor	tt15245692,tt0287098
nm1002778	Guy Louiset	\N	\N	actor	tt0181310
nm1002779	Richard Lownes	\N	\N	actor	tt0030863
nm1002780	Rick Loya	1967	\N	actor	tt0284253
nm1002781	Charles Luck Jr.	1934	2011	actor	tt0037594
nm1002782	Raymond Lucy	\N	\N	actor	tt0193783,tt0385916
nm1002783	Mike Lueder	\N	\N	actor	tt0078370
nm1002784	Alejandro Lukini	1967	\N	actor	tt0282289,tt0969676,tt0499394,tt1220268
nm1002785	Miguel Ángel Lápiz	\N	\N	actor	tt0387172,tt0282289,tt3188682,tt1831897
nm1002786	John C. MacDonald	\N	\N	actor	tt10574558,tt5834760,tt1753383,tt4864624
nm1002787	Dana MacKay	\N	\N	actor	tt0083193
nm1002788	Olivier Mag	\N	\N	actor,writer,soundtrack	tt0354836,tt1130984,tt11358372,tt2123992
nm1002791	Shane Maja	\N	\N	actor	tt0215841
nm1002792	Paul Maldonado	\N	\N	actor,producer	tt0210075,tt0421598,tt6278076,tt2966574
nm1002793	Neil Maloney	\N	\N		\N
nm1002794	Janko Mandic	\N	\N	actor	tt0332398,tt8997038,tt3158116,tt0281202
nm1002795	Raul Manson	\N	\N	actor	tt0203367
nm1002796	André Marais	\N	\N	actor	tt0207372
nm1002797	Federico Marras	\N	\N	actor	tt0170082,tt0151734,tt0312929,tt0486138
nm1002798	Lucas Martinez	\N	\N	actor	tt0266316
nm1002799	Michael Mata	\N	\N	actor	tt0278191,tt1284482
nm1002800	Maurice Matillot	\N	\N		\N
nm1002801	Umao Matsumura	\N	\N	actor	tt0287485
nm1002802	Bill Matten	\N	\N	actor	tt0286592
nm1002806	Bill McClure	\N	\N	actor	tt0112166
nm1002807	Sean McEwen	\N	\N	producer,writer,director	tt2305326,tt6189228,tt4786808,tt1704573
nm1002808	Dan McLeod	\N	\N		tt0287499
nm1002809	Markus Meyer	1971	\N	actor	tt0415934,tt0371704,tt0287657,tt0115088
nm1002810	Yumi Mizuno	\N	\N	actor	tt0287678
nm1002811	Albert Monys	\N	\N	actor	tt0198311,tt0169992
nm1002812	Michael T. Moore	1968	\N	script_department,miscellaneous,writer	tt1103973,tt0412175,tt0320022,tt0460681
nm1002813	Gustavo Moraes	1976	\N	actor	tt0420449,tt0395415,tt0289800,tt0286320
nm1002814	Benito Morales	\N	\N	actor	tt0283123,tt1208666,tt0382156,tt0343270
nm1002815	Leo Mullers	\N	\N	actor	tt0051112
nm1002816	José Manuel Muñoz	\N	\N	actor	tt7684260,tt11719562,tt1103193,tt7180852
nm1002817	V. Natarajan	\N	\N	producer,actor	tt0285993,tt0154457,tt0154215,tt0155220
nm1002818	Ahmed Nazir	\N	\N	actor	tt0179653
nm1002819	Raphaël Neal	1980	\N	actor,director,producer	tt0422720,tt3721110
nm1002820	Pat Neilsen	\N	\N	actor	tt0078370
nm1002821	Kingston Ng	\N	\N	actor	tt0287779
nm1002822	Jack Nguyen	\N	\N	actor	tt0162041
nm1002825	Mick O'Donoughue	\N	\N	actor	tt0287224
nm1002826	Wolfgang Ober	1974	\N	actor	tt0305095,tt0112168,tt0250932,tt0138991
nm1002827	Maximilian Oelze	1988	\N	actor,soundtrack	tt0108793,tt0244361,tt0421224,tt0115089
nm1002829	Joaquín Ortega	\N	\N	stunts,actor,special_effects	tt2277640,tt10340444,tt2341778,tt3132408
nm1002830	Juan Oñate	\N	\N	actor	tt0082877
nm1002831	Michalis Pantos	\N	\N	actor,costume_department,art_department	tt0387823,tt1381081,tt0287320
nm1002832	Antoine Parent	\N	\N	actor	tt0181310
nm1002833	Javier Partida Jr.	\N	\N	actor	tt0287658
nm1002834	Addison Pate	\N	\N		\N
nm1002835	Oscar Paterson	\N	\N	actor	tt0133325
nm1002836	Dave Peckham	\N	\N	actor	tt0078370
nm1002837	Frank Perrin	\N	\N	actor	tt0157197
nm1002838	Duane Peters	1961	\N	actor,composer,soundtrack	tt2553770,tt1340112,tt1454773,tt1790867
nm1002839	Jordan Pettle	\N	\N	actor,miscellaneous	tt0331468,tt0861689,tt1132290,tt1592281
nm1002840	Francis Pineda	\N	\N	actor,miscellaneous	tt0359587,tt0287778,tt0287779
nm1002841	Samuel Poirier	\N	\N	actor	tt0942379,tt0245834,tt1043855,tt3650478
nm1002842	Rafael Poly	\N	\N	actor	tt0287633
nm1002843	Felix Potvin	1971	\N		tt0287627,tt9054336
nm1002844	Jensen Press	\N	\N	actor	tt0286592
nm1002845	Ahmed Ragoubi	\N	\N	actor	tt0103806
nm1002846	Rein Reinders	\N	\N	actor	tt0077907
nm1002847	Alain Renauld	\N	\N	actor	tt0287427
nm1002848	Matt Reneday	\N	\N		\N
nm1002850	Hugo Resende	1976	\N	actor	tt0488259,tt0809665,tt2476828,tt2076789
nm1002851	Thomas Rich	\N	\N	actor	tt0287390
nm1002852	Bow Richards	\N	\N	actor	tt0094294,tt0071032,tt0157197
nm1002853	Andrew Rigby	\N	\N	actor	tt8852310,tt0287210
nm1002854	Sergio Rispoli	\N	\N	actor	tt0200215,tt0136556,tt0457455,tt0211500
nm1002855	Ralphie Rivera	\N	\N	actor	tt0210075,tt0460621
nm1002857	Louis Robert	\N	\N	actor	tt0160610,tt0031818
nm1002858	Jorge Rodero	\N	\N	actor	tt0110871,tt0192877,tt0820094,tt0283601
nm1002859	Rhual Rogers	1965	2009	actor,cinematographer	tt0350219,tt0324288,tt0469247,tt0082965
nm1002860	Alejandro Rojo	\N	\N	editor,cinematographer,director	tt8273190,tt13285946,tt12525158,tt4905890
nm1002861	Charles Roth	\N	\N	actor	tt0086967
nm1002862	Michael Rothberger	\N	\N	actor	tt14471254,tt11791914,tt15197250,tt0160572
nm1002863	Michael Rothmann	\N	\N	actor	tt3135074,tt2166850,tt0287657,tt5765988
nm1002864	Ryan Rumbaugh	\N	\N	actor	tt0165196
nm1002865	Alessandro Sala	\N	\N	actor	tt0287452
nm1002866	Guillermo Salas	\N	\N	actor	tt0287290
nm1002867	Tony Salerno	1969	\N	actor,miscellaneous,script_department	tt5000744,tt0904049,tt0091309,tt0095327
nm1002868	Kevin Salmon	\N	\N	actor,transportation_department	tt0122906,tt0287390
nm1002869	Steve Salvatore	\N	\N	actor	tt0287206,tt0785057,tt0352048,tt1976728
nm1002871	Jôji Sawada	\N	\N	actor	tt0288188,tt0287700,tt0194426,tt0367482
nm1002872	Richard Schafer	\N	\N	actor	tt0273178,tt0136439,tt0165042
nm1002874	Georg Schlob	\N	\N	actor	tt0286663
nm1002875	Sullivan Sebag	\N	\N	costume_department,actor,editorial_department	tt5950758,tt8126120,tt0285465,tt1857209
nm1002876	Patrick Sebert	\N	\N	actor	tt0290809,tt0181310,tt0955302
nm1002877	Shinji Sekine	\N	\N	actor	tt0287690
nm1002878	Henri Senec	\N	\N	actor	tt0270733
nm1002879	Edward L. Sharp	\N	\N	actor	tt0286592
nm1002880	Pete Shelley	1955	2018	soundtrack,actor	tt4513678,tt1355630,tt0094006,tt0162346
nm1002881	Shikô Shima	\N	\N	actor,director,miscellaneous	tt0269468,tt10355668,tt13104352,tt0266234
nm1002882	Carlo Silvani	\N	\N	actor	tt1600418,tt0151734,tt0180700
nm1002883	Reggie Simmons	\N	\N	actor	tt0213127
nm1002884	Mark Simonson	\N	\N	actor,miscellaneous	tt0078370,tt4779924,tt0103569
nm1002886	Christophe Sindeu	\N	\N	actor	tt0266316,tt0131187
nm1002888	Donnell Smith	\N	\N	actor	tt0210075
nm1002889	Jonny Smith	\N	\N	actor	tt0287276
nm1002890	Willy Sommers	1952	\N	actor,soundtrack	tt4197658,tt6485308,tt2345683,tt3459472
nm1002891	Gil Stanley	\N	\N	actor	tt0035758
nm1002892	Buck Stevens	\N	\N	actor	tt0051112
nm1002893	Hub Stevens	\N	\N	actor	tt0051992
nm1002894	Brett Stiller	\N	\N	actor	tt0447635,tt0163924,tt1230551,tt1132600
nm1002896	Greg Summerhays	\N	\N	actor	tt0078370
nm1002897	Kiiji Suzuki	\N	\N	actor	tt0287519
nm1002898	Ken Swanson	\N	\N	actor	tt0213127
nm1002899	Albert Szpiro	\N	\N	actor	tt0204700
nm1002900	Ruben Taneja	\N	\N	writer,actor,art_director	tt6616238,tt0287979
nm1002901	Tomoyuki Taura	\N	\N	actor	tt0287080,tt0287702,tt0287307,tt0285457
nm1002902	Budge Taylor	1946	2005	actor	tt0079455
nm1002903	Jacques Thann	\N	\N	actor	tt0161836,tt5092784,tt0191071
nm1002904	Xavier Thierry	\N	\N	actor	tt3662072,tt2193171,tt0473836,tt1266589
nm1002905	Tom Thomason	\N	\N	actor	tt0275227,tt0158607,tt0118181
nm1002906	Hans Timmer	\N	\N	actor	tt0071117
nm1002907	Richard Tokar	\N	\N		\N
nm1002908	Alexander Tolic	\N	\N	actor,location_management,production_manager	tt0086174,tt0070618,tt0183396,tt0071753
nm1002910	Jeffrey Tott	\N	\N	actor	tt0250636,tt0275527,tt0360323,tt0324538
nm1002911	Francis L. Urry	1908	1985	actor	tt0365935,tt0078370,tt0365393,tt0315958
nm1002913	Tony Ursini	\N	\N	actor	tt0262208
nm1002914	Nick Valenzuela	\N	\N	actor	tt0284253,tt10540120
nm1002915	Adrián Vargas	\N	\N	actor	tt0366124,tt0218088,tt0287658
nm1002916	José Antonio Velilla	\N	\N	actor	tt0082877
nm1002917	Luis Alfredo Vera	\N	\N	actor	tt0287290
nm1002918	James Vieira	1970	\N	actor,art_department,art_director	tt2480074,tt2126355,tt0475298,tt0321505
nm1002919	Rick Villa	\N	\N	sound_department,actor,producer	tt0115263,tt0159410,tt0175385,tt0331863
nm1002920	Robert Viscusi	\N	\N		tt0287574
nm1002921	Fernando Vivanco hijo	\N	\N	actor	tt0082877
nm1002922	André Volnay	\N	\N	actor	tt0033127
nm1002924	Edward Wagner	\N	\N	actor	tt0157197
nm1002925	Tino Wagner	1988	\N	actor	tt0806075,tt0244361
nm1002926	Roland Wagter	\N	1989	actor	tt0060774,tt0057645,tt0144620,tt0056321
nm1002927	Rudi West	1915	1969	actor,art_department	tt1058661,tt0060044,tt0041559,tt7741164
nm1002928	Jan Westerman	\N	\N	actor	tt0070072
nm1002929	Alec Westwood	\N	\N	actor,director,writer	tt0193677,tt0108910,tt2396135,tt6107796
nm1002931	Freedom Williams	1966	\N	soundtrack,actor,composer	tt1980209,tt0302886,tt0191397,tt0358082
nm1002932	Delano Willis	\N	\N	actor	tt0287691
nm1002933	Forde Willis	\N	\N	actor	tt0204481,tt0191670
nm1002934	Marc Wolf	\N	\N	actor,writer	tt1891785,tt1346983,tt0044265,tt0098844
nm1002935	Allie Woods Jr.	1940	\N	actor,miscellaneous	tt0443465,tt0799934,tt0780511,tt0471042
nm1002936	Joseph Wynne	\N	\N	actor	tt2093270,tt0116590,tt0386751,tt20918756
nm1002937	Yuji Yamamoto	\N	\N	actor	tt0287307
nm1002939	Christopher Zapatier	\N	\N	actor	tt1084020,tt1087824,tt0235970
nm1002940	Irv Zimmer	\N	\N	actor	tt0287354
nm1002941	Sándor Zoboki	\N	\N	actor	tt0123381
nm1002942	Gabriel Zucker	\N	\N	actor	tt1680689,tt0481497,tt14494360
nm1002943	András Ábrahám	\N	\N	actor	tt0123381
nm1002944	Igor Ávila	\N	\N	actor	tt0287293
nm1002945	Camilla Adami	\N	\N	actress	tt0320913,tt0240396
nm1002946	Brenda Ako	\N	\N	actress	tt0287416
nm1002947	Jessica Alexander	1973	\N	actress	tt1916704,tt1089748,tt0309564,tt0116914
nm1002948	Mady Alfredo	1910	1989	actress	tt0071117,tt0073376,tt0192941,tt1162041
nm1002950	Miriam Aragón	\N	\N	actress	tt0257487,tt0287543,tt0091261,tt0287347
nm1002951	Maria Arnazi	\N	\N	actress	tt0259264,tt11570572
nm1002952	Yuka Asagiri	1958	\N	actress	tt0287304,tt0239459,tt6018622,tt7975690
nm1002953	Elizabeth Ash	\N	\N	actress	tt0086659,tt0096656,tt0120594,tt0286592
nm1002954	Angie Atwood	\N	\N	actress	tt0213127
nm1002955	Annie Avril	\N	\N	actress	tt0169896,tt0193314,tt0158321
nm1002956	Marta Azpeitia	\N	\N	actress	tt0082877
nm1002957	Axelle Bernard	\N	\N	actress	tt0079797,tt0320648,tt3662072
nm1002958	Gina Sandy	1974	\N	actress,assistant_director,producer	tt0186988,tt6128376
nm1002959	Rebecca Blond	\N	\N	talent_agent	\N
nm1002960	Kate Blumberg	1971	\N	actress	tt1596363,tt3288518
nm1002961	Catherine Bode	1974	\N	actress,casting_department,casting_director	tt7881666,tt2182087,tt0806910,tt1707240
nm1002962	Brigitte Bogle	\N	\N	music_department,actress	tt1950259,tt0319930,tt1294984,tt1789034
nm1002963	Lucie Boitres	\N	\N	actress	tt0043251
nm1002964	Elaine Brier	\N	\N	actress	tt1604204,tt12020508,tt0153882
nm1002965	Sara Calaway	1977	\N		tt0185103,tt0227972,tt0292731,tt1547647
nm1002966	Canaan Marguerite	\N	\N	actor	tt1155101,tt0181310,tt0250343,tt0099724
nm1002967	Paula Cardoso	\N	\N	actress	tt0156349
nm1002969	Francesca Carlin	\N	\N	actress	tt0048845,tt0478737,tt0212395,tt0098844
nm1002970	Lisa Carnahan	\N	\N	actress,producer,miscellaneous	tt1281966,tt0187512,tt0415833,tt0820473
nm1002971	Alandra Ortis	\N	\N	actress,producer	tt0284253,tt0425133,tt10540120,tt0308109
nm1002972	Elin Carlson	\N	\N	music_department,soundtrack,actress	tt1790864,tt0418279,tt0298814,tt0119654
nm1002973	Robyn Carter	\N	\N	actress	tt0448961,tt0287206,tt0244278
nm1002976	Ginette Catriens	\N	\N	actress	tt0207372
nm1002977	Tina Cobo	1942	2011	actress	tt0287643,tt0290243,tt0418996,tt0289674
nm1002978	Calico Cooper	1981	\N	actress,producer,writer	tt5979690,tt3596174,tt1600194
nm1002979	Alana Curry	1979	\N	actress	tt0181852,tt1335986,tt1134671,tt0858411
nm1002980	Catherine Daërt	\N	\N	actress	tt0309426,tt0287411,tt5373094
nm1002981	Sharon Mann	\N	\N	actress,miscellaneous	tt4277922,tt2040020
nm1002982	Monique Dantis	\N	\N	actress	tt0199507,tt0158349
nm1002983	Anne Davies	1958	\N		tt2201889,tt0194628,tt0329854,tt1943994
nm1002984	Gladys Davison	\N	\N	actress	\N
nm1002986	Sydney Dever	\N	\N	actress	tt0287691,tt0319969
nm1002988	Eva Domingo	\N	\N	actress	tt0082877
nm1002989	Sue McIntosh	1946	\N	actress,soundtrack	tt0059966,tt0386156,tt0129705,tt0129685
nm1002992	Anne Dumas	\N	\N	actress	tt0088768
nm1002993	Shannon Duncan	\N	\N	actress	tt0078370
nm1002994	Elisabetta Emmer	\N	\N	actress	tt0046817
nm1002995	Tracey Evans	\N	\N	actress	tt1986770,tt2447536,tt0056758,tt1796526
nm1002996	Micaela Fionatelli	\N	\N		\N
nm1002997	Charlotte Fischer	\N	\N	actress	tt0070072,tt0252754
nm1002998	Kimberly Fisher	1978	\N	actress,producer,writer	tt0417477,tt0499601,tt0365569,tt12008892
nm1002999	Lourdes Flores	\N	\N	actress	tt0333339
nm1003000	Nélida Franco	\N	\N	actress	tt0279008,tt0194654
nm1003001	Jane Galani	\N	\N	actress	tt0256820
nm1003002	Mickey Garcia	\N	\N	actress	tt0286592
nm1003003	Debbie Gardiner	\N	\N	actress	tt0067850
nm1003004	Monika Georg	\N	\N	actress	tt0089449,tt0070981,tt0092213
nm1003005	Carrie Goddard	\N	\N	actress	tt0287619
nm1003006	Stephanie Lourenço	\N	\N	actress	tt0286320,tt0294543,tt11742938,tt1525785
nm1003007	Elisabeth Gutierrez	\N	\N	actress	tt0203110
nm1003008	Laure Guérard	\N	\N	actress	tt0204700
nm1003009	Kristin Hall	\N	\N	actress	tt0210299
nm1003010	Keiko Hase	\N	\N	actress	tt9640376,tt9722820,tt7482092,tt2370558
nm1003011	Kaori Hasegawa	\N	\N		\N
nm1003012	Allison Hays	1961	\N	actress	tt0078370
nm1003013	Kristin Hays	1965	\N	actress	tt0078370
nm1003014	Jennifer Hedger	1975	\N	actress	tt0375411,tt0300870,tt0300798,tt0491522
nm1003015	Laura Hender	\N	\N	actress	tt2950358,tt0287290,tt0289715,tt4068026
nm1003016	Lucía Hernández	\N	\N	actress,costume_department	tt0287290,tt0874874
nm1003017	Francine Heuse	\N	\N	actress	tt2123996,tt5546300,tt8518386,tt3136752
nm1003019	Mayumi Hoshino	\N	\N	actress	tt10049790,tt0086986,tt2338026,tt10049738
nm1003020	Irène Irka	\N	\N	actress	tt0260685,tt0259841,tt0270733
nm1003021	Yukie Ishii	\N	\N	actress	tt1559318,tt2308672,tt0288219,tt3208000
nm1003022	Megumi Itô	\N	\N	actress	tt0302173,tt1492976,tt2197660,tt9495888
nm1003024	Manuela Jobst	\N	\N	actress	tt0086169,tt0092213
nm1003026	Christina Kan	\N	\N	actress	tt0324368,tt0296899,tt1195492
nm1003027	Elizabeth Kauder	\N	\N	actress	tt0069117
nm1003028	Maria Kavadia	\N	\N	actress	tt0491739,tt0431720,tt0287320,tt1296534
nm1003029	Vicki Kleist	\N	\N	actress	tt0265864
nm1003030	Jessica Kline	\N	\N	actress	tt0286713,tt1281967
nm1003031	Setsuhiko Kobayashi	\N	\N	actor	tt2365724,tt0291518,tt2028493,tt0291304
nm1003032	Jessica Lauren	\N	\N	actress	tt0112166,tt0409591
nm1003033	Eleanor Lee	\N	\N	actress	tt1243220,tt1731677,tt1131746,tt1364490
nm1003034	Ashe Leigh	\N	\N	actress	tt0287353
nm1003035	Harriet Lenabe	1971	\N	actress	tt1401705,tt1356380,tt0395169,tt0437232
nm1003036	Amy Linden	\N	\N	writer	tt11421380,tt15250058,tt19856538,tt1413895
nm1003037	Tyrah M. Lindsey	\N	\N	actress	tt1619856,tt0166924
nm1003039	Stephanie Entin	\N	\N	actress,miscellaneous	tt0284021,tt0327766,tt0213149,tt0365569
nm1003040	Sabine Lutter	\N	\N	actress	tt0092213
nm1003041	Reiko Maki	\N	\N	actress	tt3419914,tt0386917,tt0287553,tt0286483
nm1003042	Mane	\N	\N	actress,producer,director	tt9619798,tt0406022,tt0419648,tt1031285
nm1003043	Bauer Maria	\N	\N	actress	tt0171080
nm1003044	Corina Marie	1976	\N	actress,producer,writer	tt3435540,tt0360323,tt1279968,tt3441916
nm1003045	Cindy Marler	\N	\N	actress	tt0101841,tt0156349
nm1003046	Martina	\N	\N		tt0283801
nm1003047	Marilú Martínez	\N	\N	actress	tt0287290
nm1003048	Jackie Maud	\N	\N	actress	tt0160752
nm1003049	Myana McLeod	\N	\N		tt0287499
nm1003050	Michelle Medlin	\N	\N	actress	tt0318871,tt0162467,tt2401248,tt0133226
nm1003051	Lisa Melendez	1964	1995	actress	tt0177595,tt0152746,tt0146143,tt0147400
nm1003052	Junko Mihara	1964	\N	actress	tt0287662,tt0274760,tt0080210,tt0456892
nm1003053	Vanda Milano	\N	\N	actress	tt0203367
nm1003054	Kaoru Mizuki	1959	\N	actress	tt0107000,tt0454653,tt1073147,tt0095356
nm1003055	Rika Mizuki	\N	\N	actress	tt8764648,tt2321332,tt7547098,tt0171493
nm1003056	Wendy Mogel	\N	\N	actress	tt1740718,tt2163227,tt0268126
nm1003057	Konatsu Môri	\N	\N	actress	tt0287514
nm1003058	Deborah Mulholland	\N	\N	actress,casting_director	tt0156349,tt0104243,tt1293537
nm1003059	María Fernanda Murillo	\N	\N	actress	tt0287658,tt0368049
nm1003060	Rosa Nikolic	\N	\N	actress	tt0204700
nm1003061	Yoshiko Noda	1970	\N	actress	tt1015573,tt0287519,tt0366292,tt0101063
nm1003062	Daisy O'Brien	\N	\N	actress	tt0245775
nm1003063	Doreen O'Brien	\N	\N	actress	tt0223573
nm1003064	Sarah O'Dell	\N	\N	actress	tt0283799,tt3719582
nm1003065	Allison O'Donnell	\N	\N		\N
nm1003066	Laura Ochoa	\N	\N	actress	tt0082877
nm1003067	Noriko Ohtaka	\N	\N	actress	tt0286439,tt0287417
nm1003069	Barbara Osika	\N	\N	actress	tt0228536
nm1003070	Kasia Tambor	\N	\N	actress	tt0244094,tt0293176,tt0166453
nm1003071	Isabel Oñate	\N	\N	actress	tt0082877
nm1003072	Julie Pedersen	\N	\N	actress	tt0407622,tt0310805,tt0078370
nm1003073	Alissa Porta	\N	\N	actress	tt0112166
nm1003074	Susan Pride	\N	\N	actress	tt0223573
nm1003075	Cristina Pulido	\N	\N	actress	tt14491666,tt0287290,tt0465385
nm1003076	Heather Quick	\N	\N		\N
nm1003077	Adriana Restlé	\N	\N	actress	tt2179467,tt0286320
nm1003078	Judy Richards	\N	\N	actress,miscellaneous	tt1230119,tt2241032,tt0078370,tt1849087
nm1003079	Maryse Richardson	\N	\N	actress	tt0245834,tt0397692
nm1003080	Jessica Richter	1985	\N	actress	tt1595347,tt0108985,tt0806910,tt0415399
nm1003081	Sonja Richter	1974	\N	actress,soundtrack	tt2398231,tt0315543,tt2438644,tt0494216
nm1003082	Jazmín Rodríguez	\N	\N	actress,writer	tt0196234,tt7676320,tt1740018,tt0202197
nm1003083	Amparo Romero	\N	\N	actress	tt0082877
nm1003085	María Jesús Rovira	\N	\N	actress	tt0082877
nm1003086	Shay Ryan	1975	\N	actress	tt0287619,tt0462106
nm1003087	Megumi Saki	1958	\N	actress	tt0287301,tt0216591,tt9882504,tt8495134
nm1003089	Yolanda Sala	\N	\N	actress	tt0251975,tt0142063
nm1003091	Monique Smal	1942	\N	actress	tt0094509,tt0066850,tt1057900,tt0188738
nm1003092	Lynn Snelling	\N	\N	actress	tt0116590
nm1003093	Gina Stag	\N	\N	actress	tt0093446,tt0287098,tt0098613
nm1003094	Diana Stewart	\N	\N	actress	tt0156349,tt0380892,tt0486531
nm1003095	Lizia Suarez	\N	\N	actress	tt0385929,tt0206254,tt0313922
nm1003096	Kim Swan	\N	\N	actress	tt1087845,tt0078370
nm1003097	Aniela Sánchez	\N	\N	actress	tt0287293
nm1003098	Yû Tachibana	\N	\N	actress	tt10049778,tt0084656,tt10049274,tt0287599
nm1003099	Izumi Tagawa	\N	\N	actress	tt0287600
nm1003100	Luna Takamura	1949	2004	actress	tt0224116,tt0227489,tt0071474,tt0237045
nm1003101	Yumi Takiguchi	\N	\N	actress	tt0287683,tt3428602,tt3540082
nm1003102	Keiko Tanaka	\N	\N	producer,miscellaneous,executive	tt0287415,tt1441589,tt0275779
nm1003103	María Tresaco	\N	\N	actress	tt0283601,tt0297174,tt0468411,tt1099686
nm1003104	Ana Troha	\N	\N	actress	tt0281202
nm1003105	Magdaléna Ucíková	\N	\N	actress	tt0287527
nm1003106	Eleonora Vanni	\N	\N	actress	tt15745334,tt0105905,tt0178132,tt0204098
nm1003107	Any Ventura	\N	\N		tt0375297,tt2070365,tt1880332,tt11767594
nm1003108	Claude Viala	\N	\N	actress	tt0287718,tt0304897,tt0461733,tt0287339
nm1003109	Mercedes Vélez	\N	\N	actress	tt0082877
nm1003110	Shirley Ward	\N	\N	producer,actress	tt0287354,tt2219210,tt3330376
nm1003112	Bridget Wood	1941	\N	actress	tt0159904,tt1423558,tt0203161,tt1343015
nm1003113	Claudia Wood	\N	\N	actress	tt0090149
nm1003114	Emily Wood	1978	\N	actress	tt0920505,tt0424720,tt0118255,tt0108830
nm1003115	Alicia Yapur	\N	\N	actress	tt0247124,tt0410789,tt16103420,tt0287658
nm1003116	Dana de Oliveira	\N	\N	actress	tt0286320
nm1003117	Roxana del Río	\N	\N	actress	tt3544292,tt0314376,tt0437846,tt0439140
nm1003118	Lorena Álvarez	1973	\N	actress	tt0287290,tt1266126,tt0297620,tt0289757
nm1003119	Sam Aguilar	\N	\N	art_department	tt0137523
nm1003120	Jess Anscott	\N	\N	art_department	tt0119190,tt0091129,tt0109303,tt0206314
nm1003122	Russell Bailey	\N	\N	art_department	tt1216492,tt0112904
nm1003123	Ivan Bartling	\N	\N	production_designer,art_department,art_director	tt0119874,tt0126622,tt0834102,tt3340908
nm1003124	David Beeson	\N	\N	art_department,miscellaneous	tt1301960,tt0187623,tt1588175,tt0164247
nm1003125	Genevieve Caron	\N	\N	art_department	tt0496436,tt0160236
nm1003126	Susan K. Chan	\N	\N	art_department	tt0245775
nm1003127	Andrew Chapman	\N	\N	art_department,actor,producer	tt0109552,tt0281726,tt0285861,tt0288937
nm1003128	Richard Consentino	\N	\N		\N
nm1003129	John Coors	\N	\N	art_department,camera_department	tt0097230,tt5780720
nm1003130	Sebastiano De Caro	\N	\N	art_department,production_designer,set_decorator	tt0092615,tt0105175,tt0109592,tt0088380
nm1003131	Lorna Delia	\N	\N	art_department	tt0195293,tt0167999,tt0167304,tt0195877
nm1003132	Mathew Fann	\N	\N	art_department	tt0097230
nm1003133	Pamela Ferrari	\N	\N	miscellaneous,art_department	tt0160236,tt0280380,tt0182587,tt0236348
nm1003134	Glenn Foerster	\N	\N	art_department	tt1535108,tt1190080,tt0970416,tt0290334
nm1003135	Neil Gahn	\N	\N	art_department	tt0337917,tt0319758,tt0190590
nm1003136	Nele Gebhardt	\N	\N	art_department	tt0806910,tt0979907,tt1650536,tt0115243
nm1003137	Jesse Hanen	\N	\N	art_department	tt0160236,tt0287603
nm1003138	Vincent Jae	\N	\N	art_department	tt0160236
nm1003139	Stephanie Kern	\N	\N	art_department	tt0191074,tt0190590,tt0159365,tt0219699
nm1003140	Michael Koellner	\N	\N	art_department	tt0165854,tt0181689,tt2342652,tt0107808
nm1003141	Jimmy Lawlor	\N	\N	animation_department,art_department	tt0112904,tt1104743,tt0114108,tt0131613
nm1003142	Clifford Lay	\N	\N	art_department	tt0120185,tt0120801,tt0166175,tt0131566
nm1003144	Adrianna Lopez	\N	\N	art_department,set_decorator,special_effects	tt0118688,tt0255798,tt0369735,tt0356910
nm1003145	Cheryl Marion	\N	\N	art_director,art_department,production_designer	tt1229238,tt5758778,tt3829266,tt0486576
nm1003146	Andrew McCabe	\N	\N	miscellaneous,art_department,location_management	tt0266452,tt0262396,tt0292816,tt0265666
nm1003147	Christy McGinn	\N	\N	art_department	tt0097937
nm1003148	Brad McMurray	\N	\N	art_department	tt0443701,tt1596350,tt0402910,tt0414982
nm1003149	Mark McNeil	\N	\N	art_department,miscellaneous	tt0458339,tt0114388,tt1446714,tt2193215
nm1003150	Steven Michell	\N	\N	art_department	tt0112904
nm1003151	Ron 'Butch' Montgomery	\N	\N	art_department	tt0244244,tt1596350,tt1321870,tt0119925
nm1003152	Elizabeth Nagle	\N	\N	art_department	tt0120601
nm1003154	Liam O'Riain	\N	\N	art_department	tt0332658,tt1540133,tt0411195,tt0118760
nm1003155	Harriet Orman	\N	\N	art_department	tt2488496,tt1735898,tt0311429,tt3748528
nm1003157	Sheila Paule	\N	\N	art_department	tt0271320
nm1003158	Martin Payne	\N	\N	art_department	tt0120185,tt1340800,tt0131566,tt1563738
nm1003159	Richard Penrod	\N	\N	art_department,art_director	tt0412080,tt7784604,tt2386278,tt6769280
nm1003160	Simon Phang	\N	\N	art_department	tt0131566
nm1003161	Jon Piper	\N	\N	art_department	tt0165196
nm1003162	Simone Rath	\N	\N	art_department	tt0806910
nm1003163	Dave Righton	\N	\N	art_department,actor,special_effects	tt0220506,tt0332375,tt0831387,tt1325004
nm1003164	Antoine Robin	\N	\N	art_department	tt1441952,tt0780536,tt0365748,tt0120185
nm1003165	Rob Roman	\N	\N	art_department,location_management	tt0268094,tt1259521,tt0138956,tt0309593
nm1003166	Pierre Rovira	\N	\N	art_department,art_director	tt5657856,tt2053463,tt0498399,tt1990314
nm1003167	John Rushbrook	\N	\N	art_department	tt0131566
nm1003168	Tip Santos	\N	\N	art_department	tt0190052
nm1003169	Jonathan Schnapp	\N	\N	art_department	tt0287496
nm1003170	Patrick Scotto	\N	\N	art_department	tt0108686,tt0287427,tt0359000
nm1003171	Danny Sepulveda	\N	\N	art_department	tt0287496
nm1003172	Bruce G. Smith	\N	\N	art_department	tt0796366,tt0163025,tt0317919,tt1855199
nm1003174	Marian Tone	\N	\N	art_department	tt0290594,tt0287733,tt0288243
nm1003175	Chris Waldron	\N	\N	art_department	tt0417217,tt0160236,tt0262002
nm1003176	Paul Walton	\N	\N	art_department	tt0119989,tt0251736,tt0197096,tt1126591
nm1003177	Dennis Young	\N	\N	art_department	tt0231448,tt0120601
nm1003178	Martin Carrington	\N	\N	art_director	tt0057750
nm1003179	Christopher Freeman	\N	\N	art_director,art_department,camera_department	tt0247097,tt0425063,tt0287425,tt0199744
nm1003180	Afke Golsteijn	\N	\N	art_director,camera_department,costume_designer	tt0287979
nm1003181	Anka Kalatozishvili	\N	\N	actress,costume_designer,art_director	tt2387575,tt5243340,tt0287566,tt0843284
nm1003183	David McFadyen	\N	\N	art_director	tt0057750
nm1003184	Thomson Ong	\N	\N	art_director	tt0278674
nm1003185	James Reimer	\N	\N	soundtrack	tt0383434
nm1003186	Julian Sacks	\N	\N	art_director,art_department	tt0077294,tt0080777,tt0077328,tt0076975
nm1003187	Ronald Teixeira	\N	\N	art_director,costume_designer,actor	tt6891752,tt0477159,tt1405775,tt4954946
nm1003188	Bruce Abrahams	\N	\N	producer,location_management,production_manager	tt4205332,tt1198825,tt0442636,tt0088512
nm1003189	Madeleine Banks	\N	\N	assistant_director,miscellaneous	tt0156349,tt0435012
nm1003191	Cédric Borie	\N	\N	location_management,production_manager,assistant_director	tt1745066,tt5993456,tt1656192,tt7043380
nm1003192	Anne Clarke	\N	\N	assistant_director	tt0292172,tt0287581
nm1003193	Ryan Craig	\N	\N	assistant_director,production_manager	tt0949731,tt0405159,tt1232829,tt1517260
nm1003194	Stephen D'Amato Jr.	1978	\N	assistant_director,miscellaneous,director	tt7462410,tt3228904,tt0433309,tt2281375
nm1003195	Christa Feldhaus	\N	\N	assistant_director,miscellaneous	tt0094519,tt0108967,tt0101077,tt0096704
nm1003197	Patrick Marsh	\N	\N	assistant_director,art_department,miscellaneous	tt0113675,tt0119891,tt0116324,tt0130297
nm1003198	Anne McIntyre Postman	\N	\N	miscellaneous,assistant_director,producer	tt0096294,tt0097230,tt0091637,tt3823930
nm1003200	Holly Rodriguez	\N	\N	actress	tt1074215
nm1003201	Luciano Rosa	\N	\N	assistant_director	tt0045179,tt0046448,tt0046725
nm1003202	Jason Rothenberg	\N	\N	producer,writer,miscellaneous	tt0765470,tt1016073,tt2661044,tt1269597
nm1003203	Pierre Schli	\N	\N	assistant_director	tt0288471,tt0033485,tt0191670
nm1003204	Jason Shipley	\N	\N	assistant_director,director,actor	tt1558182,tt1640459,tt2128016,tt0462465
nm1003205	Romy Stevenson	1972	\N	miscellaneous,assistant_director,special_effects	tt1077258,tt0424774,tt0227538,tt0338459
nm1003206	Casey Thomson	\N	\N	assistant_director	tt0287558
nm1003207	Jean-Christophe Xerri	\N	\N	production_manager,actor,assistant_director	tt0172046,tt0167673,tt0287718,tt0223825
nm1003208	Heather Auble	\N	\N	casting_department,casting_director,producer	tt0287201,tt0165045,tt0299261,tt0488262
nm1003209	Toni Cervantes	\N	\N	casting_director,casting_department	tt0286151,tt0206558
nm1003211	Christophe Debraize-Bois	\N	\N	cinematographer,director,writer	tt0486804,tt1517219,tt1824906,tt0832958
nm1003212	Willis Hawkins	\N	\N	cinematographer	tt0157197
nm1003213	Ken Heinemann	\N	\N	camera_department,production_manager,producer	tt15205738,tt7258694,tt0287634,tt1372259
nm1003216	Carsten Müller	\N	\N	camera_department	tt0090440
nm1003217	Bernard Nobert	\N	\N	cinematographer	tt0284948
nm1003218	Rainer Nolte	\N	\N	camera_department,cinematographer	tt0106108,tt0479846,tt0118255,tt0853076
nm1003220	Christoph Roth	\N	\N	camera_department,cinematographer,editor	tt3069674,tt0159876,tt0345822,tt0118255
nm1003221	José Antonio Szabo	\N	\N	cinematographer,director,writer	tt0406433,tt0255467,tt0353062,tt0389975
nm1003222	Leigh Wilson	\N	\N	camera_department,cinematographer	tt0492499,tt4781664,tt0202179,tt0470878
nm1003224	José Arevalo	\N	\N	music_department	tt0287311
nm1003226	Pascal Baudot	\N	\N	art_department,composer	tt0287484
nm1003227	David Beaumont	1962	\N	composer,sound_department	tt0287447
nm1003228	Deborah Blando	1969	\N	soundtrack,actress,composer	tt0138241,tt0286320
nm1003229	Evan Chan	\N	\N	location_management,miscellaneous,producer	tt1520441,tt0452625,tt0454945,tt0460745
nm1003230	Andrew Coles	\N	\N	composer	tt0287252
nm1003232	Jim Frankel	\N	\N	composer	tt0284355
nm1003236	Jimmy Nolan	\N	\N	actor	tt0256380
nm1003237	Alberto Nuñez	\N	\N	actor,composer	tt0287347,tt0287543,tt0414766
nm1003238	Jeff Ostler	\N	\N	composer,sound_department	tt0078370,tt0088147
nm1003241	Ernest Reyer	1823	1909	music_department,miscellaneous	tt2222571
nm1003242	Theodore Stern	\N	\N	composer	tt0157197
nm1003243	Wolfgang Timpe	\N	\N	composer,actor,sound_department	tt0439966,tt0806910,tt0105951,tt1947970
nm1003244	Mike Verta	1972	\N	composer,sound_department,music_department	tt0925245,tt6403382,tt3797570,tt1572306
nm1003245	Javier del Río	\N	\N	composer	tt0287290
nm1003246	Israel Berne	\N	\N	costume_department,costume_designer	tt0055718
nm1003247	Nicole Clark	\N	\N	costume_designer	tt0286855
nm1003248	Valerie Green	\N	\N	art_director,production_designer,art_department	tt0866437,tt0473705,tt0477080,tt0421729
nm1003249	Tanja Hausner	\N	\N	costume_designer,actress,costume_department	tt3086442,tt7318102,tt9204204,tt12058584
nm1003250	Denise Keegan	\N	\N	costume_designer	tt0286713
nm1003251	Kink Nolan	\N	\N	costume_designer	tt0213127
nm1003252	Pat Page	\N	\N	costume_department,costume_designer	tt0282842,tt0046130,tt0052322,tt0055718
nm1003253	Renata Paris	\N	\N	costume_designer	tt0287691
nm1003254	Makis Antonopoulos	\N	\N	director,writer,actor	tt6975106,tt0287555,tt12700018,tt0347192
nm1003255	Debra Baker	\N	\N	director,writer,editor	tt0126250,tt0287344
nm1003257	Ted Bridgewater	\N	\N	director,writer	tt0286046
nm1003258	Vicente Celis	\N	\N	director,actor	tt0287801
nm1003259	Patrick Chaize	\N	\N	writer,director	tt0287484,tt2846972,tt0252312
nm1003260	Frédéric Choffat	\N	\N	director,cinematographer,producer	tt0436601,tt0352021,tt1826747,tt0796839
nm1003261	Alexander Christian	1881	1937	director,writer	tt2361096,tt2360268,tt0236782,tt2361156
nm1003262	Julie Gilbert	\N	\N	writer,director,producer	tt0436601,tt1092080,tt1826747,tt0287538
nm1003263	Mike Hadley	\N	\N	director	tt0212145
nm1003264	Luna Kim	\N	\N	director,manager	tt0287313
nm1003265	Jonathan Kray	\N	\N	director,writer,editor	tt4800010,tt4044024,tt1084702,tt0287979
nm1003266	Yôka Kusano	1975	\N	director,writer,actress	tt0287312,tt1173472,tt1996431,tt1355205
nm1003267	Paul Leyton	\N	\N	director,writer,cinematographer	tt0287451,tt2350680,tt1886538,tt1640488
nm1003268	Jonathan Lyons	\N	\N	animation_department,visual_effects,director	tt0319262,tt0285531,tt0468492,tt0325980
nm1003269	Mathew Marshal	\N	\N	director	tt0287764
nm1003270	Daniel Maurer	\N	\N	director,writer,assistant_director	tt14494032,tt15545670,tt1142316,tt0287538
nm1003273	Robert Noll	\N	\N	actor,director,producer	tt0287287,tt0296156,tt0295964
nm1003274	Kerry O'Quinn	\N	\N	actor,producer,music_department	tt1830713,tt0273501,tt1381659,tt3020568
nm1003276	Dimitar Petrov	1924	2018	director,assistant_director,writer	tt0345492,tt0326098,tt0222426,tt0305134
nm1003277	Dennis Pies	\N	\N	director,visual_effects	tt2980552,tt0287706,tt0087175,tt5269248
nm1003278	Richard Ramsay	\N	\N	director,writer,editor	tt0285887
nm1003279	Sasi Shankar	1957	2016	assistant_director,writer,director	tt0283496,tt0333871,tt0355924,tt0422934
nm1003281	Toshiyuki Shibata	\N	\N	director	tt6044240,tt6044252,tt6046352,tt0287579
nm1003282	Hiroshi Shima	\N	\N	director,writer	tt4770724,tt3709998,tt0287662
nm1003283	Jacob Ward	\N	\N	producer,director	tt0294140,tt0449461,tt0910586,tt0287612
nm1003284	Claude Weisz	1939	\N	director,writer,assistant_director	tt0287486,tt0289881,tt0309434,tt0376291
nm1003285	Renate Bade	\N	\N	editor	tt0072463,tt0076795,tt0171054,tt1096023
nm1003286	Mark Boswell	\N	\N	director,editor,camera_department	tt2132519,tt2118003,tt2129860,tt2137393
nm1003287	Simone Cassar	\N	\N	editorial_department,editor	tt0287587,tt1147719,tt1270746,tt0163924
nm1003288	Tim Cawston	\N	\N	editor	tt1934854,tt0262955,tt0287258,tt1998944
nm1003289	Alain Godon	\N	\N	director,editor	tt0292235,tt0292082,tt0292283,tt0292118
nm1003290	Ed Greenwood	\N	\N	editor,sound_department	tt0312980,tt0078370
nm1003291	Irina Gregory	\N	\N	editor	tt0090149
nm1003292	Barbara Masel	\N	\N	producer,script_department,writer	tt0382806,tt0108088,tt0428139,tt1245358
nm1003293	Louise Mazier	\N	\N	editor	tt0031460,tt0197450,tt0200259,tt0151635
nm1003294	Angus McLynn	\N	\N	editor,producer,actor	tt0278877
nm1003295	Benjamin Nunes	\N	\N	editorial_department	tt0287185
nm1003296	Felicity Oram	\N	\N	editor,editorial_department,producer	tt0804412,tt13600062,tt6441880,tt0173528
nm1003297	Victor Otero	\N	\N	editor,actor,producer	tt0261526,tt0275182,tt5815340,tt5843060
nm1003298	Victor Raskol	\N	\N	editor,sound_department	tt0282470,tt2261243,tt0238475,tt3028194
nm1003300	Samuel R. Shore	\N	\N	editor	tt0287464
nm1003301	Evan Stron	\N	\N	editor	tt0283143
nm1003302	Jay Thiel	\N	\N	editor	tt0287201
nm1003303	Lilly Anderson	\N	\N	make_up_department	tt0284968
nm1003304	Carol Cadwell	\N	\N	make_up_department	tt0110523
nm1003305	Michelle Chapman	\N	\N	make_up_department,miscellaneous	tt2332649,tt0160236
nm1003306	Kathy Chon	\N	\N	make_up_department	tt0286713
nm1003307	Cathy Dabney	\N	\N	make_up_department	tt0279902
nm1003308	Cathy Dawson	\N	\N	make_up_department	tt0161126
nm1003309	Rebecca Deleo	\N	\N	make_up_department	tt0137523
nm1003310	Paula Demille	\N	\N	make_up_department	tt10676012,tt13978306,tt0389564,tt0220506
nm1003312	Marino Henrique	\N	\N	make_up_department,special_effects,actor	tt0191315,tt0189762,tt0069117,tt0197573
nm1003313	Elvis Jones	1975	2017	make_up_department,special_effects,art_department	tt0438488,tt2140379,tt1790864,tt1656186
nm1003315	Linda Mackie	\N	\N	camera_department,make_up_department,producer	tt0168987,tt16281456,tt1542543,tt0160236
nm1003316	Philippe Mangin	\N	\N	make_up_department,actor	tt0252335,tt0216787,tt1661320,tt0303162
nm1003317	Debbie Moles	\N	\N	art_department,make_up_department,set_decorator	tt1502420,tt1032755,tt0238796,tt4479380
nm1003318	Luigi Murenu	\N	\N	make_up_department,producer	tt15618018,tt10417860,tt0286151,tt0294696
nm1003319	Jodi Parker	\N	\N	make_up_department	tt0328097,tt0363587,tt0307535,tt0274728
nm1003320	Lucia Pieroni	\N	\N	make_up_department	tt11617798,tt11390882,tt9643708,tt0286151
nm1003321	Nelly Robin	\N	\N	make_up_department	tt0205735,tt7002116,tt0157044,tt7458762
nm1003322	Rob Ryan	\N	\N	actor	tt0288474
nm1003323	Jaime Servin	\N	\N	make_up_department	tt0118181
nm1003324	Valerie Shand	\N	\N	make_up_department	tt0057750
nm1003325	Janet Steele	\N	\N	make_up_department	tt0078665,tt0081887,tt0290972,tt0287210
nm1003326	Mike Alberty	\N	\N	script_department	tt0130297
nm1003327	Mike Alcock	\N	\N	camera_department	tt0119565,tt0116845,tt0130761,tt0221889
nm1003328	Carmen Allard	\N	\N	miscellaneous	tt0112022,tt0134247
nm1003329	Alfredo Amato	\N	\N	miscellaneous	tt0151734,tt0399836,tt6316724
nm1003330	Danny Anderson	\N	\N	camera_department	tt1220888,tt0268126
nm1003331	Robert J. Andrews	\N	\N	art_department	tt0179653
nm1003332	Dave Ash	\N	\N	transportation_department	tt0289879,tt1122836,tt0499556,tt0404032
nm1003333	James Asher	\N	\N	actor,miscellaneous	tt1754830,tt1416765,tt2540136,tt5620076
nm1003334	Bill Astin	\N	\N	camera_department	tt0130761,tt0313342,tt0235618,tt0408375
nm1003335	Derek Austin	\N	\N	miscellaneous	tt0243832
nm1003336	Rick Avalos	\N	\N	miscellaneous	tt0258609,tt0219595
nm1003337	Roberto Bagalá	\N	\N	camera_department	tt0120866,tt0118799,tt1924396,tt0159365
nm1003338	David E. Barrero	\N	\N	camera_department	tt0208676,tt0305000,tt0229656,tt0218899
nm1003339	Justin Barry	\N	\N	miscellaneous	tt0109548
nm1003340	Matthew Bauer	\N	\N	director,editorial_department,actor	tt10553524,tt0301155,tt0151734,tt3342260
nm1003341	Cameron Beck	\N	\N	camera_department,location_management,miscellaneous	tt0359013,tt0450345,tt0313911,tt0499556
nm1003342	Jim Bellows	1922	2009	miscellaneous,producer	tt0293344,tt0263663,tt0081857
nm1003343	Julia Bent	\N	\N	miscellaneous	tt0115151
nm1003344	Marc Berardier	\N	\N	camera_department	tt0170511,tt0167585,tt0196256,tt0172057
nm1003346	Oswald Berry	\N	\N	miscellaneous	tt0228778,tt0100070,tt0286320
nm1003347	Jim Biehahn	\N	\N		\N
nm1003348	Chris Bisagni	\N	\N	camera_department	tt0287496,tt4504936
nm1003349	Allen Bishop	\N	\N	camera_department	tt0078370
nm1003350	Jeb Bowles	\N	\N	location_management,miscellaneous	tt0239728,tt0234652,tt0144146
nm1003351	Laura Bramonti	\N	\N	miscellaneous	tt0327086,tt0151734
nm1003352	Brandee Brooks	\N	\N	miscellaneous	tt0216487,tt2182256,tt0262208,tt1520211
nm1003353	Marc Brunelle	\N	\N	camera_department	tt0270846,tt0389957,tt0306047,tt0160236
nm1003354	Susan Buchan	\N	\N	miscellaneous	tt0211336
nm1003355	Lori Buchanan	\N	\N	costume_department	tt0165196
nm1003356	Nathan Burris	\N	\N	camera_department	tt0286151,tt0283875
nm1003357	Jim Burt	1947	1999	miscellaneous,production_manager,producer	tt0099127,tt0125460,tt0091443,tt0114892
nm1003358	Johnny Butler	\N	\N	miscellaneous	tt0034905
nm1003359	Jürgen Carle	1958	\N	cinematographer,camera_department	tt6038168,tt8949216,tt0249542,tt0806910
nm1003360	Adrian Caro	\N	\N	camera_department	tt0107571
nm1003361	Rose Caron	\N	\N	music_department	tt0287496
nm1003362	Gina Carroll	\N	\N	transportation_department,miscellaneous	tt0379270,tt0219175,tt0287691,tt0323939
nm1003363	Sheba Casey	\N	\N	sound_department	tt0108967,tt0101077
nm1003365	Gloria Castro	\N	\N	actress,costume_department,miscellaneous	tt0118688,tt0362227,tt0335245,tt0212720
nm1003366	John Chafee	\N	\N	miscellaneous	tt10618286,tt1121986,tt0287691,tt7115466
nm1003367	Sarah Chan	\N	\N	script_department	tt0118181
nm1003369	Gene Cohen	\N	\N	miscellaneous,producer	tt0183419,tt0263663
nm1003370	Tracey Colvin	\N	\N	miscellaneous	tt0165859
nm1003371	Chris Conaty	\N	\N	camera_department,cinematographer,producer	tt3060390,tt0279088,tt0300968,tt0270417
nm1003372	Nicolas Contre	\N	\N	art_department,special_effects,production_designer	tt0204700,tt0119866,tt0236638,tt0765263
nm1003373	John Couzens	\N	\N	camera_department,cinematographer	tt0287258,tt0421322,tt0233036,tt0249284
nm1003374	Laura Cowell	\N	\N	miscellaneous,assistant_director,location_management	tt0288233,tt0283024,tt0293799,tt0211336
nm1003375	Ted Criswell	\N	\N	miscellaneous,camera_department	tt0115742,tt0114746,tt0146309,tt0126604
nm1003376	Patsy Crocker	\N	\N	miscellaneous	tt0243832
nm1003377	Catherine Crofts	\N	\N	producer	tt0078370
nm1003378	Carrie Crossman	\N	\N	casting_department	tt0190590
nm1003379	Thomas Currna	\N	\N	camera_department	tt0165854
nm1003380	Nadia Dalal	\N	\N	editorial_department,editor	tt0276830,tt0245834,tt0157208,tt0120448
nm1003381	Anton Darby	\N	\N	miscellaneous,assistant_director,location_management	tt0860904,tt0088537,tt0108967,tt0101077
nm1003382	Anne Desanlis	\N	\N	script_department	tt0396767,tt0350797,tt0287339,tt0318032
nm1003384	Marcello Di Carlo	\N	\N	art_department,production_designer,set_decorator	tt5263116,tt9134096,tt3374966,tt9505562
nm1003385	Eddie Diaz	1971	\N	actor,stunts,miscellaneous	tt0313043,tt0317097,tt8359578,tt0419386
nm1003386	Roye Dodge	\N	\N	miscellaneous	tt0051400,tt0050711
nm1003387	Ryan Donavan	\N	\N		\N
nm1003388	Robert Dowding	\N	\N	camera_department	tt0265944,tt0286702,tt1740299,tt1259521
nm1003390	Mike Dunne	\N	\N	camera_department	tt0160236
nm1003391	Ken Dychtwald	\N	\N	miscellaneous	tt0263663,tt0865871,tt0123338,tt1977934
nm1003392	Marie Dérard	\N	\N	music_department	tt0211336
nm1003393	David Eaton	\N	\N	art_department	tt0101114,tt0267201,tt1642302,tt0227901
nm1003394	Carolyn Eckert	\N	\N	miscellaneous	tt0287707
nm1003395	Sandi Ellams	\N	\N	miscellaneous	tt0160236,tt0138959,tt0290334,tt0311863
nm1003396	Mike Elson	\N	\N	camera_department	tt0190052,tt0210112
nm1003397	John Erby	\N	\N	miscellaneous	tt0165859
nm1003399	Joe Fagan	\N	\N	transportation_department	tt0097937
nm1003400	Marie-Christine Fall	\N	\N	script_department,miscellaneous	tt0101152,tt1304873,tt1821575,tt4964074
nm1003401	Tom Fannin	\N	\N	transportation_department	tt0097937
nm1003402	Jason Fellman	\N	\N	miscellaneous	tt0243832
nm1003403	Matt Fenske	\N	\N	camera_department	tt0286592
nm1003404	Albert Fernandez	\N	\N	camera_department	tt0117288,tt0282528,tt0190052,tt0297482
nm1003405	Michael Fiefer	\N	\N	camera_department	tt0118181
nm1003406	Scott Fink	\N	\N	miscellaneous	tt0258609
nm1003407	Brett Follis	\N	\N	editorial_department,editor	tt0203941,tt0194003,tt0239728,tt0208074
nm1003408	Tisha Fontaine	\N	\N	costume_department,costume_designer	tt0288233,tt2145693,tt0219333,tt1099969
nm1003409	Olivier Fortin	\N	\N	camera_department	tt0383216,tt1259014,tt1024648,tt0411272
nm1003410	Andy Foster	\N	\N	miscellaneous	tt0187623
nm1003412	Amélie Frank	\N	\N	miscellaneous	tt14893942,tt0241272,tt10765876
nm1003413	Carol Gagner	\N	\N	miscellaneous	tt0115610,tt0160236
nm1003414	Angela Gais	\N	\N	production_manager,miscellaneous	tt0178132,tt0279555
nm1003415	Vincent Gallagher	\N	\N	transportation_department	tt0097937
nm1003416	Lauren Gaston	\N	\N	costume_department,costume_designer,miscellaneous	tt0190590,tt4845328,tt1737769
nm1003417	Antonio Giménez	1978	\N	miscellaneous,actor,producer	tt0230600,tt0254455,tt0256009,tt0245574
nm1003418	Thomas Glaser	\N	\N	editor,editorial_department,director	tt2836464,tt0204700,tt12112180,tt9078936
nm1003419	Steve Golab	\N	\N	miscellaneous	tt0243832
nm1003420	Karen Gonzalez	\N	\N	miscellaneous	tt0179653,tt0164810
nm1003421	David W. Goodman	\N	\N	transportation_department	tt0165854
nm1003422	Lindsay Grant	\N	\N	script_department,miscellaneous	tt1475582,tt4800878,tt5866284,tt7016936
nm1003423	David F. Hall	\N	\N	miscellaneous	tt0118688
nm1003424	Dana Hammer	\N	\N	art_department	tt0985695
nm1003425	Bob Hand	\N	\N	camera_department,sound_department,visual_effects	tt0234215,tt1382711,tt0284968,tt1562262
nm1003426	William Heflin	\N	\N	miscellaneous	tt0116421,tt0118688
nm1003427	David Helme	\N	\N	camera_department	tt0287210
nm1003428	Neil Henderson	\N	\N	miscellaneous,director,writer	tt3733938,tt0116147,tt0130297
nm1003429	Fritz Henry	\N	\N	camera_department	tt0862615,tt2692508,tt0184135,tt0142031
nm1003430	Dave Herrari	\N	\N		\N
nm1003431	David Heymes	\N	\N	miscellaneous	tt7890550,tt6635810,tt2900822,tt0285492
nm1003433	Jeanne Hurley	\N	\N	editorial_department,editor,sound_department	tt0090477,tt0097937,tt0088512,tt0232538
nm1003434	Jeff Husges	\N	\N	miscellaneous,writer,art_department	tt2133326,tt0258609,tt13259848,tt11420976
nm1003435	Carolyn Ingber	\N	\N	writer,miscellaneous	tt0118688,tt1196946,tt8740976
nm1003436	Cyan Irwin	\N	\N	miscellaneous	tt0112904
nm1003437	Mal Irwin	\N	\N	camera_department	tt0101077,tt0087288,tt0108967
nm1003438	Lori James	\N	\N	transportation_department,miscellaneous	tt0160236,tt0417217,tt0462229,tt2380331
nm1003440	Joseph Jay	\N	\N	location_management	tt0131566
nm1003441	Mal Jonstone	\N	\N	transportation_department	tt0160236
nm1003442	Chris Kable	\N	\N	miscellaneous	tt0165859,tt0283084
nm1003443	Thomas Kalla	\N	\N	transportation_department,miscellaneous	tt0277703,tt0464042
nm1003444	Geoff Kaufman	\N	\N	actor,camera_department	tt0287558,tt15416298
nm1003445	Mick Kearney	\N	\N	sound_department,camera_department	tt2886816,tt0097937
nm1003446	Mike Keeffe	\N	\N	camera_department,editor	tt0287581
nm1003447	Mike Keelty	\N	\N	camera_department	tt1869716,tt0477078,tt0126604,tt0106028
nm1003448	Shannon Kelly	\N	\N	costume_department,costume_designer,miscellaneous	tt9053082,tt0286947,tt1518304,tt0313043
nm1003450	Janette Kim	\N	\N	miscellaneous,actress	tt0325805,tt0268126,tt0245562,tt0368891
nm1003451	John C. Kirk	\N	\N	camera_department	tt0081400,tt0080139
nm1003452	John Kirkland	\N	\N	miscellaneous	tt0824774,tt0258609,tt5895582
nm1003453	Dave Kirman	\N	\N	camera_department	tt0146316
nm1003455	Gene Lambert	\N	\N	miscellaneous	tt0097937
nm1003456	Donald E. Lange	\N	\N	camera_department,visual_effects	tt0165361,tt13606250,tt0103670,tt0173528
nm1003457	Peter Larin	\N	\N	transportation_department	tt0160236,tt0144146,tt0310357
nm1003458	Tim Lauber	\N	\N	sound_department,music_department	tt11866324,tt1790864,tt1318514,tt9777666
nm1003459	Dominic Lavoie	\N	\N	actor,production_manager,soundtrack	tt1870996,tt0278514,tt4824434
nm1003460	Jason Leib	\N	\N	production_manager,editorial_department	tt0475394,tt0363547,tt0482606,tt1457767
nm1003462	Cathay Li	\N	\N	camera_department	tt0286592
nm1003464	Sandra Lijoi	\N	\N	miscellaneous	tt0211336
nm1003465	Manuel Louis	\N	\N	miscellaneous,art_department	tt0081400,tt0075057,tt0086618
nm1003466	William Louthe	1957	2009	camera_department,sound_department,visual_effects	tt1385826,tt0480249,tt0119099,tt1060277
nm1003467	Andy Lucksay	\N	\N	miscellaneous	tt0268126
nm1003468	Tammy Mabra	\N	\N	miscellaneous	tt0367988,tt0243832
nm1003469	John Mabry	\N	\N	producer,production_manager,editorial_department	tt2244871,tt0460649,tt11640018,tt1595859
nm1003470	Kathy Mabry	\N	\N	miscellaneous	tt0165196,tt0146309
nm1003471	Julia MacLeod	\N	\N	editorial_department,miscellaneous	tt0120714,tt0205873,tt0245905,tt0221073
nm1003472	Christopher Maguire	\N	\N	location_management	tt0238796
nm1003473	Ron Mahy	\N	\N	transportation_department	tt0238552,tt0160236
nm1003475	Keith Markhan	\N	\N		\N
nm1003477	Luis Maru	\N	\N	camera_department	tt0286592
nm1003478	Russ Mathews	\N	\N	camera_department	tt0130297
nm1003479	Marc Matney	\N	\N	actor,producer,director	tt2014215,tt0093896,tt0081954,tt2015305
nm1003480	Daniel Matray	\N	\N	miscellaneous	tt0258609
nm1003481	Terry Maxfield	\N	\N	miscellaneous	tt0143050
nm1003482	Bob McArthur	\N	\N	transportation_department	tt0160236,tt0251174
nm1003483	Ryan McCormick	\N	\N	production_manager,producer,miscellaneous	tt0343737,tt0219965,tt1720616,tt0295178
nm1003484	Sarah McDougall	\N	\N	miscellaneous,actress	tt0125439,tt2194499,tt0314331,tt1131729
nm1003485	Victoria McDowell	\N	\N	miscellaneous	tt0286989
nm1003486	Scott McKinnon	\N	\N	camera_department	tt0250739,tt0283205
nm1003487	Dan McMullan	\N	\N	camera_department,sound_department	tt3214726,tt0131566
nm1003488	Pat Melody	\N	\N	camera_department	tt0107058,tt0090400,tt0187623,tt0417332
nm1003489	Fabrizio Micheli	\N	\N	camera_department	tt11009596,tt12780384,tt1418824,tt0116209
nm1003491	Pat Morgan	\N	\N	script_department,miscellaneous	tt0137328,tt0077042,tt0187623,tt1461383
nm1003492	Claire Morris	1983	\N	location_management,miscellaneous,camera_department	tt0485840,tt0260611,tt0476570
nm1003493	Garry Morrison	\N	\N	cinematographer,camera_department	tt0287210,tt0297626,tt0088605,tt0098956
nm1003494	David Muntz	\N	\N	miscellaneous,transportation_department	tt0097579,tt0373883,tt1103153,tt0102744
nm1003495	Tommy Naraion	\N	\N	camera_department	tt0160236
nm1003496	Teri Nelson Carpenter	\N	\N	music_department,soundtrack,executive	tt0106064,tt0120389,tt0099450,tt0239728
nm1003497	Drew Neville	\N	\N	transportation_department	tt0160236,tt0085031,tt0160184,tt0200472
nm1003498	Aaron Ng	\N	\N	camera_department,sound_department	tt0458428,tt0378728,tt0367649,tt0388793
nm1003499	Tara Nicholson	\N	\N	camera_department,actress	tt0270846,tt0309593,tt0106028,tt0240515
nm1003500	Carlos Nickel	\N	\N	transportation_department	tt0411061,tt0460780,tt1655441,tt0417217
nm1003501	Eddie Nickerson	\N	\N	actor,writer,stunts	tt1117586,tt1393000,tt0118688
nm1003502	Nancy Nicolai	\N	\N	costume_department	tt0118688,tt1378167,tt0421030,tt0319969
nm1003503	Serge Nivelle	\N	\N	assistant_director,miscellaneous	tt0069226
nm1003504	Kate Noone	\N	\N	miscellaneous	tt0287252
nm1003506	Kjeld Nørregaard	\N	\N	music_department	tt0287288
nm1003507	Shelagh O'Brien	\N	\N	producer,miscellaneous	tt0108757,tt0197182,tt0281820,tt0283139
nm1003508	Katherine O'Carroll	\N	\N	miscellaneous	tt0190590
nm1003509	John O'Shaugnessy	\N	\N	miscellaneous	tt0159226
nm1003510	Val O'Toole	\N	\N	miscellaneous	tt0031917
nm1003511	Lee Olsen	\N	\N	music_department	tt0190590
nm1003512	Peter Orange	1975	\N	miscellaneous,art_department	tt0402513,tt0131566,tt0094416
nm1003513	Verónica Ortiz	1969	\N	actress,miscellaneous	tt0310489,tt0358839,tt0368488,tt0368531
nm1003514	Andrew Ortner	1978	\N	production_manager,producer,miscellaneous	tt0268126,tt0403795,tt0903747,tt0322330
nm1003515	Danielle Otto	\N	\N	script_department,sound_department,miscellaneous	tt0302573,tt1509178
nm1003517	Krista Parris	\N	\N	producer,miscellaneous,editorial_department	tt0270707,tt6101602,tt0268126,tt6317658
nm1003519	Chet Paulsen	\N	\N	camera_department	tt0078370
nm1003520	Phil Pearce	\N	\N	camera_department,cinematographer,sound_department	tt0187623,tt1792584,tt8004848,tt3415656
nm1003521	Thomas Perls	\N	\N	miscellaneous	tt0263663
nm1003522	Gloria Perra	\N	\N	costume_department	tt0118688
nm1003523	Ricardo Perret	\N	\N	camera_department	tt0107571
nm1003524	Kristine Pham	\N	\N	producer,writer,production_manager	tt3589684,tt3480662,tt0109548,tt1322249
nm1003525	Mike Pickel	\N	\N	camera_department,sound_department	tt1650062,tt1340138,tt0796366,tt0816692
nm1003526	Kevin Picket	\N	\N	miscellaneous	tt0316824,tt0212867,tt0268126,tt0437800
nm1003527	Rosa Pietrini	\N	\N	miscellaneous	tt0151734,tt0107225
nm1003528	Ross Pike	\N	\N	transportation_department	tt0469916,tt0160236,tt0287603,tt0312172
nm1003529	David Piltch	\N	\N	music_department,soundtrack,actor	tt11525644,tt0873886,tt0478311,tt0165854
nm1003530	Laura Pinto	\N	\N	script_department,miscellaneous,writer	tt0133752,tt4975722,tt3567288,tt2101441
nm1003531	Franz Pleth	\N	\N	transportation_department	tt0268995,tt0160236
nm1003532	Judy K. Powell	\N	\N	miscellaneous	tt0099044,tt0095897,tt0097230,tt0091637
nm1003534	Amy Presnell	\N	\N	miscellaneous	tt0258609
nm1003535	Mike Prestay	\N	\N	transportation_department	tt0308208,tt0160236,tt0364343,tt0417148
nm1003536	Stacy Radford	\N	\N	miscellaneous	tt0115151
nm1003537	Monica Raimondo	1956	\N	script_department	tt0085597,tt0161169,tt3465516,tt6975978
nm1003538	Louise Rassow	\N	\N	script_department	tt0223573
nm1003539	Jason Redmond	\N	\N	miscellaneous	tt0130297
nm1003540	Anthony Ricardi	\N	\N	art_department,production_designer	tt0105135,tt0097230
nm1003541	Christa Richards	\N	\N	costume_department	tt0160236,tt0758730
nm1003542	Lloyd Rigler	1915	2003	miscellaneous	tt0263663
nm1003543	Michelle Roderick	\N	\N	assistant_director,miscellaneous	tt0268126,tt0307466
nm1003544	Thomas Rooney	\N	\N	camera_department,miscellaneous	tt0283323
nm1003545	Diana Rosen	\N	\N	miscellaneous	tt0107571
nm1003547	Deborah Rubenstein	\N	\N	miscellaneous,producer	tt0287256,tt0892370,tt0810498,tt1981256
nm1003549	Matt Sage	\N	\N	art_department,transportation_department,miscellaneous	tt4093826,tt0285403
nm1003550	Andrea Salkin	\N	\N	miscellaneous	tt0109548
nm1003551	Shae Salmon	\N	\N	visual_effects,editorial_department	tt1648190,tt1877832,tt0831387,tt0770828
nm1003552	Dominic Sardo	\N	\N	miscellaneous	tt0190590
nm1003553	Barbara Saunders	\N	\N	location_management	tt0190590,tt0256415
nm1003554	Alessandro Scepi	\N	\N	stunts,location_management,actor	tt5294550,tt11214590,tt1961175,tt2379713
nm1003556	Edward Schneider	\N	\N	miscellaneous	tt0263663
nm1003557	Robin Schwartz	\N	\N	editorial_department	tt0069226,tt2211926
nm1003558	Josh Shader	\N	\N	producer,writer,miscellaneous	tt1046163,tt11905138,tt0328828,tt3569344
nm1003559	Nick Shatford	\N	\N	miscellaneous	tt0287252
nm1003560	Arthur H. Shek	\N	\N	miscellaneous,art_director	tt0397892,tt0230011,tt0328880,tt0780521
nm1003562	Jasan Sherman	\N	\N	location_management,miscellaneous	tt0209144,tt1013752,tt0817230,tt0268995
nm1003563	Trevor Sifton	\N	\N	location_management,miscellaneous	tt0272338,tt0165196
nm1003564	Ian Silverstein	\N	\N	editor,editorial_department,visual_effects	tt0467197,tt0758730,tt1424381,tt0437086
nm1003565	Dave Simon	\N	\N	miscellaneous	tt5444566,tt0258609
nm1003566	Nicole Small	\N	\N	costume_department	tt0118688,tt0106040,tt0212720,tt0268695
nm1003569	J. Smith	\N	\N	actor	tt0392559
nm1003570	Laurence Smith	\N	\N	visual_effects	tt0988045,tt7550000,tt2015381,tt0499549
nm1003571	Bohumil Sova	\N	\N	miscellaneous	tt0244479
nm1003572	Mario Spanna	\N	\N	camera_department,miscellaneous,visual_effects	tt8041270,tt2015381,tt0458339,tt3778644
nm1003573	Trevor Steele	\N	\N	miscellaneous	tt0228180,tt0234652,tt0216930,tt0280870
nm1003574	Andy Stenning	\N	\N	assistant_director,miscellaneous	tt0350386,tt1046904,tt7573024,tt4350804
nm1003575	Phil Stepperastano	\N	\N	camera_department	tt0286592
nm1003576	Joe Stevenson	\N	\N	visual_effects	tt0234215,tt0141369,tt0180052,tt0120201
nm1003578	Danny Stoltz	\N	\N	casting_department,casting_director,actor	tt0298130,tt0269347,tt2305051,tt1838544
nm1003579	Maurizio Tagli	\N	\N	miscellaneous	tt0287452
nm1003580	Rick C. Taplin	\N	\N	miscellaneous,art_department	tt0309698,tt0297181,tt0369735,tt0268126
nm1003581	Terry Teague	\N	\N	transportation_department	tt0160236
nm1003582	Michael Terito	\N	\N	transportation_department	tt0160236
nm1003583	Ryan D. Thompson	1977	\N	miscellaneous,art_department,editorial_department	tt0423474,tt0410966,tt0361841,tt0252866
nm1003584	David Tiley	\N	\N	writer,script_department,miscellaneous	tt0309169,tt2945032,tt0809931,tt1274274
nm1003585	Roberta Tonni	\N	\N	miscellaneous,production_manager	tt4393064,tt0178132,tt0279555,tt0284717
nm1003586	Patrice Tremor	\N	\N	costume_department	tt0107571
nm1003587	Brier Turpin	\N	\N	location_management	tt0097230
nm1003588	Petra Van Rompary	\N	\N	script_department	tt0165196
nm1003589	Stephen Varble	\N	\N	assistant_director	tt0069226
nm1003590	Mohan Vigne	\N	\N	camera_department	tt0287185
nm1003591	Keith Waltho	\N	\N	transportation_department,costume_department	tt1496025,tt0160236,tt0270846,tt0401855
nm1003592	Erik Warner	\N	\N	camera_department	tt0190052,tt0308506,tt0463034,tt0424823
nm1003593	Bud Waterman	\N	\N	transportation_department	tt1879032,tt0375210,tt0238552,tt1126590
nm1003594	Billy Wauer	\N	\N	camera_department,actor,art_department	tt0468569,tt5968394,tt0452594,tt1139668
nm1003595	Michelle Webster	\N	\N	miscellaneous	tt0170454,tt0174856,tt0411061
nm1003596	Chris Weigand	\N	\N	camera_department	tt4881806,tt1210819,tt2283362,tt1907668
nm1003597	Chris Wessman	\N	\N	miscellaneous,art_department,art_director	tt0243133,tt0212910,tt0190590,tt0355702
nm1003598	Paul Whittle	\N	\N	transportation_department,production_manager	tt0496436,tt0375210,tt0247419,tt0175142
nm1003599	Matthew W. Williams	\N	\N	camera_department	tt3195644,tt1028528,tt0469494,tt4550098
nm1003600	Ali Willdey	\N	\N	costume_department	tt0297181,tt0160236,tt0380728,tt0422778
nm1003601	Peter Winn	\N	\N	camera_department	tt0075469,tt0159194,tt0074035,tt0077007
nm1003602	Debbie Winston	\N	\N	costume_department,actress,miscellaneous	tt0118040,tt0192111,tt0270846,tt0290334
nm1003603	Craig Wirth	\N	\N	miscellaneous	tt0226771,tt0191397,tt0220178
nm1003605	Maye E. Wong	\N	\N	miscellaneous	tt0278674
nm1003606	Connie Woo	\N	\N	miscellaneous	tt0165196
nm1003607	Mallory Woods	\N	\N	actor,stunts,miscellaneous	tt0287778,tt1935086,tt0287779,tt1945157
nm1003608	Ann Wraith	\N	\N	camera_department	tt0831387,tt2103281,tt1964418,tt0298814
nm1003609	Marc Yannette	\N	\N	camera_department,miscellaneous	tt0499484,tt1472082,tt0224025,tt0443435
nm1003610	Peter Yap	\N	\N	camera_department	tt0131566
nm1003611	Ann Yeo	\N	\N	miscellaneous	tt0278674
nm1003613	Josef Danzer	\N	\N	production_manager,transportation_department	tt0174431,tt0075474,tt0088323,tt0214364
nm1003614	Peter M. Donsch	\N	\N	production_manager	tt0989788,tt0806901,tt0121027,tt0092953
nm1003615	Jill Eaton	\N	\N	miscellaneous,producer	tt0412081,tt0396704
nm1003616	Luigi Enciu	\N	\N	production_manager,miscellaneous,assistant_director	tt0287733,tt0288243,tt12004038,tt6767852
nm1003617	Érica Ferreira	\N	\N	production_manager	tt0215069,tt0413460,tt0297402
nm1003618	Helene Freund	\N	\N	production_manager	tt0131157,tt0278878,tt0208651
nm1003620	Péter Kornai	\N	\N	production_manager,miscellaneous,actor	tt0082997,tt11463836,tt0095475,tt0097875
nm1003622	Frank Neckel	\N	\N	production_manager,location_management	tt0944056,tt0806910,tt0930022,tt0149431
nm1003623	Barbara Nehring	\N	\N	production_manager,location_management	tt0386974,tt2387852,tt0806910,tt0338052
nm1003624	Michael Pierson	\N	\N	art_director,production_designer,art_department	tt0213127,tt11795652,tt21862626,tt9015842
nm1003625	Soledad Polo	\N	\N	production_manager,producer	tt0083644,tt0082877,tt0092178,tt0359233
nm1003626	Francisco Rojo	\N	\N	transportation_department,miscellaneous,location_management	tt1562872,tt1233259,tt1164999,tt1452293
nm1003628	Sebastian Stürmer	\N	\N	production_manager,miscellaneous,location_management	tt1525780,tt0808873,tt0806910,tt0106178
nm1003629	Michael C. Wagner	\N	\N	production_manager,miscellaneous,actor	tt0246349,tt0806910,tt0102880,tt0086521
nm1003630	André Allard	\N	\N	writer,producer	tt0243510,tt0217117
nm1003631	A.W. Andersen	\N	\N	producer	tt0287440
nm1003632	Mark Askin	\N	\N	producer	tt0287627,tt12485692,tt12483302
nm1003633	John Barbosa	\N	\N	actor,producer,cinematographer	tt1382697,tt0202642,tt1111775,tt1262422
nm1003634	Bice Berry	\N	\N	producer	tt0286557,tt0314433,tt1498183
nm1003635	Elizabeth Brock	\N	\N	producer,production_manager	tt0209400,tt0173528,tt0804412,tt0209101
nm1003636	Michael Caleo	\N	\N	writer,producer,miscellaneous	tt2787278,tt2404311,tt0141842,tt0469689
nm1003637	George Cant	\N	\N	producer	tt0287492,tt1213831
nm1003638	Dan Cohan	\N	\N	miscellaneous	tt2554390,tt4046334,tt7033498
nm1003639	Ion Constas	\N	\N	director,actor,writer	tt0435681,tt0287320
nm1003640	James Crofts	\N	\N	producer	tt0078370
nm1003641	Paulo Dantas	\N	\N	producer,miscellaneous	tt9864910,tt1280567,tt0997039,tt0114651
nm1003643	James Ewart	\N	\N	producer,director	tt1991237,tt11006402,tt0211531
nm1003644	Jason Fine	1974	\N	producer,writer,editorial_department	tt4957912,tt0395910,tt0933341,tt0839908
nm1003645	John Forster	\N	\N	miscellaneous	tt0039743
nm1003646	Miguel Gart	\N	\N	producer	tt0283123
nm1003647	Erren Gottlieb	\N	\N	producer,director,writer	tt13600062,tt1170481,tt0173528,tt13606250
nm1003648	Jamie Hammond	\N	\N	producer,production_manager,actress	tt8267606,tt0432245,tt0173528,tt1170481
nm1003649	Michael Hanson	\N	\N	producer	tt0178848
nm1003650	Robert L. Harwood	\N	\N	producer	tt0285887
nm1003651	Nana Heilman	\N	\N	producer	tt0434347,tt0239583,tt0820101
nm1003652	Victoria Johns	\N	\N	miscellaneous,producer,writer	tt0096664,tt0077098,tt0078704,tt0077011
nm1003653	Bruce Kernan	\N	\N	producer	tt0115151
nm1003654	Richard Leyland	\N	\N	producer,director,miscellaneous	tt3027316,tt1775795,tt3026766,tt0299336
nm1003655	Charmaine Li	\N	\N	producer	tt0444890,tt2562646,tt0278674
nm1003656	Valerie Linson	\N	\N	producer,miscellaneous,director	tt0287256,tt12579652,tt0400151,tt0441585
nm1003658	Joel Manning	1981	\N	actor,assistant_director	tt0424345,tt0366034,tt0477140,tt3400006
nm1003659	John Nemec	1971	\N	miscellaneous,producer,writer	tt0202642,tt1345836,tt0112819,tt0160401
nm1003660	Jane Rayne	\N	\N	producer	tt0287492
nm1003661	Chris Ribbe	\N	\N	producer,executive	tt0320242,tt0961750,tt0178848
nm1003662	Zoe Simon	\N	\N	producer,actor,writer	tt0287492,tt1958052
nm1003663	Dick St. John	1942	2003	producer,soundtrack,actor	tt3666226,tt0221799,tt0196287,tt0287222
nm1003665	David Strohmeyer	\N	\N	producer,miscellaneous	tt0290104,tt0222776
nm1003666	Audrey Tay	\N	\N	producer	tt0278674
nm1003667	Renato Tilhe	\N	\N	editorial_department,producer,visual_effects	tt9149314,tt0870090,tt0192612,tt0861689
nm1003668	Cesare Torri	\N	\N	producer,writer,assistant_director	tt0045179,tt0047658,tt0167852,tt0050429
nm1003669	James Ware	\N	\N	actor	tt0437943,tt0070790,tt0159857,tt0065270
nm1003670	Harald Will	\N	\N	producer,talent_agent,production_manager	tt0772851,tt0118255,tt0274692,tt0349865
nm1003671	Brian Winston	\N	\N	producer,writer,miscellaneous	tt0078388,tt4245272,tt1934167,tt0181269
nm1003672	Pamela Wright	\N	\N	actress,producer	tt0287209
nm1003673	Franci Zajc	\N	\N	producer,production_manager	tt0776726,tt0387625,tt1966571,tt0281202
nm1003674	David Bevin	\N	\N	production_designer,art_department,art_director	tt0092431,tt2176037,tt0187621,tt0222652
nm1003675	Frank Gillman	\N	\N	production_designer,art_department	tt2123453,tt1833983,tt0161151,tt0165049
nm1003677	J. Patrick	\N	\N	production_designer	tt0037371
nm1003678	Gilmar Peres	\N	\N	production_designer	tt0258902
nm1003679	Marty Angelo	\N	\N	art_department,art_director	tt0490086,tt0223954,tt0286947,tt0221799
nm1003680	Renee Cash	\N	\N	miscellaneous,set_decorator,art_department	tt0360323,tt0288301,tt0275527,tt1735281
nm1003681	Steve Katz	\N	\N	set_decorator	tt0245775
nm1003683	Chad Olson	\N	\N	set_decorator	tt0078370
nm1003684	Mike Pierce	\N	\N	art_department	tt1130884,tt3513548,tt3263904,tt0269347
nm1003686	Dori Amarilio	\N	\N	composer,music_department,sound_department	tt0372023,tt1651941,tt0388489,tt6726692
nm1003687	André Apard	\N	\N	sound_department	tt0159658,tt0191071,tt0170172,tt0191204
nm1003688	Bevin Armistead	\N	\N	sound_department	tt0235048
nm1003689	Willie B.	\N	\N	sound_department,camera_department	tt0125488,tt0144880,tt0149137,tt0134544
nm1003690	Resti Bagcal	\N	\N	sound_department,cinematographer	tt0173528,tt10186160,tt0791278,tt6400410
nm1003691	Jill Berliner	\N	\N	music_department	tt0190590,tt0335245
nm1003693	John Bouman	\N	\N	sound_department	tt0109548
nm1003694	René Boutet	\N	\N	sound_department	tt0189045,tt0193894,tt0160639
nm1003695	Tim Burlingame	\N	\N	soundtrack,composer	tt1094229,tt2002759,tt0960886,tt1519931
nm1003696	Phil Cartwright	\N	\N	sound_department,miscellaneous	tt0165064,tt21636214,tt0083392,tt0169438
nm1003697	Allyson Cole	\N	\N	sound_department,editorial_department,special_effects	tt1465522,tt1220198,tt0457297,tt5328006
nm1003698	Lee Corbett	\N	\N	sound_department	tt0111890,tt0096704,tt0101077,tt0108967
nm1003700	Brian Dewar	\N	\N	sound_department	tt12506610,tt0078665,tt0081887,tt0092471
nm1003701	Michelle Dixon	\N	\N	music_department	tt2652248,tt0190590
nm1003702	Søren Ellesøe	\N	\N	sound_department	tt0126988
nm1003703	Pat Enright	\N	\N	soundtrack,miscellaneous	tt0107111,tt0284067,tt0190590
nm1003704	John Flyn	\N	\N	sound_department	tt0069226
nm1003705	Diana Gaides	\N	\N	sound_department	tt0286713
nm1003706	Real Gauvreau	\N	\N	sound_department	tt1099942,tt1122836,tt0112111,tt0286635
nm1003707	Marco Giacomelli	\N	\N	sound_department,music_department,soundtrack	tt1666143,tt5057130,tt1565773,tt1405810
nm1003708	Bié Gomes	\N	\N	sound_department	tt0215069
nm1003710	Antoni Gryzik	\N	\N	sound_department	tt0287346,tt4826758,tt0848332,tt0071891
nm1003711	Alicia Healy	\N	\N	sound_department	tt0286713
nm1003712	Brenda Hewitt	\N	\N	sound_department	tt0084522,tt0080630,tt0082500
nm1003713	Leanne Ibell	\N	\N	sound_department	tt0245024
nm1003714	Pat Jenson	\N	\N	sound_department	tt0195293,tt0167304,tt0167999
nm1003715	Jun Watanabe	\N	\N	sound_department,music_department,composer	tt4283240,tt0109057,tt0253492,tt0488266
nm1003716	Michael Kadenacy	\N	\N	miscellaneous,executive	tt0259974
nm1003717	Kazz	\N	\N	sound_department,soundtrack	tt4076164,tt14304050,tt0463903,tt2171847
nm1003718	Zabi Khan	\N	\N	sound_department	tt0287185
nm1003719	Peter Knowles	\N	\N	sound_department	tt1511543,tt0187623,tt0168978,tt0122339
nm1003720	Danny Kopelson	\N	\N	sound_department,music_department,composer	tt0086879,tt0107595,tt0094764,tt0097368
nm1003721	Michael Krautheimer	\N	\N	sound_department	tt0287619
nm1003722	Gerhard Kreis	\N	\N	sound_department	tt0078691,tt0090440
nm1003724	Rune Kullander	\N	\N	producer,art_department,sound_department	tt0090808,tt1763270,tt2650612,tt0085744
nm1003725	Alan Larman	\N	\N	music_department	tt0190590
nm1003726	Jason Layug	\N	\N	sound_department	tt0287574,tt0357113
nm1003730	Diane Lucas	\N	\N	sound_department	tt0202677,tt0265029,tt0285742,tt0277027
nm1003731	Debra MacCulloch	\N	\N	music_department,miscellaneous,producer	tt0335245,tt1937390,tt0275309,tt0190590
nm1003732	Steve Madick	\N	\N	actor,sound_department	tt0118181
nm1003733	Liz Magro	\N	\N	music_department,producer	tt0120389,tt0165588,tt0203247,tt0203268
nm1003734	Jean Marigaux	\N	\N	sound_department	tt0189290
nm1003735	Michael McAuliffe	\N	\N	sound_department,actor	tt2034031,tt0173528,tt0446037,tt0928380
nm1003736	Monica Meloni	\N	\N	sound_department	tt0202072,tt0178132,tt0279555
nm1003737	Sarah Mezger	\N	\N	sound_department	tt0286713
nm1003738	Josh O'Dell	\N	\N	actor,sound_department	tt5464544,tt0302573,tt0287558
nm1003739	Gerry O'Riordan	\N	\N	music_department,sound_department	tt1219342,tt0383694,tt0365929,tt0101889
nm1003740	Weon-chul Oh	\N	\N	sound_department	tt0297231,tt0280427,tt0287583,tt0270919
nm1003741	Jesse Osborne	\N	\N	sound_department,composer,music_department	tt2152712,tt2306747,tt0068280,tt0086879
nm1003742	Valerie Pack	\N	\N	music_department	tt0190590
nm1003743	Rustom Pavri	\N	\N	sound_department	tt0287185
nm1003744	Christophe Penchenat	\N	\N	sound_department	tt3096782,tt6435934,tt15255288,tt1480072
nm1003745	Kai Petersen	\N	\N	sound_department,editorial_department	tt0118255,tt0090440
nm1003746	Mike Piersante	\N	\N	music_department,soundtrack,sound_department	tt0445922,tt0159365,tt0190590,tt1392170
nm1003747	Vasile Radulescu	\N	\N	sound_department	tt0067545,tt0071101,tt0288243,tt0125698
nm1003748	Nick Reeks	\N	\N	sound_department,editor	tt0287258,tt0883772,tt6906332,tt1623134
nm1003749	Wolfgang Reichl	\N	\N	sound_department	tt0118255,tt2247150,tt9387244,tt5209414
nm1003750	Sylvain Remy	\N	\N	sound_department	tt7477310,tt9178020,tt10084688,tt1075116
nm1003751	Robert Philippe	\N	\N	sound_department	tt0243510
nm1003752	Graeme Robson	\N	\N	sound_department	tt0287203,tt0239018
nm1003753	Bill Rudolph	\N	\N	sound_department,assistant_director,camera_department	tt4719744,tt1476750,tt2571774,tt11989890
nm1003755	David Salvatori	\N	\N	sound_department	tt0287452,tt0097914,tt0181839,tt0099056
nm1003756	Kazuo Sato	\N	\N	sound_department,actor	tt1233329,tt0444890,tt0278674,tt0463903
nm1003757	Dino Schiavone	\N	\N	sound_department,actor,camera_department	tt1456635,tt0167367,tt0867286,tt0464041
nm1003759	Alex Selk	\N	\N	sound_department	tt0097230
nm1003760	Kathrin Shorr	\N	\N	soundtrack	tt0367345,tt2002759,tt1519931,tt2998406
nm1003761	Valery Simons	\N	\N	sound_department	tt0274340,tt0143422,tt0165196
nm1003762	J. Thomas Sisco	\N	\N	sound_department	tt0286713
nm1003763	Marion Smith	\N	\N	sound_department	tt0393274,tt0173528,tt0209400
nm1003764	Andy Stacey	\N	\N	sound_department	tt0287203,tt0069611,tt0056751,tt0088512
nm1003765	Denise Stiff	\N	\N	music_department,miscellaneous	tt0190590,tt0284067
nm1003766	Bruno Tatopoulos	\N	\N	composer	tt0245775
nm1003767	Ann Townshend	\N	\N	sound_department	tt1220198,tt0492044,tt0457572,tt0439815
nm1003768	Karl Waechter	\N	\N	camera_department,sound_department	tt0406942,tt0466977,tt0884227,tt0944142
nm1003769	Dave Whiteley	\N	\N	sound_department	tt0068069,tt0096700,tt0094519,tt0108967
nm1003770	Brian Whitty	\N	\N	sound_department	tt1827882,tt0238137,tt6295350,tt0092719
nm1003771	Sandy Wilbur	\N	\N	music_department,soundtrack	tt0190590,tt0119465
nm1003772	Rudolf Woska	\N	\N	sound_department	tt0112239,tt0806901,tt0874740,tt0121027
nm1003774	Dae-hyun Yu	\N	\N	sound_department	tt0287583,tt0943958
nm1003775	Willem van Nieuwenhuyzen	\N	\N	sound_department	tt0385676,tt1087892,tt0280179,tt0256259
nm1003776	Dawn Bradford	\N	\N	special_effects,make_up_department	tt0098503,tt0095922,tt0107571
nm1003778	Michael E. Doyle	1944	2010	special_effects,art_department	tt0129387,tt0120890,tt0383574,tt0313443
nm1003779	Ed Fraughton	\N	\N	special_effects	tt0078370
nm1003780	Harold Herbert	\N	\N	visual_effects,special_effects,editorial_department	tt8998644,tt9835098,tt0287320,tt0245013
nm1003782	Jan Klinke	\N	\N	art_department,special_effects,actor	tt3717252,tt0350061,tt0295701,tt0419706
nm1003785	J.J. McKenna	\N	\N	assistant_director,special_effects,music_department	tt1362444,tt0112904,tt14584486
nm1003787	Gay O'Reilly	\N	\N	special_effects	tt0097937
nm1003788	Allen Pike	\N	\N	special_effects	tt0118688,tt0183523,tt0112462,tt6260678
nm1003789	Jordan Severy	\N	\N	special_effects	tt0118688
nm1003790	Jason Brawin	\N	\N		\N
nm1003791	Eric Buc	\N	\N	stunts	tt0304391,tt0217172,tt0207919,tt0283957
nm1003792	Mary de Longis	\N	\N	miscellaneous,actress,stunts	tt0288968,tt2111891,tt1597080,tt2010928
nm1003793	Gerry Gay	\N	\N	stunts	tt0239728
nm1003794	Stewart Macleen	\N	\N	stunts	tt0078370
nm1003795	Debbie Nolan	\N	\N	camera_department,stunts	tt0097230,tt0134154
nm1003796	Ken Wagner	\N	\N	stunts	tt0271022
nm1003797	Zeki Alan	\N	\N	writer	tt0287310,tt0494929
nm1003798	Kay Alden	\N	\N	writer,actress,producer	tt0092325,tt3569164,tt0055690,tt0069658
nm1003799	Boris Aprilov	\N	\N	writer	tt0174116,tt4421002,tt0175507,tt0349917
nm1003800	Kay Bender	\N	\N	miscellaneous,writer	tt0078704
nm1003801	Paige Bernhardt	\N	\N	producer,miscellaneous,writer	tt0137330,tt3743822,tt1243983,tt1889673
nm1003804	Andi Bushell	\N	\N	producer,writer	tt0281445,tt0285333,tt13833978,tt3475734
nm1003805	Martie Cook	\N	\N	writer,producer	tt0086681,tt0108889,tt0106037,tt0143081
nm1003807	John Cummings	\N	\N	writer	tt0287336
nm1003808	Tim Darlo	\N	\N	writer	tt0052522
nm1003809	Christopher Dunn	\N	\N	writer	tt0069658,tt0044265,tt0086793,tt0058796
nm1003810	Jake Farrow	\N	\N	producer,writer,actor	tt11833388,tt2487090,tt0367279,tt0972534
nm1003811	Maurice Goddet	\N	\N	writer	tt0031818
nm1003813	Marlène Gray	\N	\N	writer	tt0243616
nm1003814	J.B. Hall	\N	\N	writer	tt0078704
nm1003815	Christopher Haun	1950	2018	miscellaneous,writer	tt0078704
nm1003816	Shari Hearn	\N	\N	producer,writer,miscellaneous	tt0103435,tt0090501,tt0090540,tt0098805
nm1003817	Brian Jacobsmeyer	\N	\N	writer,producer,miscellaneous	tt0108897,tt0920474,tt0471048,tt0350448
nm1003818	Janet Kapsin	\N	\N	producer,writer	tt0081930,tt0083497,tt1493815,tt0088612
nm1003819	Daniel Keene	\N	\N	writer,actor,script_department	tt0360798,tt11992122,tt0867284,tt0145467
nm1003820	Harold Kent	\N	\N	writer	tt0048841
nm1003822	Yaman Koray	1934	2006		tt0279896
nm1003823	Eric Lev	\N	\N	producer,miscellaneous,writer	tt0284770,tt0772137,tt0273855,tt5126414
nm1003824	Enzo Mancini	\N	\N	writer	tt0071135
nm1003825	Roberto Mazzoni	\N	\N	writer	tt0240396
nm1003826	Anne McGrail	\N	\N	producer,writer,miscellaneous	tt0247136,tt0460686,tt0313043,tt0395843
nm1003827	Sanford Minton	\N	\N	writer	tt0078704
nm1003828	Paul Mousley	\N	\N	writer	tt0808096,tt1064628,tt2321596,tt0203248
nm1003829	Sylvia Necht	\N	\N	writer	tt0075529,tt0078706
nm1003830	Cindy Paul	\N	\N	actress,writer	tt0433726,tt0287565
nm1003832	Les Ralston	\N	\N	writer	tt0054570
nm1003833	Greg Rice	\N	\N	writer,miscellaneous	tt0156196,tt0432710
nm1003834	Ian G. Saunders	\N	\N	writer,miscellaneous,producer	tt13606250,tt0173528,tt0428195,tt0337539
nm1003835	Marie Sedivá	\N	\N	writer	tt0287527
nm1003836	Gen Shimada	\N	\N	writer	tt0287519
nm1003837	Charles Shows	\N	2001	writer,art_department,composer	tt1298884,tt4364574,tt0050057,tt0145637
nm1003838	Marc Sirinsky	\N	\N	writer	tt0078704
nm1003839	Dan Sterling	\N	\N	producer,writer,miscellaneous	tt2139881,tt0460654,tt1723816,tt0821375
nm1003840	Jeff Stuart	\N	\N	miscellaneous,writer	tt0086775,tt0088634,tt0086722,tt0078704
nm1003841	Alison Watt	\N	\N	writer	tt0264970,tt0088512
nm1003842	Barbara Wilde	\N	\N	writer	tt1184902,tt0853076,tt10509354,tt1294422
nm1003843	Laura Wolner	\N	\N	producer,writer,miscellaneous	tt0460627,tt0220178,tt0252019,tt0801427
nm1003844	Alfred Yuson	\N	\N	writer	tt0159248,tt0347336,tt0449872
nm1003847	Drew Hall	\N	\N	visual_effects	tt0240462,tt0185431
nm1003848	Rachel Jones	\N	\N	actress	tt0104756,tt0097230,tt0094512,tt0095178
nm1003849	Damon Knight	\N	\N	actor	tt0057808
nm1003850	Keb' Mo'	1951	\N	music_department,soundtrack,composer	tt0119807,tt0311289,tt0117918,tt0117247
nm1003852	Robert Sparks	\N	\N	actor,producer,director	tt0112854,tt4446034,tt0965377,tt2047732
nm1003855	Rogelio González	1977	\N	producer	tt0283742
nm1003858	Graciela I. Sanchez	\N	\N	script_department,assistant_director,camera_department	tt0373208,tt0220136,tt0207565,tt0217503
nm1003861	Vladimir Tukan	\N	\N	cinematographer,sound_department	tt0109632,tt0288849
nm1003870	Eric Neff	\N	\N	art_department	tt0116141
nm1003871	Jean-Marie Benoît	\N	\N	camera_department	tt0104779,tt0098575,tt0120404,tt0086504
nm1003874	Jeremy Childs	\N	\N	actor,producer,writer	tt3673480,tt5016504,tt2281375,tt8806104
nm1003875	Jim Goddard	\N	\N	actor	tt0131534
nm1003876	Rogelio González	\N	\N	script_department,actor	tt0171304,tt0278775,tt0055409,tt0067202
nm1003879	Ken Lewis	\N	\N	actor	tt0089456,tt0075529,tt0081856
nm1003880	Keith O'Brien	\N	\N	actor,sound_department	tt0058653,tt0056703
nm1003881	Kevin Pierce	\N	\N	actor	tt0131534,tt0395843
nm1003882	Tim Preston	\N	\N	actor	tt0154100
nm1003883	Maxwell Smith	\N	\N	assistant_director,miscellaneous,transportation_department	tt1995400,tt1006901,tt0322241,tt1104699
nm1003884	Cassandra Lee	\N	\N	actress	tt0247578
nm1003885	Laura Russell	\N	\N	actress	tt0280064
nm1003886	Scott Barrett	\N	\N	art_department	tt0110909,tt0116141
nm1003887	Tom Blake	\N	\N	art_department	tt0131596
nm1003888	John Burt	\N	\N	director,writer,art_department	tt3881634,tt0252019
nm1003889	Jason Gibbs	\N	\N	art_department,art_director,set_decorator	tt1456635,tt8633478,tt3758814,tt0492044
nm1003890	Guy Killum	\N	\N	art_department	tt0330800
nm1003892	Roger Nolan	\N	\N	actor,producer,production_designer	tt0434299,tt1506320
nm1003893	Daniel Vega	\N	\N	actor	tt0178643
nm1003894	James Keith	\N	\N	assistant_director	tt0235137
nm1003896	Steve McGovern	\N	\N	music_department,soundtrack	tt0106907
nm1003897	Terry Norman Taylor	\N	\N	music_department,soundtrack	tt0106907
nm1003898	Darren Ewing	\N	\N	actor,camera_department	tt10611992,tt0105643,tt3382888,tt0488658
nm1003899	Mark Fischer	\N	\N	sound_department,actor,visual_effects	tt0946977,tt10245064,tt10205538
nm1003900	Jonathan Herman	\N	\N	miscellaneous,writer,art_department	tt2572696,tt0134119,tt0328589,tt0118749
nm1003902	Wellington	\N	\N	camera_department	tt0092532
nm1003903	Jack Mitchell	1925	2013	miscellaneous	tt0818113,tt0396240,tt0284754
nm1003905	Sean Anderson	\N	\N	make_up_department	tt0265104
nm1003906	Matt Bennett	1974	\N	casting_department,casting_director,miscellaneous	tt0965393,tt1477773,tt1361721,tt1055400
nm1003908	Lars Göran Carlsson	\N	\N	music_department	tt0907683,tt0201374
nm1003909	Lindsay Elliot	\N	\N		\N
nm1003910	Lisa Fisher	\N	\N	producer,miscellaneous	tt1563280,tt10836794,tt8465938,tt2770592
nm1003912	David W. Keith	\N	\N	camera_department	tt0131596
nm1003913	Kim Martínez	\N	\N	costume_designer,costume_department	tt1659343,tt1146438,tt0350258,tt0477071
nm1003916	Donald Robinson	\N	\N	cinematographer	tt0278473
nm1003918	Trevor Smith	\N	\N	sound_department,music_department	tt0142233,tt0138919,tt0199051,tt0142235
nm1003919	Tony Stanford	\N	\N	miscellaneous,editorial_department	tt0092857,tt0116141,tt0097022
nm1003920	Jason Vail	\N	\N	miscellaneous	tt0287730
nm1003921	Janice Williams	\N	\N	producer,production_manager,miscellaneous	tt2118624,tt0498399,tt0800308,tt1175709
nm1003922	Brian Oliver	1971	\N	producer	tt2119532,tt0947798,tt1979320,tt8579674
nm1003923	Danny Sherman	\N	\N	manager,producer,writer	tt2087807,tt3833378,tt2386237,tt2599112
nm1003924	John Stearns	\N	\N	production_designer	tt0111137
nm1003925	Ricardo Ferreira	\N	\N	special_effects,set_decorator	tt0235333,tt0287625
nm1003927	Robb Boyd	\N	\N	music_department	tt1386703,tt1853728,tt1464540,tt0290334
nm1003928	Dick Taylor	\N	\N	sound_department	tt0075857
nm1003929	Matt Leonard	\N	\N	visual_effects	tt1825683,tt1677720,tt8041270,tt3778644
nm1003930	Mark Slade	1970	\N	visual_effects,miscellaneous	tt0355295,tt0252299,tt0325703,tt0325596
nm1003932	George Carson	\N	\N	writer	tt0123816
nm1003934	Gregory Harris	\N	\N	editor	tt0405039,tt1043774,tt0072095,tt0216307
nm1003935	Ray Moore	\N	\N	writer	tt0044296,tt0036262
nm1003939	Alan Templeton	\N	\N	writer,miscellaneous,music_department	tt0115168,tt0405560,tt0108909,tt0123816
nm1003940	Isabella Abati	\N	\N	actress	tt0047915
nm1003941	Damien Abbou	\N	\N	actor	tt0240913
nm1003942	Abdelazim Abdelhack	\N	\N	actor,soundtrack	tt0291982,tt0064703,tt8469228,tt0086934
nm1003943	Daniel Abendroth	\N	\N	production_designer	tt0260500,tt0271212
nm1003944	Stefan Abendroth	\N	\N	production_manager,actor,producer	tt0067163,tt0075230,tt0080481,tt0074108
nm1003945	Abdelmonen Aboulfoutouh	\N	\N	actor	tt0064703
nm1003946	Ursula-Maria Abraham	\N	\N	camera_department	tt0140746,tt0069640,tt0222655,tt0806901
nm1003947	Pamela Ackerman	\N	\N	actress	tt0122994
nm1003948	Adam M. Dunne-De'Coligny	1975	\N	transportation_department,miscellaneous	tt0234215,tt0371739,tt0270688,tt0298798
nm1003949	Patricio Beltran Aparicio	\N	\N	assistant_director	tt0073012,tt0072281
nm1003950	Charlotte Adomeit	\N	\N	actress	tt0259399
nm1003951	Erwin Adriaenssens	\N	\N	assistant_director,director,location_management	tt0199574,tt1755138,tt0227974,tt0149546
nm1003952	Joaquín Agustín	\N	\N	producer	tt0038641
nm1003954	Karri-Lyn Airhart	\N	\N	actress	tt0117996
nm1003955	Samer Akl	\N	\N	writer,editor,director	tt22804850,tt11112784,tt0459268,tt0291874
nm1003956	Ola Ronke	\N	\N	art_department,art_director,production_designer	tt2149175,tt3027506,tt0162650,tt2217859
nm1003957	Steve Alcarado	\N	\N	actor,production_manager,stunts	tt0375850,tt0093937,tt2119499,tt4791190
nm1003960	Dalila Alini	\N	\N	actress	tt0287730,tt0246894
nm1003961	Ghiziane Alini	\N	\N	actress	tt0246894,tt0287730
nm1003962	Andrés Almeida	\N	\N	actor,composer,production_designer	tt0245574,tt5863566,tt6444140,tt5112348
nm1003963	Blanca Alvarez	\N	\N		tt0795174
nm1003964	Dana Amlerová	\N	\N	miscellaneous,assistant_director	tt0167644
nm1003965	Lliam Amor	\N	\N	actor	tt1530532,tt0088580,tt5797184,tt1119176
nm1003966	Ahmad Anan	\N	\N	actor	tt1649321,tt0064703
nm1003967	Derrick Andersen	\N	\N	assistant_director	\N
nm1003968	Ricardo Andreu hijo	\N	\N	camera_department	tt0082110,tt0082337
nm1003969	Andrew Blyskosz	\N	\N	editor,editorial_department	tt4322984,tt3673456,tt0901176,tt12268468
nm1003970	Kenneth Andrews	\N	\N		tt0187408
nm1003971	Nino Andriadze	\N	\N	actress	tt0280698
nm1003972	Bichiko Andronikashvili	\N	\N	actor	tt0275015,tt0821993,tt0286888
nm1003974	John Ankerberg	\N	\N	writer,producer	tt2137377,tt16758240,tt3755980,tt0253083
nm1003975	Anu Ansari	\N	\N	actress	tt0371735,tt0314006,tt0249371,tt0169102
nm1003976	Irakli Apaqidze	\N	\N	actor	tt0287054,tt1833008,tt18260302,tt0239302
nm1003977	Rago Apollo	\N	\N	actor	tt0382729,tt2339679,tt0093937,tt0438858
nm1003978	Abdelrahim Araj	\N	\N	miscellaneous	tt0280343
nm1003980	Flor Lugo Arango	\N	\N	actress	tt0182644,tt0146740
nm1003981	Joanne Archambault	\N	\N	art_director	tt0282992
nm1003982	Norberto Arcusín	\N	\N	actor	tt3263192,tt0456246,tt0247586,tt1077349
nm1003983	Sally Ardrey	\N	\N	actress	tt0044270,tt0056292
nm1003984	Arrin Arensman	\N	\N	actress	tt0131534
nm1003985	Soso Areshidze	\N	\N	actor	tt0281641
nm1003986	Otto Arneth	1913	1981	actor	tt0045869,tt0273347,tt0242203
nm1003987	Bobby Nice Arredondo	\N	\N	sound_department,camera_department	tt0796366,tt2231253,tt0247638,tt0462519
nm1003988	Carla Arrigoni	\N	\N	actress	tt0043489,tt0049155
nm1003989	Mirentxu Arrivillaga	\N	\N	costume_designer	tt0284336
nm1003990	Vakhtang Asatiani	\N	\N	actor	tt0286806
nm1003991	Nina Asbury	\N	\N	actress	tt0266807
nm1003992	Rudolf Aschenbrenner	\N	\N	camera_department	tt0287798
nm1003993	Angélique Astgen	\N	\N	actress	tt20722932,tt0161721
nm1003994	Helen Atsikbasis	\N	\N	writer,producer,miscellaneous	tt1583387,tt0119957,tt2597756
nm1003995	Giselle Audirac	\N	\N	actress	tt0435010,tt0245574,tt0380538,tt0460485
nm1003996	Phillip Avramov	1974	\N	actor	tt5732522,tt1680019,tt1980999,tt1464567
nm1003997	Raja Awasthi	\N	\N	actor,miscellaneous	tt0367110,tt0169102,tt2677162,tt4502952
nm1003999	Abdula Azinovic	\N	\N	actor	tt0140100
nm1004000	V. Ya. Babitsky	\N	\N	producer	tt0028624
nm1004002	Yordanka Bachvarova	1950	\N	editor,editorial_department	tt0262690,tt0301269,tt0098643,tt1655429
nm1004003	Mindis Jo Baker	\N	\N	art_department	tt0116141
nm1004004	Stathis Bakolis	\N	\N	miscellaneous	tt0119957
nm1004005	Samir Bakouche	\N	\N	actor	tt0273000
nm1004007	Amara Balthrop-Lewis	\N	\N	actress	tt0252866,tt0286162
nm1004008	Parveen Bano	\N	\N	actress	tt0169102,tt0312664,tt0396057,tt0316154
nm1004009	Rita Banotti	\N	\N	script_department	tt0072710
nm1004010	Jack Banta	1917	1977	actor	tt0034296,tt0041328,tt0032676
nm1004011	Marius Barbeau	1883	1969	writer	tt8790598,tt0256181,tt0247850,tt0256182
nm1004012	Jesse James Barbosa	\N	\N	actor	tt0240448
nm1004013	Gogi Basishvili	\N	\N	actor	tt0830630,tt0239302
nm1004014	Anna Bassi	\N	\N	actress	tt0046352
nm1004015	Francisco Bastardi	1883	1976	actor	tt0194654,tt0178767,tt0030071,tt0181272
nm1004016	Michel Battaggia	\N	\N	production_manager,art_department,costume_department	tt0119665,tt0177746,tt0422720,tt0245328
nm1004017	Muriel Baubeau-Howden	\N	\N	make_up_department	tt0310924,tt0290160,tt0283024,tt0303403
nm1004018	Paolino Baulino	\N	\N	actor	tt0046352
nm1004019	Cheron Bayna	\N	\N	location_management	tt0234853
nm1004020	Bruce Davis Bayne	\N	\N	actor	tt0104683
nm1004021	Jennifer Beattie	\N	\N	actress	tt0382680,tt0287434
nm1004022	Jean Beauparlant	\N	\N	art_department	tt0485947,tt0843353,tt0149367,tt0354855
nm1004023	Inger Grethe Becher	\N	\N	actress	tt0031932
nm1004025	Beetlejuice	1968	\N	actor	tt0257106,tt0258470,tt2977110,tt0369099
nm1004026	Stephane Beissy	\N	\N	miscellaneous	tt1496005,tt0272093,tt1692486,tt0354356
nm1004028	Fanny Bellavance	\N	\N	script_department,assistant_director	tt4687882,tt0411743,tt6010628,tt4579914
nm1004029	Mia Benight	\N	\N	actress	tt0117996,tt0283535
nm1004031	Mary Berkelbach	\N	\N	miscellaneous	tt0949731,tt1219289,tt0217869,tt0167404
nm1004032	Guntis Berklavs	\N	\N	miscellaneous	tt0113359
nm1004034	David C. Bernat	\N	\N	miscellaneous,producer,production_manager	tt1282140,tt0492956,tt1697033,tt4633662
nm1004035	Lars Beroleit	\N	\N	camera_department	tt1318774
nm1004036	Annemarie Berthiaume	1959	\N	miscellaneous,location_management	tt0246332,tt0254626,tt0319262,tt0401085
nm1004037	Alan J.F. Betrancourt	\N	\N	camera_department,cinematographer	tt0103522,tt0115680,tt0108473,tt0116141
nm1004038	Mario Bettiol	\N	\N	actor	tt0046352
nm1004039	Krista Betts	\N	\N	actress	tt0269483
nm1004041	Elfriede Beutner-Schels	1918	1979	actress	tt0806910,tt0198531,tt0287798,tt1516000
nm1004042	Gurpreet Bhatti	\N	\N	writer,actor	tt0112004,tt0088512,tt1673374,tt0264970
nm1004043	Raban Bieling	1993	\N	actor,soundtrack	tt0323247,tt1058601,tt5713908,tt0449011
nm1004044	Juninho Bill	\N	\N	producer,actor,miscellaneous	tt10969830,tt2093350,tt3612488,tt0121654
nm1004045	David Bilowus	1974	\N	assistant_director	tt0275932,tt0402158
nm1004046	Annie Binette	\N	\N	make_up_department	tt0344337,tt1081956,tt0452608,tt0450314
nm1004047	Marie-Josée Binette	\N	\N	make_up_department	tt0190938,tt1081956,tt0885761,tt0365929
nm1004048	Tobias Bjälevik	1978	\N	actor	tt0302197,tt0294214,tt0131180
nm1004049	Juan Blague	\N	\N	miscellaneous	tt0054732,tt0047186
nm1004050	Peter Blair-Stewart	\N	\N	actor,miscellaneous	tt0061232,tt0075537,tt0207894,tt2301229
nm1004052	Don Blakstad	\N	\N	producer	tt8553882,tt0810444,tt0138885
nm1004053	Nicolas Blakstad	1985	\N	actor	tt0138885
nm1004054	Tracy Blanchette	\N	\N	actress	tt0253083
nm1004055	Wolf Bleichrodt	\N	\N	miscellaneous	tt0112239
nm1004056	Yann Blondel	\N	\N	visual_effects,director,animation_department	tt2938956,tt0137523,tt0399295,tt4244994
nm1004057	Amber Bloss	\N	\N	art_department	tt0271809
nm1004058	Randall Boffman	1953	\N	actor	tt0106057,tt0095381,tt0365125,tt0365737
nm1004059	Kerry Bohm	\N	\N	art_director	tt0284336
nm1004060	Julio Bolanos	\N	\N	transportation_department	tt0472043,tt5941692,tt4835926,tt0328107
nm1004061	William D. Boldebuck	\N	\N	actor,miscellaneous	tt0106907
nm1004062	Laura Bollinger	\N	\N	casting_director,casting_department,actress	tt0096542,tt0133152,tt7676540,tt0157248
nm1004063	Giovanni Bonasera	\N	\N	actor	tt0046352
nm1004064	Raymond Bongiovanni	1954	1996		\N
nm1004065	Kes Bonnet	\N	\N	production_designer,art_director,art_department	tt3014866,tt1480295,tt1112782,tt1971325
nm1004066	Ray Bontempo	\N	\N	miscellaneous	tt0106907
nm1004067	Domenico Bonucci	\N	\N	camera_department	tt0034809,tt0046725,tt0054598,tt0041637
nm1004068	Kampoon Boonthavee	\N	\N	writer	tt0287539
nm1004070	Axelle Bossard	\N	\N	actress,casting_director	tt13511518,tt0240913,tt10094634,tt2994636
nm1004072	Judy Boudreaux	\N	\N	miscellaneous	tt0186014
nm1004074	Gilbert J. Bouley	1921	2006	actor	tt0041328
nm1004075	Patricia Boulogne	\N	\N	visual_effects	tt0137523,tt0344854,tt0246677,tt0239234
nm1004076	Yvan Bourdages	\N	\N	camera_department,cinematographer	tt0252503,tt0245238,tt0246894,tt0242150
nm1004077	Nicolas Bourgassoff	\N	\N	cinematographer	tt0210476,tt0022494,tt0492993
nm1004078	Julián Bourges	\N	\N	actor	tt0198847,tt0191363,tt0198359,tt0178767
nm1004079	Elephant Boy	\N	\N	actor	tt0462634,tt0289974,tt0495046,tt0292888
nm1004080	Erik Bragg	\N	\N	actor	tt0368933,tt22640544,tt0350028,tt0247638
nm1004081	Brigitter Brandstätter	\N	\N	editor,editorial_department	tt0404173,tt0287798
nm1004082	Alyssa Brandy	\N	\N	miscellaneous	tt0261992
nm1004083	Tom Brannigan	\N	\N	actor	tt0038170,tt0037263,tt0037138,tt0035757
nm1004084	Stacey B. Brashear	\N	\N	location_management,miscellaneous	tt1931533,tt4913966,tt1067583,tt3397884
nm1004086	Thomas Brazil	\N	\N		tt0049257
nm1004087	Guillermo Brizuela Méndez	1922	1997	actor	tt0316847,tt0054362,tt0293526,tt0184057
nm1004088	Todd Broder	1978	\N	director,producer,writer	tt0284907,tt0815049,tt1534780,tt2004428
nm1004089	Ness Broom	\N	\N	editor,editorial_department	tt0866432,tt0138919,tt0382443,tt0439410
nm1004090	Andrew Archie Brown	\N	\N	production_manager,producer	tt0211577,tt0271436,tt0120127,tt0181734
nm1004091	Ephraim Evan Brownlee	\N	\N	actor,producer	tt0266807
nm1004092	Martin Brunnett	1970	\N	producer,actor,miscellaneous	tt7653502,tt0856157,tt7653518,tt1712038
nm1004094	Aje Brücken	\N	\N	writer,assistant_director	tt0108979,tt0144050,tt15781790,tt3833900
nm1004095	Christine Buckell	\N	\N	art_department,actress	tt0808526,tt0113699,tt0117996
nm1004096	Alp Bugdayci	1964	2016	actor	tt0456932,tt4557576,tt0200489,tt11133362
nm1004097	Miroslav Bukovcic	\N	\N	actor,stunts	tt0495613,tt0498736,tt0140100
nm1004098	Ralf Bunzel	\N	\N	writer,script_department	tt0229611,tt0404599,tt0401942,tt0259788
nm1004099	Chris Burke-Gaffney	\N	\N	soundtrack,music_department	tt2980206,tt0106907
nm1004101	Keith Buszik	\N	\N	actor	tt0131534
nm1004102	Nathalie Butterfield	\N	\N	actress	tt0117996
nm1004104	Gottfried Böttger	1949	2017	composer,soundtrack,actor	tt0377180,tt0090440,tt0075972,tt0094524
nm1004105	Raymond Caddell	\N	\N	actor	tt0054385
nm1004106	Paola Calabrese	\N	\N	make_up_department	tt0447680,tt5096470,tt0299263,tt5524630
nm1004107	Giuseppe Calcagno	\N	\N	actor	tt0178132,tt0996508,tt0104111,tt0140428
nm1004108	Carina Caldarone	\N	\N	costume_department,costume_designer,miscellaneous	tt2222042,tt12262116,tt3501632,tt1790809
nm1004110	Joan Call	\N	\N	actress	tt0083715
nm1004111	Elia Calvi	\N	\N	actor	tt0046352
nm1004112	Cam'ron	1976	\N	soundtrack,actor,composer	tt0798786,tt1489887,tt1855199,tt2088869
nm1004113	Matt Campagna	\N	\N	actor	tt0283587
nm1004114	Thaís Canjani	\N	\N	assistant_director	tt0263124
nm1004115	Korry Cannon	\N	\N	actress	tt0247638
nm1004116	Sergio Cardenes	\N	\N	actor	tt0089455,tt0437545
nm1004117	Francis Cardinal	\N	\N	miscellaneous	tt0383782,tt2414040,tt1854533,tt4383594
nm1004118	Austregésilo Carrano	1957	2008	writer	tt0263124
nm1004119	Florence Carvajal	\N	\N	actress	tt0093937,tt2119499,tt0090296,tt0466145
nm1004121	Sean Casey	\N	\N	camera_department,actor	tt0140973,tt0123455,tt0285333,tt0120241
nm1004122	Van Casey	1943	1998	actor	tt0054385
nm1004123	Joe Caspolich	\N	\N	actor	tt0054385
nm1004124	Kyle Cassie	1976	\N	actor,editor,editorial_department	tt1431045,tt4278760,tt0491738,tt1031254
nm1004125	Miranda Castravelli	\N	\N	producer	tt0257882
nm1004126	Maurizio Casula	1970	\N	sound_department,producer,director	tt0283273,tt0430509,tt13494254,tt8807388
nm1004127	Miles Catherwood	\N	\N	art_department	tt0303403,tt0283024,tt0159797
nm1004128	Maarten Ceelen	\N	\N	camera_department	tt0434261,tt0278184,tt0217198
nm1004129	Ulises Celestino	\N	\N	actor	tt0332869,tt0247586
nm1004130	Ricardo E. Cespedes	\N	\N	actor	tt0099291
nm1004131	Temo Chachava	\N	\N	actor	tt0286806,tt0826564
nm1004132	Roch Chalifour	\N	\N	location_management,transportation_department	tt1411254,tt1132285,tt0380585,tt0323944
nm1004134	Robb Chamberlain	1971	\N	actor,director,writer	tt0261492,tt0241760,tt0340855
nm1004135	Lennard Chan	\N	\N	actor	tt0270841
nm1004136	Christian Charette	\N	\N	camera_department,actor,cinematographer	tt2089646,tt0287434,tt0481521
nm1004137	Robyn Charteris	\N	\N	writer	tt2769458,tt0296693,tt0274988,tt6804724
nm1004138	Jacques Charvet	\N	\N	costume_department	tt0226055,tt0226020,tt0225473
nm1004139	Sally Chattaway	\N	\N	actress	tt1037530,tt0841027,tt0233954,tt0180367
nm1004140	Robert Chavagnac	\N	\N	actor,miscellaneous	tt0280343,tt0094843
nm1004141	José Luis Chavarría	\N	\N	actor,stunts	tt0426204,tt0467867,tt0297174,tt2719830
nm1004142	Vincent B. Chavez	\N	\N	camera_department	tt0234853
nm1004143	Alfred Chemel	\N	\N	production_manager	tt0200315
nm1004145	Stéphane Chichignoud	\N	\N	art_department	tt0146740
nm1004146	Martin Chielens	1947	2009	editorial_department	tt0081400,tt0088170,tt0083446,tt0095816
nm1004147	Nanci Chin	1947	2014	location_management	tt0247638
nm1004148	Simon Chinchaladze	\N	\N	actor	tt0281641
nm1004149	Sanata Chincharauli	\N	\N	actress	tt0280698
nm1004150	Vanessa Chinitor	1976	\N	actress	tt0239196,tt0386192,tt0313386,tt6485308
nm1004151	Lalida Chirasheve	\N	\N	miscellaneous	tt0247638
nm1004152	Richie Chiu	\N	\N	assistant_director	tt0284336
nm1004153	Chiyaki	\N	\N	actress	tt0049257
nm1004154	Christian Maagaard Christensen	\N	\N	cinematographer	tt0130287,tt0130331,tt0316689
nm1004155	Cristina Christian	\N	\N	miscellaneous	tt0120647,tt0430357,tt0161081,tt0181689
nm1004156	Glynn Christian	1942	\N	actor,writer	tt0219769,tt13256438,tt13880840,tt0177448
nm1004157	Michael Christophoratos	\N	\N	camera_department	tt5539924,tt4925000
nm1004158	Spyros Christoforatos	\N	\N	camera_department,location_management,producer	tt11822966,tt14105762,tt12567192,tt14549466
nm1004159	Dr. Chu	\N	\N	actor	tt0091971
nm1004160	Jerry Chu	\N	\N	producer,actor,casting_department	tt0159193,tt0213338,tt0138919,tt0290282
nm1004161	Darwood Chung	\N	\N	actor	tt0457286,tt0904627,tt0368933,tt0247638
nm1004162	Lisa Churchouse	\N	\N	miscellaneous	tt0266414,tt0240278,tt0172061,tt0237446
nm1004163	Mark Ciersdorff	\N	\N	assistant_director	tt0286108
nm1004165	Patrick Claessen	\N	\N	actor	tt4318458,tt16731692,tt1773212,tt13027120
nm1004166	Charles Clapsaddle	\N	\N	director,producer,writer	tt3778458,tt5336012,tt1608247,tt0078841
nm1004168	Anthony Claverie	\N	\N	actor,writer,cinematographer	tt0308186,tt1629766,tt0484328,tt0324368
nm1004170	Emily Clibourn	1988	\N	actress	tt0283991,tt3469080,tt14999716
nm1004172	Delia Codebó	\N	\N	actress	tt0201414,tt0030071,tt0316375,tt0194654
nm1004173	David Coemaere	\N	\N	director,writer,camera_department	tt0217198,tt0422954
nm1004174	David J. Cofini	\N	\N	art_department,miscellaneous	tt0137523,tt0117765
nm1004175	Jamie Whitby Coles	\N	\N	actor	tt0169102
nm1004176	Orlagh Collins	\N	\N	miscellaneous,production_manager,producer	tt0411195,tt0436697,tt0800099,tt3906082
nm1004177	Mireille Colussi	\N	\N	actress	tt0202397,tt0155345,tt0041137,tt0158349
nm1004178	Gabriel Comella	\N	\N	make_up_department	tt0079921,tt0050651,tt0071422,tt0071164
nm1004179	Gary Condit	1948	\N	actor	tt0096680,tt0088550
nm1004180	Deborah Constable	\N	\N	miscellaneous,assistant_director	tt0395387,tt0185102,tt0287276,tt0187623
nm1004181	Mirella Conti	\N	\N	make_up_department	tt0158713,tt0222209,tt0211727,tt2343371
nm1004183	Tony Coppala	\N	\N	actor	tt0038170
nm1004184	Sabrina Corcione	\N	\N	actress	tt0197340
nm1004186	Ken Cottengim Jr.	\N	\N	camera_department	tt0120768,tt0116839,tt0137523
nm1004187	Hughuette Coulaubon	\N	\N	writer,producer	tt0203378
nm1004188	Emerton Court	1904	1961	actor	tt0050677,tt1586121,tt0341798,tt0051286
nm1004189	Delphine Couturier	\N	\N	make_up_department,miscellaneous	tt0357037,tt0173567,tt1174034,tt0205725
nm1004190	Gerard Cowhig	1921	1995	actor	tt0041328
nm1004191	Manuel Cox	\N	\N	miscellaneous	tt0098987,tt0106907
nm1004192	Rosemarie Craig	\N	\N	actress,miscellaneous	tt3627322,tt0883595,tt1081956,tt1534993
nm1004193	Janna Craze	\N	\N	art_department,art_director	tt0103312,tt0112966,tt0215865,tt0108826
nm1004194	Anna Crotti	\N	\N	camera_department,cinematographer	tt0144106,tt0118259,tt0806910,tt0076980
nm1004195	Diane Denise Crowell	\N	\N	actress	tt0150522
nm1004196	Ellen Etten	\N	\N	actress,writer,producer	tt5195724,tt9167772,tt1586680,tt2322064
nm1004197	Christian Cunningham	1966	\N	visual_effects,art_department	tt3501632,tt1477834,tt4881806,tt0234215
nm1004198	Anita Marie Curran	\N	\N	actress,miscellaneous	tt3060698,tt2637350,tt0247638,tt4198764
nm1004199	Wassili D'Angiò	\N	\N	actor	tt0046352
nm1004200	Tim Dadabo	1961	\N	actor,soundtrack	tt0309654,tt0494232,tt0357718,tt0765446
nm1004201	Sarah-Anne Dafoe	\N	\N	miscellaneous,casting_director,casting_department	tt0106842,tt0214341,tt0138919,tt4778940
nm1004202	Simon Dairymple	\N	\N	cinematographer	tt0764268
nm1004203	Peter Dalrymple	\N	\N	actor	tt0283587
nm1004205	Marwa Dau	\N	\N	actress	tt0109996
nm1004206	Ditch Davey	\N	\N	actor,producer,assistant_director	tt0108709,tt0115417,tt6295182,tt1442449
nm1004207	Mike Davis	\N	\N	actor	tt0049257
nm1004209	Herman De Croo	1937	\N	actor	tt0341797,tt1694625,tt0162076,tt1543293
nm1004210	Christine De Keukelaere	\N	\N	make_up_department	tt0217198,tt0209464,tt0149453,tt2313211
nm1004211	Alana De La Garza	1976	\N	actress	tt0098844,tt0416051,tt0279600,tt4364202
nm1004212	Benton De La Houssaye	\N	\N	producer	tt0186014
nm1004213	Tony De Sloover	\N	\N	make_up_department	tt0217198
nm1004214	Babs De Winter	\N	\N	producer	tt0217198
nm1004215	Nikki DeBartolo	\N	\N	make_up_department	tt0072506,tt0116141
nm1004216	Marilyn DeJesus	\N	\N	miscellaneous,actress,production_manager	tt1895587,tt0316654,tt1082601,tt0280486
nm1004218	Denise DePalma	\N	\N	miscellaneous	tt0217869,tt1219289,tt0167404,tt0949731
nm1004220	Dane DeViller	\N	\N	soundtrack,music_department,composer	tt0163187,tt1842127,tt0113748,tt1294141
nm1004221	Hasina Deary	\N	\N	miscellaneous	tt0137523,tt0448157
nm1004222	Patrizia Deaton	\N	\N	actress	tt0046352
nm1004223	Mikael Debize	\N	\N	actor	tt0083161
nm1004224	Kris Dechamps	\N	\N	camera_department,cinematographer	tt0795522,tt20836504,tt1827042,tt4806942
nm1004226	Matilde Dell'Acqua	\N	\N	actress	tt0072710
nm1004227	Giovanni Dell'Orto	\N	\N	actor	tt0046312
nm1004228	Silvio Delle Arti	\N	\N	actor	tt0046725
nm1004229	Eric Deltour	\N	\N	visual_effects	tt0800369,tt0118688,tt0137523,tt1179025
nm1004230	Sgt. Demetrios	\N	\N		tt0049257
nm1004231	Anja Dennerlein	\N	\N	production_manager,miscellaneous	tt1285306,tt0118281,tt1487118,tt0968993
nm1004232	Eileen M. Dennis	\N	\N	miscellaneous,special_effects	tt1838544,tt0120461,tt1034032,tt0314353
nm1004233	Isabella Dennison	\N	\N	actress	tt0282833
nm1004234	Diane Deschênes	\N	\N	actress	tt0287730
nm1004235	Yvonne Desjardins	\N	\N	actress	tt0117996
nm1004236	Jennifer Desroches	\N	\N	casting_director,miscellaneous	tt0240705
nm1004237	Arnout Deurinck	\N	\N	editorial_department,camera_department,visual_effects	tt4954522,tt0374345,tt0926762,tt10521092
nm1004239	Carlos Di Sarli	1903	1960	soundtrack,composer	tt0480268,tt0283897,tt0175855,tt0120275
nm1004241	Frank Dickinson	\N	\N	sound_department,music_department	tt0234853,tt7677060
nm1004243	Tanya DiFrancesco	\N	\N	actress,miscellaneous,casting_department	tt0247638,tt0906727,tt0321021,tt0853216
nm1004244	Ralf Dinnendahl	\N	\N	actor	tt0889190,tt0103434,tt0264917
nm1004245	Alessandro Dionisi-Vici	\N	\N	actor	tt10035002,tt1045238,tt1168743,tt1074621
nm1004246	Juliette Dissel	\N	\N	actress	tt0202226,tt0197693
nm1004247	Victor Dobchuk	\N	\N	location_management,cinematographer,producer	tt2253566,tt1753383,tt0289944,tt1316624
nm1004248	Irakli Dochanashvili	\N	\N	actor	tt0230960
nm1004249	Line Docéa	\N	\N	actress	tt0200317
nm1004250	Bernice Doerfler	\N	\N	miscellaneous	tt0116141
nm1004251	Lawrence C. Doerr	\N	\N	camera_department	tt0106907
nm1004252	Deb Doetzer	\N	\N	actress	tt0280064,tt2190152,tt16538214
nm1004253	Krassimir Dokov	1956	\N	actor	tt1909015,tt1616204,tt0825749,tt13526628
nm1004254	Jasna Dolejsi	\N	\N	costume_department	tt0114432,tt0216799,tt0167644,tt0242252
nm1004256	Mona Donna	\N	\N	actress	tt0193846,tt0238664
nm1004257	Alon Dori	\N	\N	special_effects,director,writer	tt0167404,tt0177789,tt0141369,tt9383692
nm1004258	Bertrand Doudet	\N	\N	transportation_department,assistant_director,production_manager	tt1174732,tt0287496,tt5013056,tt2849998
nm1004260	Christopher DerGregorian	\N	\N	actor,writer,producer	tt0092325,tt0460627,tt0462139,tt0247087
nm1004261	Werner Drexler	1928	\N	composer,music_department,soundtrack	tt0326148,tt0053535,tt0364343,tt0083401
nm1004262	Stéphane Drouot	1960	2012	director,actor,writer	tt0218871,tt0177253,tt1930364,tt0290673
nm1004263	Alexandre Drumond	\N	\N	actor	tt0286378
nm1004264	Agnès Duchier	\N	\N	editor	tt0276221,tt0415203
nm1004266	G. Dudarev	\N	\N	actor	tt0058686
nm1004267	Sharon Duncan-Brewster	1976	\N	actress,soundtrack	tt3748528,tt1160419,tt0203248,tt0421994
nm1004268	Polly Duniam	1987	\N	actress	tt0173902,tt7997942
nm1004269	Sophie Duniam	1987	\N	actress	tt0173902,tt7997942
nm1004271	Louise Duprey	1957	2000	actress	tt0466602,tt0053494,tt0098882,tt0099349
nm1004272	Manuel Durain	\N	\N	assistant_director,production_manager,actor	tt0118320,tt0402374,tt7831704,tt0806910
nm1004273	Spencer Durdle-Gardiner	\N	\N	miscellaneous	tt0283024,tt0303403
nm1004274	Sébastien Déraps	\N	\N	miscellaneous	tt0287730
nm1004275	Agave Díaz	\N	\N	actress,miscellaneous	tt0179137,tt0853197,tt0213650
nm1004276	Gisela Döring-Ortlepp	\N	\N	make_up_department	tt0806910
nm1004277	Laurance Red Eaglefeather	\N	\N	miscellaneous	tt0106907
nm1004279	John W. Eberle	\N	\N	art_department	tt0106907
nm1004280	Katharina Eckart	\N	\N	writer	tt0118259,tt0314982,tt0172559,tt0316968
nm1004282	Juliet Elizondo	1989	\N	actress	tt0247638
nm1004283	Elece Enghrem	\N	\N	art_department	tt0284336
nm1004284	Wendy English	\N	\N	producer,writer,miscellaneous	tt0790628,tt0287669,tt0424823,tt9646422
nm1004286	Ernesto Escudero	\N	\N	actor	tt0150522,tt5880468,tt0119014
nm1004287	Resa Esmaili	\N	\N		\N
nm1004288	Tobin Espeset	\N	\N	camera_department,actor,art_department	tt3397884,tt1228987,tt0409847,tt1037705
nm1004289	Allan Esquibel	\N	\N	transportation_department	tt1034032,tt1027862,tt0381849,tt0479537
nm1004290	Francois Ettinger	\N	\N	make_up_department	tt0096733,tt0096640,tt0806910,tt0111967
nm1004292	Derek Evernden	\N	\N	art_department,miscellaneous	tt3159412,tt0274440
nm1004293	Ray Eves	\N	\N	actor	tt22784204,tt0335363,tt6117160,tt0169102
nm1004294	Fred Ewanuick	1971	\N	actor,producer,writer	tt0397138,tt0433400,tt0298814,tt3788052
nm1004296	J.D. Fair	\N	\N	actor	tt0131534
nm1004297	Shelley Fairfield	\N	\N	assistant_director,producer,production_manager	tt11952974,tt4340916,tt0293664,tt0177943
nm1004298	Isaac Fajm	\N	\N	actor	tt0283383,tt0247586,tt0366137
nm1004299	Brad Falchuk	1971	\N	writer,producer,director	tt1327801,tt2788432,tt1844624,tt7562112
nm1004300	Ada Falcon	1905	2002	actress,soundtrack	tt0123059,tt0192155,tt0309004,tt0113249
nm1004301	Gerda Falk	1926	\N	actress	tt0236507
nm1004302	Pete Fallico	\N	\N	actor	tt0283587
nm1004303	Karen Falting	\N	\N	costume_department,costume_designer	tt8205158,tt0108709,tt0172061,tt0398455
nm1004304	The Fanchonettes	\N	\N	actress	tt0026870,tt0029668,tt0029697,tt0294785
nm1004305	Randie Farish	\N	\N	miscellaneous	tt0096542
nm1004307	Ian Farthing	\N	\N	miscellaneous,writer,actor	tt0409459,tt0452625,tt0138919,tt0387776
nm1004308	Claudio Fasulo	\N	\N	writer,producer	tt14706760,tt1720018,tt2112549,tt7499804
nm1004309	Rene Featherstone	\N	\N	actress	tt0138885
nm1004310	Jolene Fedele	\N	\N		tt0284702,tt0287334
nm1004311	Fraser Fennell-Ball	1984	\N	assistant_director,miscellaneous,production_manager	tt0293508,tt1631867,tt8041270,tt1677720
nm1004312	Carter Ferguson	\N	\N	stunts,miscellaneous,actor	tt9313926,tt4746704,tt6349072,tt1525182
nm1004313	Ángela Fernández	\N	\N	miscellaneous,actress	tt0030071
nm1004314	Bernard Ferran	\N	\N	editorial_department	tt0146740
nm1004315	Jonas Feschuk	\N	\N	miscellaneous	tt0224902,tt1392204,tt0287730
nm1004316	Konrad Fey	\N	\N	actor	tt0045956
nm1004317	Joe Fideli	\N	\N		\N
nm1004318	Bona Fido	\N	\N	actor	tt0091971
nm1004319	D.J. Fields	\N	\N	writer	tt0124667
nm1004320	Danielle J. Fields	\N	\N	editorial_department	tt0124667
nm1004321	Juan Figuerola	\N	\N	miscellaneous	tt0039653
nm1004322	Sylvia Fincher	\N	\N	actress	tt0186014
nm1004323	Katia Fink	\N	\N	editorial_department	tt9222740,tt13944674,tt13514366,tt0938493
nm1004324	Dianne Finn	\N	\N	art_department	tt0838247,tt0935075,tt0244970,tt1767382
nm1004325	Daniel Flaksman	\N	\N	art_director,production_designer,art_department	tt1320253,tt1324999,tt2041532,tt1653653
nm1004326	Louis Flores	\N	\N	visual_effects,animation_department	tt0183523,tt0217869,tt2267968,tt0481499
nm1004327	Lucio I. Flores	\N	\N	visual_effects	tt0413300,tt0429493,tt0348150,tt0382992
nm1004328	R. Fontal	\N	\N	transportation_department	tt0082110
nm1004329	Arrigo Forti	\N	\N	actor	tt0048760,tt0271894,tt0053031
nm1004330	Darlene Foster	\N	\N	actress	tt0186014
nm1004332	Giacomo Fracassi	\N	\N	actor	tt0046352
nm1004333	Ilyssa Fradin	1967	\N	actress,executive	tt0280064,tt0372784,tt5968394,tt1622547
nm1004334	Donov Franchetti	\N	\N	actor	tt0259653
nm1004335	Martha Anne Francis	\N	\N	editorial_department,visual_effects	tt0298814,tt0137523,tt0161100
nm1004336	Stefan Ashton Frank	\N	\N	actor,soundtrack,miscellaneous	tt0103336,tt3518070,tt0263287,tt0330788
nm1004337	Ron Frankel	\N	\N	visual_effects,art_department	tt0181689,tt0120201,tt0438488,tt0120685
nm1004338	Laurene Franklin	1949	\N	stunts,miscellaneous	tt0271809
nm1004339	Enrico François	\N	\N	actor	tt0044591,tt0172443,tt0046352
nm1004340	Arnaldo Frassi	\N	\N	actor	tt10035002,tt0822038,tt1074550
nm1004341	Michael Frenschkowski	1968	\N	producer,production_manager,actor	tt3625516,tt0424205,tt0367188,tt1034415
nm1004343	María Elena Fuentes	\N	\N	miscellaneous	tt0263241
nm1004344	Donna Jay Fulks	\N	\N	actress	tt9319706,tt12211696,tt12412888,tt8416494
nm1004345	Andy Futo	\N	\N	camera_department,miscellaneous	tt0107660,tt4975722,tt2869728,tt0097028
nm1004346	Johannes Fønss	1884	1964	actor	tt0001105,tt0122491
nm1004347	Diana Gage	\N	\N	producer,miscellaneous,production_manager	tt7936336,tt0396659,tt1773658,tt1223878
nm1004349	Massimo Gallizzi	\N	\N	camera_department,miscellaneous,transportation_department	tt0429573,tt1465478,tt0475944,tt0450314
nm1004350	Giuseppe Gambarelli	\N	\N	make_up_department	tt0126378,tt0046725,tt0052762
nm1004351	Sergio Garcia Abad	\N	\N	visual_effects	tt0242653,tt0356618,tt0173840,tt0234215
nm1004352	Tony 'Cheech' García	\N	\N	actor	tt0150522
nm1004354	Sèverine Garnier	\N	\N	visual_effects	tt0137523
nm1004355	Elizabeth Gudenrath	\N	\N	actress	tt0247638,tt0368933,tt0398469,tt1586680
nm1004356	Jackie Garrow	\N	\N	actress	tt0117996
nm1004357	Ugo Garzoglio	\N	\N	actor	tt0046352
nm1004358	Maya Gaugler	\N	\N	actress	tt0240913
nm1004359	Prue Gaunderg	\N	\N	art_department	tt0172061
nm1004360	Jean-Paul Gauthier	\N	\N	actor	tt1726805,tt0167644,tt0461733
nm1004361	Pascal Gauthier	\N	\N	costume_department,miscellaneous	tt0319262,tt0300556,tt0425210,tt0416449
nm1004362	Amin Gazi	\N	\N	actor	tt11642948,tt0371735,tt0169102,tt0497640
nm1004363	Maya Gedenidze	\N	\N	actress	tt0281641
nm1004364	Tammy Monica Gegamian	\N	\N	actress	tt0232500,tt3015100
nm1004365	C. Fred Gehrke	1918	2002	actor	tt0041328
nm1004366	Christie Cean George	\N	\N	casting_department	tt0258000,tt0238924,tt0137523
nm1004367	Charlotte Gerbault	\N	\N	actress,miscellaneous	tt1528313,tt0240913,tt0814768
nm1004368	Allison Gervais	\N	\N	actress	tt0131596
nm1004369	Rosalia Giacobbe	\N	\N	camera_department	tt0222209
nm1004370	Diane Giancioppi	\N	\N	editorial_department	tt0287730
nm1004371	Ingo Giani	\N	\N	location_management,miscellaneous,actor	tt0982447,tt0100457,tt0084340,tt0108211
nm1004372	Chrissy Gilman	\N	\N	actress	tt0247638
nm1004373	Anita Giudice Bertolotto	\N	\N	actress	tt0046352
nm1004374	Toscano Giuntini	\N	\N	production_manager,actor,miscellaneous	tt0045048,tt0062254,tt0054903,tt0046725
nm1004375	Keith Gladeau	\N	\N	transportation_department	tt0106907
nm1004376	Desmond Glaiten	\N	\N	assistant_director	tt0158570
nm1004378	Glerys	\N	\N		tt0270150
nm1004379	Janina Glomb	\N	\N	actress	tt0258760
nm1004380	Jovana Glomb	\N	\N	actress	tt0258760
nm1004381	Bennett Glotzer	1934	2020	producer	tt0078820,tt0087180
nm1004382	Max Glücksmann	1875	1946	director,producer,writer	tt0192290,tt14304086,tt8736146,tt0188405
nm1004383	Gisella Gobbi	\N	\N	assistant_director,casting_director,director	tt14234294,tt18571564,tt1201929,tt1227171
nm1004384	Thomas M. Godbold	\N	\N	actor	tt0054385
nm1004385	Jacinta Goddard	\N	\N	miscellaneous	tt0119957
nm1004386	Arturo Godoy	\N	\N	actor	tt0032547,tt2340484,tt2400366
nm1004387	Ledda Godoy	\N	\N	actress	tt0032547
nm1004388	Lucianne Goldberg	1935	\N		tt0270116,tt0190171
nm1004389	Bryan Goldsworthy	\N	\N	producer,director,writer	tt1823757,tt5598506,tt5273700,tt0287669
nm1004391	Olivier Gontiers	\N	\N		tt0287496
nm1004392	Rogelio Gonzalez Valderrama	\N	\N	producer	tt0283742
nm1004393	Herbert Graedtke	1941	\N	actor	tt0368071,tt0232189,tt0806910,tt0230218
nm1004394	Ursula Granville	1909	1992	actress	tt2356695,tt0073995,tt0400026,tt0958966
nm1004395	Tatiana Grauding	\N	\N	writer,director,music_department	tt0409123,tt0200058,tt0167891,tt0178540
nm1004396	Terha Gray	\N	\N	location_management	tt0131596
nm1004397	Abigail Green-Dove	\N	\N	actress	tt0247638
nm1004398	Fred Greenslade	\N	\N	camera_department	tt0191915
nm1004399	Vartan Gregorian	1934	2021		tt0455906,tt0419958,tt0092011,tt0287709
nm1004400	Michaël Greweldinger	\N	\N	art_department	tt0217198
nm1004401	Patrick Grieco	\N	\N	actor	tt0173525,tt3003620,tt0110330,tt0240913
nm1004402	Phillip James Griffith	\N	\N	miscellaneous,actor,casting_department	tt1345836,tt5136154,tt3749900,tt1464590
nm1004404	Dermot Grogan	\N	\N	actor	tt0215865
nm1004405	Kersten Grossmann	\N	\N	art_department	tt0276194,tt5651338,tt0806910,tt2408134
nm1004407	Matthias Gruber	\N	\N	camera_department,actor	tt0203632,tt0461004,tt0280966
nm1004408	Armando Guajardo	1977	\N	actor	tt0297711
nm1004409	Maurice Guarguir	\N	\N	art_department	tt0085341,tt0100102,tt0104779
nm1004410	Inken Gudewer	\N	\N	editor,editorial_department	tt0349554,tt0206088,tt0979907,tt0821060
nm1004411	Lucie Gueneau	\N	\N	actress	tt0027689
nm1004412	Marisa Guffanti	\N	\N	actress	tt0046352
nm1004413	Gabriele Gugel	\N	\N	editorial_department	tt0112239
nm1004415	Melissa Guzmán	\N	\N	actress	tt0150522
nm1004416	Tanja Götemann	\N	\N	actress	tt0806910
nm1004417	Önder Güç	\N	\N	actor	tt0076201
nm1004418	Heath Haden	\N	\N	actor,sound_department	tt0284881,tt5271098
nm1004419	John Hagadorn	\N	\N	actor	tt0106486
nm1004421	Tamiko Hairston	\N	\N	miscellaneous,actress	tt0087763,tt0247638,tt0181865
nm1004422	Amin Hajee	\N	\N	actor,writer,director	tt0367110,tt0449994,tt13989310,tt0169102
nm1004423	Brandi Hallecson	\N	\N	actress	tt0131534
nm1004424	Véronique Hallu	\N	\N	miscellaneous	tt2364258,tt3451360,tt0267165,tt0921768
nm1004425	Annelie Hamann	\N	\N	miscellaneous,production_manager	tt3336600,tt5170766,tt0860267,tt5801242
nm1004426	Katja Hamburger	\N	\N	make_up_department	tt0271212,tt0361968,tt2470348,tt0373762
nm1004427	Bunny Hamelin	\N	\N	make_up_department	tt0380066,tt0338751,tt0319262,tt0245238
nm1004428	Duncan Hamilton	\N	\N	actor,casting_department	tt0284482,tt0262673
nm1004429	Uta Hampel	\N	\N	production_designer,art_department,art_director	tt7887026,tt0806910,tt0325785,tt0108791
nm1004430	Alan Handsaker	\N	\N	camera_department	tt0280696,tt0203009,tt0172061,tt0210584
nm1004431	Massimo Hanozet	\N	\N	cinematographer,assistant_director,camera_department	tt0479102,tt9464442,tt6511932,tt9067340
nm1004432	Celia Hart	\N	\N	actress	tt0232098
nm1004433	Jeanne Hartmann	\N	\N	actress	tt0283587,tt13481334,tt13295962,tt13315608
nm1004434	Joe Hartwick Jr.	\N	\N	producer,miscellaneous,production_manager	tt4046784,tt0489099,tt4500922,tt1790864
nm1004435	Roy Haylock	1975	\N	actor,make_up_department,producer	tt1353056,tt4007248,tt6113122,tt0186014
nm1004436	Jacinta 'Cinty' Hearman	\N	\N	miscellaneous	tt0119957
nm1004437	Samantha Hearman	\N	\N	miscellaneous	tt0119957
nm1004438	Sparrow Heatley	\N	\N	actress	tt0247638,tt0368933,tt1274418
nm1004439	Dan Heberkorn	\N	\N	actor	tt0262411
nm1004440	Joakim Hediger	\N	\N	actor,camera_department	tt0332932,tt1535505,tt0346365,tt0098616
nm1004441	Erin Heesaker	\N	\N	actress	tt0117996
nm1004443	Horst Hein	\N	\N	actor	tt0287798
nm1004444	Hans Helewaut	\N	\N	composer,music_department,sound_department	tt0824422,tt0428608,tt4926026,tt0379639
nm1004445	Gerald Henderson	\N	\N	sound_department,camera_department	tt0278877,tt1618742,tt0413526,tt1421830
nm1004446	Sven Henningsen	\N	\N	art_department,miscellaneous	tt0122491,tt8703168
nm1004447	Semmy Henriques-Nielsen	1880	1938		tt0130331,tt0130287
nm1004448	Regine Herdeg	\N	\N	art_department	tt0453423,tt0806901,tt0341372,tt0396946
nm1004449	Colleen Herrity	\N	\N	miscellaneous	tt0131596
nm1004450	Ruth Herscher	1924	2019	soundtrack,actress	tt0043383,tt0039108,tt0036928,tt0024011
nm1004451	Abby Hershier	\N	\N	location_management	tt0283024,tt0303403
nm1004452	Rick Hess	1962	\N	producer	tt0273453,tt0280380,tt0286493,tt0298744
nm1004453	James Hickmott	\N	\N	actor	tt0136682
nm1004454	Clifford B. Hicks	1920	2010	writer	tt0046593,tt0170804,tt0088397
nm1004455	Nguyen Thi Hieu	\N	\N		\N
nm1004456	Dale Hikawa	\N	\N	actor	tt0247638
nm1004457	Nickki L. Hill	\N	\N	visual_effects,art_department,editorial_department	tt0114940,tt0104362,tt0108045,tt0106907
nm1004458	Mike Himelstein	\N	\N		\N
nm1004459	Maisie Hinson	\N	\N	actress	tt0131534
nm1004460	Robbie Hioki	\N	\N	actor	tt0099291,tt0829117
nm1004461	Yuji O. Hirayama	\N	\N	actor	tt0099291
nm1004462	Yuzuru Hirose	\N	\N	writer	tt0064424
nm1004463	Elizabeth Hitt	\N	\N	editorial_department,visual_effects,producer	tt1293847,tt0451279,tt2250912,tt1877832
nm1004465	Dieter Hoffmann	\N	\N	actor	tt0438692,tt0287798
nm1004466	Cathrin Hoffmann-Fehrle	\N	\N	actress	tt1784059,tt0319741,tt0806901,tt0217790
nm1004467	Vern Hoke	\N	\N	miscellaneous	tt0096542,tt0315824,tt0411008,tt0272338
nm1004469	Lenny Holmdahl	\N	\N	set_decorator,art_department,animation_department	tt1477834,tt1187064,tt3501632,tt5034838
nm1004470	Leslie Horvath	1921	1995	actor	tt0041328
nm1004472	Yuki Hsu	1978	\N	actress,soundtrack	tt5594194,tt9680842,tt0496305,tt11018390
nm1004473	Franklin Hubbell	1922	2005	actor	tt0041328
nm1004474	Carl Hubenthal	\N	\N	actor	tt0264208
nm1004475	Edgar Emile Hudon	\N	\N	actor	tt0282833
nm1004476	Richard W. Huffman	1923	1992	actor	tt0041328
nm1004477	Josette Taylor Hughes	\N	\N	actress	tt0287669,tt2342351,tt2620860
nm1004478	Lisa Marie Hugueley	\N	\N	actress,miscellaneous	tt0240462,tt4280606
nm1004479	John Hulaton	\N	\N	actor,casting_department	tt0296276,tt0262673,tt12494574,tt0438276
nm1004481	Shellie Hunter	\N	\N	actress	tt0177997
nm1004482	Craig S. Hyman	\N	\N	art_department	tt0116141
nm1004483	Geneviève Hébert	\N	\N	editorial_department,costume_department,production_manager	tt0190938,tt1423894,tt0401085,tt0450314
nm1004484	Heinz Werner Höber	1931	1996	writer	tt0090440
nm1004485	Maritza Ibañez	\N	\N	miscellaneous	tt0150522
nm1004486	Josette Iddles	\N	\N	editorial_department,miscellaneous	tt0111964,tt0172061
nm1004487	Lori Ikeda	\N	\N	miscellaneous	tt0120647,tt0822847,tt0181689,tt1843866
nm1004488	Hirofumi Inaba	\N	\N	assistant_director,director	tt1462667,tt7134506,tt2345126,tt0222851
nm1004489	Jeff Innocent	\N	\N	actor,writer	tt0291341,tt1983079,tt8409586,tt0233954
nm1004490	Koyo Into	\N	\N	actor	tt0207100,tt0222851,tt0251755
nm1004491	Jim 'Crash' Irons	\N	\N	camera_department	tt0116141
nm1004492	Melanie Iwanowsky	\N	\N	make_up_department	tt0280966,tt0115243,tt0206296,tt0300324
nm1004495	Jon C. Jang	\N	\N	composer,actor,music_department	tt0486531,tt0123181,tt0099291,tt1337544
nm1004496	Gia Japaridze	\N	\N	actor	tt1832398,tt2400284,tt17065124,tt0232195
nm1004497	Warren Jelinek	\N	\N	actor	tt0285011
nm1004499	Jeanette Jenkins	\N	\N	miscellaneous	tt0278191,tt0965391,tt0427327,tt0408985
nm1004500	Dagmar Jiroudková	\N	\N	camera_department	tt0167644
nm1004501	Jaroslav Jiricek	\N	\N	camera_department	tt0183790,tt0167644,tt1230154
nm1004502	Juice	\N	\N	music_department	tt0287730,tt0422497
nm1004503	Ivan Julian	\N	\N	sound_department,composer,actor	tt4122642,tt3139690,tt4181658,tt9349878
nm1004504	Gabino Juárez	\N	\N	actor	tt0210937,tt0150522
nm1004505	Karl-Heinz Jürgens	\N	\N	camera_department,art_department	tt0850227,tt0806901,tt0222655,tt0898240
nm1004506	Claus Kaap	\N	\N	actor	tt0046218
nm1004507	Grigol Kabosnidze	\N	\N	actor	tt0280698
nm1004508	Helena Kaclová	\N	\N	actress	tt0167644
nm1004509	Patricia Kaden-Lacroix	\N	\N	actress	tt0285883
nm1004511	E.J. Kahn Jr.	\N	\N	writer	tt0049257,tt0044284
nm1004512	Dimitris Kakridas	\N	\N	set_decorator,costume_designer,art_department	tt0220602,tt1402810,tt1341170,tt0263531
nm1004513	Kamagurka	1956	\N	writer,actor	tt5295268,tt0320853,tt0295111,tt0122843
nm1004514	Alene Kamins	1934	\N	actress	tt0039232,tt0341777,tt0341798,tt0250896
nm1004516	Lisa Karadjian	\N	\N	producer,production_manager	tt0147643,tt0293282,tt0178106,tt0319228
nm1004517	Kali Karagias	\N	\N	actress,miscellaneous	tt0275140,tt0131596
nm1004518	Gaby Karraz	\N	\N	actor	tt0064703
nm1004520	Jirí Katz	\N	\N	actor	tt0167644
nm1004521	Susannah Kaufman	\N	\N	miscellaneous	tt0153882
nm1004522	Daru Kawalkowski	\N	\N	actress	tt0368933,tt0247638,tt0350028
nm1004523	Junko Kawano	\N	\N	writer,animation_department,producer	tt0434968,tt1130031,tt0303097,tt2667240
nm1004524	Bobby Kay	1908	1983	actor,miscellaneous	tt0050067,tt0170980,tt1391464
nm1004525	Don Keach	\N	\N	miscellaneous	tt0081400
nm1004526	Bill Kearnes	\N	\N	actor	tt1171515,tt1155631,tt1382680,tt0032239
nm1004527	Julia Keatley	\N	\N	writer,producer,script_department	tt0438705,tt0281304,tt0100050,tt0138959
nm1004528	Richard Kekahuna	1975	\N	miscellaneous,producer,executive	tt0159193,tt0095262,tt0138919,tt0213338
nm1004529	Trish Kelly Chornyj	\N	\N	miscellaneous	tt0287730,tt0323944
nm1004530	Tristan Keuris	1946	1996	composer,music_department	tt0210828,tt0107729,tt10870826
nm1004531	Varazdat Khachaturian	\N	\N	actor	tt0288631,tt0286806
nm1004533	Roxana King	\N	\N	assistant_director	tt0287730
nm1004534	Kirk Kirchberger	1969	\N	actor	tt0264917,tt0298064,tt0487271,tt3397082
nm1004535	Alan Kiriu	\N	\N	special_effects,art_department,miscellaneous	tt0314353,tt0406816,tt0438488,tt1440129
nm1004536	Gloria Kirkwood	\N	\N	miscellaneous	tt0099849,tt0116141,tt0380201,tt0479884
nm1004537	Jost Kittel	\N	\N	actor	tt0371376,tt0806901,tt0103889,tt0121027
nm1004538	Kumi Kiyonari	\N	\N	producer	tt0159193,tt0138919
nm1004539	Madell Klauke	\N	\N	miscellaneous	tt0274440
nm1004540	Ryan Klauke	\N	\N	miscellaneous	tt0274440
nm1004541	Harry 'Doc' Kloor	\N	\N	producer,writer,miscellaneous	tt0312305,tt1686463,tt5577672,tt0112178
nm1004542	Oliver Kniffki	1973	\N	actor,producer,assistant_director	tt1988785,tt0258760,tt1813488,tt0453423
nm1004543	Lindsay Knitter	\N	\N	art_department,transportation_department	tt0234853
nm1004544	Iris Kobler	\N	\N	writer	tt2487938,tt4310426,tt9485016,tt0838244
nm1004545	Anastasia Kokkala	\N	\N	costume_department,costume_designer	tt0119957,tt0190583,tt0263868
nm1004546	Kanella Koliopoulou	\N	\N	director,writer,costume_department	tt1364419,tt0119957
nm1004547	Angela Kondoulis	\N	\N	miscellaneous	tt0119957
nm1004548	Cord Korte	\N	\N	actor	tt0045956
nm1004549	Matoula Kortessis	\N	\N	art_department	tt0119957
nm1004550	Ursula Koschke	\N	\N	assistant_director	tt1122822,tt0121027,tt0806901,tt0821065
nm1004551	Eva Kosková	\N	\N	costume_department	tt0167644
nm1004552	Vassilis Kotronaros	\N	\N	producer,production_manager,production_designer	tt0373195,tt16760430,tt4427046,tt13270134
nm1004553	Wolf-Dieter Kozian	\N	\N	camera_department	tt0287825,tt0254358,tt0087575,tt0239175
nm1004554	John Krasnozony	\N	\N	director,actor	tt0287179
nm1004555	Nellie Krautschneider	\N	\N	costume_designer	tt0271212
nm1004556	Brad Krawchuk	\N	\N	miscellaneous	tt0274440
nm1004557	Sebastian T. Krawinkel	1969	\N	production_designer,art_department,art_director	tt1521197,tt0440963,tt0434409,tt0361748
nm1004559	Gunnar Kristjonsobn	\N	\N		tt0046352
nm1004560	Sigrun Kristjonson	\N	\N	actress	tt0046352
nm1004561	Dimitar Krivokapov	\N	\N	actor	tt0262690
nm1004562	Emil Krizek	\N	\N	actor	tt0111077,tt0167644,tt6275268
nm1004563	Jade Kroll	\N	\N	actress	tt0232098
nm1004564	Faith Marie	\N	\N	actress	tt0984134,tt0238683
nm1004565	Peer-Levin Kröger	\N	\N	actor	tt0096655,tt0125623,tt1139586
nm1004566	Shôken Kunimoto	\N	\N	actor	tt10737918,tt0363226,tt0222851,tt0901487
nm1004567	Ilya Kuriaki	\N	\N	actor	tt0263241
nm1004570	Elsa LaJack Keevers	\N	\N	actress	tt0262411
nm1004571	Patrick Lachaux	\N	\N	visual_effects	tt0137523
nm1004573	Fany Lajoie	\N	\N	miscellaneous,transportation_department	tt0242150,tt0308252,tt0254252,tt0300069
nm1004574	Fred Lake	1887	1965	actor	tt0050677,tt0284521,tt0166060,tt4719712
nm1004575	Aditya Lakhia	\N	\N	actor,assistant_director	tt0169102,tt8512990,tt0811066,tt0110222
nm1004576	Jane Lako	\N	\N	actress	tt0259655
nm1004578	Avi Landau	\N	\N	actor	tt0280202,tt12494574,tt0360534,tt0271442
nm1004579	Billie Langston	\N	\N	actress	tt0054385
nm1004580	Colleen Lanki	\N	\N	actress	tt0271442,tt0295010,tt0232532,tt0234713
nm1004581	Angela Laprete	1964	\N	miscellaneous,producer,production_manager	tt1600194,tt3744264,tt0367882,tt1274300
nm1004582	Guy Laramée	\N	\N	art_department	tt0287730
nm1004583	Fer Larrainzar	\N	\N	miscellaneous	tt0263241
nm1004584	Tonje Larsgard	\N	\N	actress,miscellaneous,manager	tt0177446,tt0247638,tt0266449,tt0350028
nm1004585	Mick Lauer	1980	\N	actor,animation_department,director	tt3066242,tt2359704,tt2071507,tt10332322
nm1004586	Brigitta Lauren	\N	\N	actress	tt0247638,tt0350028,tt0368933
nm1004587	Ethan Lawrence	\N	\N	writer,producer	tt0169247,tt0288379,tt0115320,tt0796264
nm1004588	Bry Layrisson	\N	\N	actor	tt0186014
nm1004589	Milan Lazetich	1921	1969	actor	tt0041328
nm1004590	Victoria Anne LeBlanc	\N	\N	actress	tt0287669
nm1004591	Kalina LeBretton	\N	\N	actress,make_up_department	tt0393997,tt0150522
nm1004592	Krista LeGresley	\N	\N	miscellaneous,actress	tt0112167,tt4408250,tt4742644,tt2753514
nm1004593	Fernando Lechuga	\N	\N	visual_effects,composer,editor	tt2409818,tt0119014,tt1935914,tt1180579
nm1004594	David 'Rusty' Leckonby	\N	\N	camera_department	tt0421238,tt0963794,tt0443473,tt6499752
nm1004595	Nicolas Leclère	\N	\N	production_manager,director,writer	tt4775716,tt1550581,tt10510646,tt2044757
nm1004596	Karine Lemieux	\N	\N	stunts,actress,miscellaneous	tt6565702,tt0414993,tt0475944,tt2076822
nm1004597	Marcia Lenack	\N	\N	actor	tt0037374
nm1004599	Pierre-Etienne Lessard	\N	\N	assistant_director	tt0282833
nm1004600	Susan E. Leventhal	\N	\N	producer	tt0287496,tt10098498,tt1643266,tt0092322
nm1004601	Tamara Levinson	1976	\N	actress,writer,music_department	tt0247638,tt1743034,tt1068242,tt1193631
nm1004602	Zola Levitt	1938	2006	composer,actor	tt0253083,tt0313136,tt0339986,tt2292822
nm1004603	Steve Lichtenstein	1971	\N	editor,producer,editorial_department	tt0299368,tt0437741,tt0113706,tt0765425
nm1004604	Adele Lim	\N	\N	producer,miscellaneous,writer	tt3104988,tt1828246,tt0787490,tt5109280
nm1004605	Linus	1957	\N	actor,writer	tt0443734,tt0287187,tt4421344,tt16283258
nm1004606	Lidi Lisboa	1984	\N	actress	tt8951938,tt0144724,tt0985073,tt1447660
nm1004607	Matthew Littall	\N	\N	miscellaneous	tt0106907
nm1004608	Pascal Llouquet	\N	\N	camera_department,production_manager,miscellaneous	tt10840070,tt0174376,tt0937384,tt1288631
nm1004609	Mark Lo Presti	\N	\N	camera_department	tt0287730
nm1004610	Rita Lo Verde	\N	\N	actress,costume_department	tt0153487,tt0072710,tt0216375
nm1004611	Nuccia Lodigiani	\N	\N	actress	tt0048533
nm1004612	Pippa Loengard	\N	\N	location_management	tt0287496
nm1004613	Maya Loladze	\N	\N	actress	tt0286957
nm1004614	Amiran Londaridze	\N	\N	actor	tt0280698
nm1004615	Justin Longorio	\N	\N	art_department,actor	tt0331822,tt0205271,tt0284850,tt0259497
nm1004617	Kelly Loo	\N	\N	transportation_department,miscellaneous	tt0272338,tt0314353,tt0417148,tt0942385
nm1004618	Lucy	1960	\N	actress	tt0111074,tt11597404,tt8123502,tt11879338
nm1004619	Lito Lopez	\N	\N	production_manager	tt1127823,tt0757243,tt0093937,tt0422665
nm1004620	Laurent Lopére	\N	\N	cinematographer,production_manager	tt0239695,tt7204390
nm1004621	André Lorière	\N	\N	actor	tt0274555,tt0024700,tt0035752,tt0177912
nm1004623	Nugzar Lortkipanidze	\N	\N	actor	tt0287170,tt0098013,tt0281305
nm1004624	Zuriko Lortkipanidze	\N	\N	actor	tt0287170
nm1004626	Cheryl Louden-Kubin	\N	\N	casting_department,casting_director	tt0086759,tt0092312,tt4896130,tt1542768
nm1004628	Kee Hong Low	\N	\N	actor	tt0270841
nm1004629	Graeme Lowry	\N	\N	editor,editorial_department,miscellaneous	tt0234853,tt0313038,tt2432852,tt0337881
nm1004630	Thomas Lozano	\N	\N	actor	tt0285011,tt1927136
nm1004631	N. Lubko	\N	\N	actor	tt0058686
nm1004632	Fabienne Luchetti	\N	\N	actress	tt0240913,tt0411117,tt2655788,tt5263324
nm1004634	Imogene Lynn	1922	2003	actress,soundtrack,music_department	tt0039634,tt0044774,tt0053001
nm1004635	Ana López Mercado	1981	\N	actress	tt0245574,tt0286368
nm1004636	Paul MacAusland	\N	\N	actor,music_department,soundtrack	tt8822378,tt0106907
nm1004637	Doug Macintosh	\N	\N	actor	tt0283587,tt0377043
nm1004638	Fabio Madar	\N	\N	actor	tt0083161,tt0226389
nm1004639	Madhupal	\N	\N	actor,director,assistant_director	tt7699198,tt2574954,tt7091418,tt1245741
nm1004640	Cyril Maero	\N	\N	art_department,production_designer,camera_department	tt0173906,tt3329220,tt0113362,tt0290594
nm1004641	Josip Magdic	\N	\N	composer	tt10917088,tt0180022,tt0084394,tt14129540
nm1004642	Bobby Magee	\N	\N	actor,stunts	tt5070196,tt8712204,tt6878478,tt12098966
nm1004643	Jenna Maghirang	\N	\N	camera_department	tt0377713,tt2133239,tt2603568,tt0250390
nm1004644	Shahnat Mahmud	\N	\N	miscellaneous	tt0287496
nm1004645	Nick Maingay	\N	\N	producer,miscellaneous	tt0271426
nm1004646	P. Scott Makela	1960	1999	special_effects	\N
nm1004647	Rich Malchar	\N	\N	miscellaneous	tt7131622,tt0137523,tt2024544
nm1004648	Dan Gisen Malmquist	\N	\N	composer,music_department	tt0113359,tt0484451,tt2090463,tt1471343
nm1004649	Sergi Mamaladze	\N	\N	actor	tt0281641
nm1004650	Ioannis Mamalis	\N	\N	camera_department	tt0119957
nm1004651	Giannis Mamalis	\N	\N	camera_department	tt1976000,tt0119957,tt3909336
nm1004652	Nukri Mamulashvili	\N	\N	writer	tt0284581,tt0230960
nm1004653	Sue Manchester	\N	\N	actress,soundtrack	tt0069627
nm1004654	Lillian Manners	\N	\N	actress	tt0032239
nm1004655	Ramiro Manteca	\N	\N	miscellaneous,production_manager	tt0038275,tt0203156,tt0039401,tt0038641
nm1004656	Pura Maortua	\N	\N	production_designer	tt0038641
nm1004657	Sal Marciante	\N	\N	make_up_department	tt0186014
nm1004658	Roberto Marcucci	\N	\N	actor	tt0299263,tt1471324,tt0222209,tt0197264
nm1004659	Bonnie Sta Maria	\N	\N	actor	tt0270841,tt0308951,tt0475920
nm1004660	Dubravka Markovic	1960	\N	actress	tt1038074,tt0140100,tt4991264
nm1004661	Mila Marocco	\N	\N	actress	tt0299263,tt0222209
nm1004662	Charlotte Marshall-Fricker	\N	\N	actress	tt1598822,tt0791304,tt0350028,tt0247638
nm1004663	Lily Marshall-Fricker	\N	\N	actress	tt4824302,tt0350028,tt1598822,tt0817230
nm1004664	Terri-Ann Gawthroupe	\N	\N	costume_department,director,writer	tt0283024,tt0303403,tt0800324,tt0450263
nm1004665	Joaquín Martínez Rangellucio	\N	\N	actor	tt0287293
nm1004666	Courtney Masella	\N	\N	camera_department	tt0131596
nm1004667	Valérie Massignon	1955	\N	miscellaneous,manager	tt0109319,tt0828763,tt0359236,tt0287496
nm1004668	M. Lee Master	\N	\N	editor	tt0093937
nm1004669	Rajko Matic	\N	\N	editor	tt0199809
nm1004670	Shanelle Matthews	\N	\N	actress,miscellaneous	tt10140028
nm1004671	Mustapha Matura	1939	2019	writer	tt0085064,tt7661768,tt0820333,tt0216454
nm1004673	Deborah L. Mazor	\N	\N	stunts,actress	tt0409182,tt1840309,tt1228987,tt5968394
nm1004674	Letizia Mazzepi	\N	\N	actress	tt0222209
nm1004675	Adolfo Mazzone	\N	\N	writer	tt0176021
nm1004676	C.J. McBeath	\N	\N	stunts	tt0089686,tt0086847
nm1004677	Mike McCalmet	\N	\N	actor	tt0271809,tt1538978
nm1004678	Robert R. McCammon	1952	\N	writer	tt3471212,tt0088634,tt0081849,tt6046976
nm1004679	Jeff Nax McDowning	\N	\N	composer,soundtrack	tt0098616
nm1004680	Ed McGrath	\N	\N	actor	tt0054385
nm1004681	Jimmy McGreevy	\N	\N	actor	tt0215865
nm1004682	Leslie Lerman	\N	\N	visual_effects,editorial_department,producer	tt0830515,tt1074638,tt1390411,tt2379713
nm1004683	Elana McMurty	\N	\N	art_director,costume_designer	tt0282833
nm1004684	Molly McPeak	\N	\N	actress	tt0131534
nm1004685	Robert McWade Sr.	1835	1913	actor	tt0396531,tt0226284,tt0002463,tt0002031
nm1004686	Piper Mckee-Wright	\N	\N	costume_designer	tt0283572
nm1004687	Lorne Oliver Meder	\N	\N	art_department	tt0264917
nm1004688	Cicely Medintzel	\N	\N	location_management	tt0287496,tt0896823
nm1004690	Pramatesh Mehta	\N	\N	actor	tt0449994,tt0169102,tt0811066,tt2882328
nm1004691	Olivier Meidinger	\N	\N	production_designer,art_department,actor	tt0445620,tt0331231,tt1608516,tt0411272
nm1004694	Detlev Melnitzky	\N	\N	actor	tt0287798,tt1364398,tt0063126,tt3272682
nm1004695	Jordan Melograna	\N	\N	miscellaneous,assistant_director,producer	tt1277737,tt0374826,tt0368530,tt0266807
nm1004696	Carolyn Melton	\N	\N	actress	tt0054385
nm1004697	J. Manuel Menchaca	\N	\N	camera_department	tt0263241
nm1004698	Shako Merabashvili	\N	\N	actor	tt0286888
nm1004699	Sonia Merabashvili	\N	\N	actress	tt0286888
nm1004700	Emanuel Mercado	\N	\N	actor	tt0247586
nm1004701	Kostas Meridis	\N	\N	camera_department	tt7322224,tt0403508,tt10577736,tt4104354
nm1004702	Pia Mesa	\N	\N	actress	tt0257513
nm1004703	Elke Meulemans	\N	\N	art_department,miscellaneous,set_decorator	tt2378179,tt4547194,tt3038708,tt0289055
nm1004704	Angiela Meyer	\N	\N	actress	tt0131534
nm1004706	Jill Ann Miller	\N	\N	actress	tt0117996
nm1004707	Kate Micheaux	1990	\N	actress,director,editor	tt0056758,tt0283897,tt4171842,tt5227980
nm1004708	John Minshull	\N	\N	actor	tt0047582
nm1004709	Gary J. Mion	\N	\N	actor	tt0271809
nm1004710	Pia Mirimanian	\N	\N	art_department	tt0299410,tt0109973,tt0101960,tt0112239
nm1004711	Fotis Mitsis	\N	\N	cinematographer,camera_department,director	tt2489262,tt0268896,tt0352531,tt10761128
nm1004713	Werner Mlynek	\N	\N	assistant_director	tt0140746,tt0069640,tt0806901,tt0121027
nm1004714	Wendy Mockmore	\N	\N	miscellaneous	tt0234853
nm1004715	Onise Modebadze	\N	\N	actor	tt0230960
nm1004716	Essra Mohawk	1948	\N	actress,soundtrack	tt0818883,tt0069627,tt2937690,tt3401402
nm1004717	Jonas Moisé	\N	\N	writer	tt0123816
nm1004718	Gustav Molander	\N	\N	actor	tt0143922
nm1004720	Stevan Momcilovic	1943	2001	actor	tt0051498,tt0059231
nm1004721	Luciana Momigliano	\N	\N	actress,writer,assistant_director	tt0046925,tt0046352
nm1004722	Kim Monjoy	\N	\N	miscellaneous	tt0153882
nm1004723	Luis R. Montalvo	\N	\N	actor	tt0088549
nm1004724	Javier Montero	\N	\N	transportation_department,production_manager	tt0118926,tt0268711,tt0255067,tt0232611
nm1004726	Bob Morand	\N	\N	actor	tt0262411
nm1004727	Alberto A. Moreno Ferrer	\N	\N	camera_department	tt0146740
nm1004728	David Raúl Moreno	\N	\N	actor	tt0150522
nm1004729	Freddy Moreno	\N	\N	actor	tt0150522
nm1004730	Jesús Morgado	\N	\N	production_manager,miscellaneous	tt0075395,tt0073683,tt0075275,tt0076324
nm1004731	Juana Mori	\N	\N		tt0213650
nm1004732	Yumiko Morikawa	\N	\N	actress	tt0262673
nm1004733	Andy Moro	\N	\N	camera_department,animation_department	tt0303403,tt0283024,tt6289154,tt0288233
nm1004734	Mohamed Morshed	\N	\N	actor	tt13578058,tt0064703,tt0063337,tt2148388
nm1004735	Ronny Mosuse	1971	\N	music_department,sound_department,actor	tt9172182,tt2243109,tt4198464,tt0364820
nm1004736	Asmat Motsonelidze	\N	\N	actress	tt0280698
nm1004737	Jack Mountford	1989	\N	actor	tt1336608,tt4965510,tt0120570,tt0241383
nm1004738	Tun-Fei Mou	1941	2019	director,actor,producer	tt0113281,tt11193012,tt0121898,tt0202160
nm1004739	Oscar Mugge	\N	\N	writer	tt0039451
nm1004740	Shawn Mulanix	\N	\N	actor,art_director	tt0284873,tt0400351,tt0417124
nm1004741	Leslie Miretti	\N	\N	script_department,sound_department	tt0125159
nm1004742	Nonie Muse	\N	\N		\N
nm1004743	Mikheil Muskhelishvili	\N	\N	actor	tt0286806
nm1004744	Vakhtang Muskhelishvili	\N	\N	actor	tt0286806,tt0826622
nm1004745	Mislina Mustaffa	\N	\N	actress	tt1426370,tt2447852,tt2393718,tt3145626
nm1004746	Ray Muzyka	\N	\N	producer,director,writer	tt0356070,tt0455965,tt0167018,tt1073668
nm1004747	Jeffrey G. Myatt	\N	\N	actor	tt0150522
nm1004748	Wolfgang Mähnert	\N	\N	actor	tt0085086,tt0806901
nm1004749	Seppo Mäkipää	\N	\N	actor	tt0142966,tt0141727,tt0141607,tt0141552
nm1004750	Claude-André Nadon	\N	\N	camera_department	tt0287730
nm1004751	Seraphine Naeymi	\N	\N	actress	tt0131534
nm1004752	Greg Namberger	\N	\N	production_designer,art_department,art_director	tt0488806,tt1083454,tt0443695,tt0264917
nm1004753	Laura Napoli	\N	\N	actress,stunts,writer	tt0837114,tt0208614,tt0952651,tt2473642
nm1004754	Elisa Nardi	\N	\N	assistant_director	tt0283564
nm1004755	Renata Nascimento	1991	\N	actress	tt0286378,tt0310419,tt0144724,tt0495033
nm1004756	Clare Nasir	1970	\N	miscellaneous	tt0962964,tt1390451,tt1385169,tt0200385
nm1004757	Fred Naumetz	1922	1998	actor	tt0043994,tt0041328
nm1004758	Diana Nava	1924	1988	actress	tt0038741,tt0046725,tt0043297
nm1004759	Gloria Nava	\N	\N	actress	tt0088549
nm1004760	Claudius Neal	\N	\N	editorial_department,visual_effects	tt0134380,tt0407304,tt0071517,tt0195462
nm1004761	William L. Nelson	\N	\N	actor	tt0288379
nm1004762	Eva Nemeth	\N	\N	actress	tt0098949,tt12844900,tt0984224,tt0232098
nm1004763	Lise Neven	\N	\N	miscellaneous	tt0122491
nm1004764	Ollie Newell Jr.	\N	\N	producer	tt0242586
nm1004765	Zachery Newland	\N	\N	actor	tt0131596
nm1004766	Ryanne Nicksa	\N	\N	miscellaneous,editorial_department	tt0256380,tt0234853,tt0353774,tt0255313
nm1004768	Giusy Nicoletti	\N	\N	costume_department,costume_designer	tt0299263,tt0222209,tt1323939,tt2076253
nm1004769	Claus K. Nielsen	\N	\N	assistant_director	tt0186014
nm1004770	Jolynn Nieto	\N	\N	make_up_department	tt1034032,tt0993840,tt2649554,tt0438488
nm1004771	Luis Nieto	\N	\N	writer,director,producer	tt0382844,tt0281986,tt0382995,tt0309567
nm1004772	Monika Nitschke	\N	\N	make_up_department	tt0806901,tt0121027,tt0892179,tt0989788
nm1004774	Amaury Nolasco	1970	\N	actor,producer	tt0455275,tt0467197,tt0418279,tt1606378
nm1004775	Geoffrey Notkin	1961	\N	producer,actor,art_department	tt8593878,tt1129396,tt2717058,tt6793030
nm1004776	Brady Novak	\N	\N	actor,writer,producer	tt1615919,tt3731562,tt1439629,tt0439100
nm1004777	Wanda Nowakowski	\N	\N	editor	tt0283046,tt4967062,tt14121980,tt0282504
nm1004778	Ruth Nurmi	\N	\N	miscellaneous	tt1199537
nm1004779	Kathryn Nymoen	\N	\N	actress	tt0269576,tt0283587,tt0403384
nm1004780	Rae O'Day	\N	\N	actress,miscellaneous	tt0033069,tt0033848
nm1004781	Eamon O'Farrill	\N	\N	producer,production_manager,visual_effects	tt0386140,tt0311113,tt1190080,tt0472043
nm1004782	Cassidy O'Hara	\N	\N	actress	tt0285011
nm1004784	R.J. O'Neill	\N	\N	actor	tt0186014
nm1004785	Hugh O'Reilly	\N	\N	miscellaneous	tt0049257
nm1004786	Aidan O'Toole	\N	\N	actor	tt0215865
nm1004787	Margalida Obrador	\N	\N	set_decorator,art_department,art_director	tt0211577,tt0436374,tt0291022,tt1648216
nm1004788	Ken Ogasawara	\N	\N	producer,miscellaneous,actor	tt0793527,tt0863036,tt0403835,tt0363534
nm1004790	Carmen de Olivares	\N	\N		tt0213650
nm1004791	Juana Olivares	\N	\N		tt0213650
nm1004792	Mauricio Olivares	\N	\N	actor	tt15722764,tt0213650,tt2455416
nm1004793	Gianni Oppedisano	1949	\N	editor,editorial_department,director	tt13117718,tt0072710,tt0073321,tt7471414
nm1004794	Leanne Orchard	\N	\N	miscellaneous	tt1765510,tt0880557,tt0796264,tt0160277
nm1004795	John 'Johnny O' Ornelas	\N	\N	art_department	tt1441109,tt0247638,tt0277027,tt0283139
nm1004796	Flor Ortega Carmona	\N	\N	miscellaneous	tt0287432
nm1004797	Barry Osment	\N	\N	editor,editorial_department	tt1509646,tt0187623,tt9148452,tt1555887
nm1004798	Glenn K. Ota	\N	\N	actor	tt0232500
nm1004799	Hiroshi Otaguro	\N	\N	actor	tt0222851,tt0295178,tt1017451,tt5814534
nm1004800	Hubertus Ott	1950	2006	production_designer,art_department	tt0092389,tt0327160,tt0103432,tt0084069
nm1004801	Andrei Padlowski	\N	\N	camera_department,miscellaneous	tt1836973,tt1841515,tt0287496
nm1004802	Orlando Pagliari	\N	\N	assistant_director	tt0073792,tt0072710,tt0169846,tt0147353
nm1004803	Brent Palluck	\N	\N		tt0278191
nm1004804	Dayashankar Pandey	\N	\N	actor	tt11027830,tt0169102,tt0457875,tt0367110
nm1004807	Dionisis Papadopoulos	\N	\N	cinematographer,camera_department	tt1603268,tt1534558,tt9714586,tt0119957
nm1004808	Ana Papadopulu	1978	\N	actress	tt16294850,tt0305922,tt1127702,tt0262690
nm1004809	Theodore Pappas	\N	\N	art_department,actor,miscellaneous	tt0101540,tt0119957,tt0072562,tt1342917
nm1004810	Jocelyn Parenteau	\N	\N	assistant_director,casting_department,actress	tt0217621,tt0164184,tt0143166,tt0157836
nm1004811	Lennon Parham	\N	\N	actress,writer,producer	tt1845887,tt2170439,tt1093908,tt2750182
nm1004812	Guillaume Parisien	\N	\N	camera_department	tt2427892,tt3612616,tt1550312,tt0323944
nm1004813	Bertrand Parisot	\N	\N	camera_department	tt0173906
nm1004814	Sidharta Pascual	\N	\N	camera_department,cinematographer	tt8262978,tt0380277,tt0435645,tt5909478
nm1004815	Pat Passlow	\N	\N	miscellaneous	tt0478321,tt0172061,tt0291485,tt0879688
nm1004816	Deborah Patterson	\N	\N	actress	tt0191915
nm1004817	Irmgard Paulis	1943	\N	actress	tt0233697,tt0242211,tt0062602,tt0812386
nm1004818	Denise Paulson	\N	\N	make_up_department	tt0133152,tt1291150,tt4995540,tt1840309
nm1004819	Marijke Pauwels	\N	\N	art_department	tt0217198
nm1004820	Quique Pavón Pereyra	\N	\N	production_manager,producer	tt0318765,tt0484039,tt0283275
nm1004821	Richard Pearsall	\N	\N	production_manager	tt0033262
nm1004822	Fabien Peborde	\N	\N	cinematographer,camera_department,production_manager	tt16317446,tt0181549,tt0177746,tt0240913
nm1004824	John Peebes	\N	\N	actor	tt0093937
nm1004825	Lorena Pellarini	\N	\N	actress	tt0210717
nm1004826	Timo Peltonen	\N	\N	cinematographer,camera_department,actor	tt1630061,tt1185607,tt0183320,tt0768817
nm1004827	Sasha Peralto	1980	\N	actress	tt0338754,tt0346934,tt0306091,tt0862966
nm1004828	Grahame Perez	\N	\N	art_department	tt0186014
nm1004829	Jesse R. Perryman	\N	\N	transportation_department	tt0106907
nm1004830	Esta-Joy Peters	\N	\N	actress	tt6688432,tt6687614,tt0262411,tt0227005
nm1004832	Janet Pett Davies	\N	\N	art_department,miscellaneous	tt0100934,tt0350258,tt0117002,tt0099817
nm1004834	Tuan Phan	\N	\N	actor	tt0156442,tt0845746,tt0431884,tt0208074
nm1004835	Herbert A. Philbrick	1915	1993	writer,actor	tt0045397,tt0170980,tt0044310,tt13908638
nm1004837	Antonio M. Piazza	\N	\N	camera_department	tt0271259
nm1004838	Silvano Piccardi	1946	\N	actor	tt0097357,tt0426773,tt0085453,tt0199329
nm1004839	Robin Pidcock	\N	\N	costume_designer,costume_department	tt0088503,tt0083420,tt0137328,tt0075537
nm1004841	Rachel Pilkington	\N	\N	actress	tt0085020,tt0215865,tt0383087,tt0283096
nm1004842	Raphael Pincepoche	\N	\N	production_manager	tt0159052,tt0177746,tt0277622
nm1004843	Erica Piri	\N	\N	actress	tt0145782
nm1004844	Dinara Piruzashvili	\N	\N	actress	tt0286888
nm1004845	Anna Gabriella Pisani	\N	\N	actress	tt0046352
nm1004846	Julia P. Pitt	\N	\N	miscellaneous	tt0137523
nm1004847	Darren Pitura	\N	\N	actor,stunts	tt13356956,tt0282612,tt0191915,tt13391648
nm1004848	Fred Place	\N	\N	visual_effects	tt0434409,tt0206634,tt0370263,tt0401729
nm1004849	Karac Plant	1971	1977		tt0075244
nm1004850	Karin Plobner	\N	\N	costume_department,costume_designer	tt0099511,tt0806910,tt0094684,tt9203694
nm1004852	Blanca Podestá	1889	1967	actress	tt0191561,tt0189077,tt0191022,tt0201753
nm1004853	Angélica Polbete	\N	\N	actress	tt0287432
nm1004854	Jesús Polo	\N	\N	art_department	tt0085765,tt0082110,tt0081135,tt0082896
nm1004855	Claudio Pontorno	\N	\N	art_department	tt0234853
nm1004856	Oak Porcelli	\N	\N	assistant_director,producer,miscellaneous	tt0430308,tt0482606,tt0479997,tt0264395
nm1004857	Laarni Portelli	\N	\N	art_department,miscellaneous	tt0274440,tt0401787
nm1004858	David Portugais	\N	\N	actor	tt0240913
nm1004860	Jean Poueigh	1876	1958	composer	tt0202226,tt0250970
nm1004861	María Ventura Poveda	\N	\N	make_up_department	tt0049232,tt0047186
nm1004863	Joe Allen Price	\N	\N	actor	tt0247638,tt0350028,tt0368933,tt0452046
nm1004864	Patrick Principe	\N	\N	miscellaneous	tt0106907
nm1004865	Derrick Procell	\N	\N	soundtrack,actor	tt9866072,tt4925292,tt0280064,tt6217608
nm1004866	Hieronymus Proske	1948	\N	producer,writer,director	tt0353064,tt0436853,tt0280641,tt0183114
nm1004867	Wyler Provost	1980	\N		\N
nm1004868	Niki Psimouli	\N	\N	make_up_department	tt0098293,tt0087788,tt0102043,tt0091789
nm1004869	Nancy Pujal	\N	\N		\N
nm1004870	Violet Pullbrook	\N	2009	writer	tt0081849
nm1004871	Lyn Pusztai	\N	\N	actress,costume_designer	tt0262411,tt0331380
nm1004873	Marc Pérusse	\N	\N	composer,soundtrack	tt0237801,tt0385384,tt0312689,tt0283070
nm1004875	Giuseppe Quacquarella	\N	\N	actor	tt0222209
nm1004877	Humberto Quiñones	\N	\N	actor	tt0150522
nm1004878	Raymundo Quiñones	\N	\N	actor	tt0443201,tt0120530,tt0393997,tt0150522
nm1004881	Rahzel	1964	\N	soundtrack,actor	tt0258038,tt0240389,tt0914366,tt1091207
nm1004882	José Rajevic	\N	\N	editor,editorial_department	tt0228395,tt0213462,tt0340063,tt0387542
nm1004883	Rajan Ramchandani	\N	\N	actor	tt0270841
nm1004884	Gabriel Ramírez	\N	\N	actor	tt0202470,tt1754945,tt0080570
nm1004885	Fabien Guy Rasselet	\N	\N	miscellaneous	tt0287730
nm1004886	Maurizio Rava	\N	\N	director,actor	tt1168746,tt0200070,tt1041795,tt0196014
nm1004887	Pradeep Singh Rawat	1952	\N	actor	tt1166100,tt0200087,tt0169102,tt2375559
nm1004888	Miquel Àngel Raió	\N	\N	director,writer,producer	tt2087690,tt0373695,tt0291038,tt0283123
nm1004889	Reamonn	\N	\N	soundtrack,music_department	tt0144050,tt1281305,tt1887821,tt2475646
nm1004890	Isabel Rebeco	\N	\N		tt0213650
nm1004891	Rebekah	\N	\N	actress	tt0131534,tt0287888
nm1004892	Eric Rebupa	\N	\N	make_up_department	tt0173906
nm1004893	Redha	\N	\N	miscellaneous,director,actor	tt0410532,tt0104779,tt0099351,tt0087681
nm1004894	Richard Redlefsen	\N	\N	make_up_department,special_effects,art_department	tt11834592,tt5537002,tt12593682,tt6394270
nm1004895	Carin Rehbinder	\N	\N	art_department	tt0247638
nm1004896	Imad Rehich	\N	\N	miscellaneous	tt0280343
nm1004897	George Rembert Jr.	\N	\N	actor	tt0054385
nm1004898	Daniel Renaudin	\N	\N	art_department	tt0117701,tt4827774,tt10936342,tt0813495
nm1004900	Joi Reno	\N	\N	actress	tt0143557
nm1004903	Dallas D. Rhodes	\N	\N	sound_department,actor,assistant_director	tt2268446,tt1494688,tt0266807,tt0391414
nm1004904	Sascha Richter	\N	\N		\N
nm1004906	Jan Rijken	\N	\N	editorial_department,editor	tt0217198,tt6438030,tt4459156
nm1004907	Tanya Rio	\N	\N	actress	tt0143557,tt0279418,tt0163345,tt0131766
nm1004908	Theresa Rizzo	\N	\N	actress,writer,producer	tt1807937,tt0266239
nm1004909	Samantha Elena Roberts	1969	\N	editor,sound_department,editorial_department	tt0369263,tt1194223,tt0295166,tt0815593
nm1004910	Bruce 'Steve' Robertson	\N	\N	miscellaneous	tt0234853
nm1004911	Typhen Rocchia	\N	\N	actress	tt0109386,tt0257513
nm1004912	Ricardo Rodríguez Remy	\N	\N	set_decorator	tt0178967,tt0175912,tt0190226,tt0192115
nm1004913	Rok	\N	\N	costume_designer	tt0072297
nm1004914	Sgt. Romaniello	\N	\N		tt0049257
nm1004915	Armando Romeo	1924	2016	actor,music_department,soundtrack	tt0056665,tt0046832,tt0164124,tt0051400
nm1004916	Olwen Roney	\N	\N	actress	tt0054385
nm1004917	Paula Ronquille	1946	2015	actress	tt0287669
nm1004918	Clemens Rosenbauer	\N	\N	actor	tt0264917,tt0874684,tt0353472
nm1004919	Carlos Rosingana	\N	\N	actor	tt0180673,tt0197938,tt0180829,tt0123267
nm1004920	Ishbel Ross	\N	\N	writer	tt0025890
nm1004921	Troyanne Ross	1927	2003	actress	tt0054385
nm1004922	Marc Rosati	\N	\N	writer	tt0216499,tt0937384
nm1004923	Yanko Rossenman	\N	\N	art_director	tt0228395
nm1004925	Julie Roza	\N	\N	assistant_director,actress	tt1352764,tt0283024,tt0303403
nm1004926	Oscar Ruben Zamora-Rojo	\N	\N	actor,miscellaneous,editor	tt2352380,tt9412254,tt8466564,tt5880468
nm1004927	Bertrand Ruffieux	\N	\N	miscellaneous	tt0287730
nm1004929	Gene M. Ruszkowski	\N	\N	actor	tt0041328
nm1004930	Ulla Rössle	\N	\N	make_up_department	tt0280966
nm1004931	Wolfram Saathoff	\N	\N	actor	tt0285565,tt0285519
nm1004932	Julien Sabourdin	\N	\N	miscellaneous,production_manager	tt0424205,tt0280665,tt0364970,tt1323594
nm1004933	Terrence Sacchi	\N	\N	producer,director,writer	tt2830432,tt3665674,tt2074641,tt1459078
nm1004934	Niloufar Safaie	\N	\N	actor,actress	tt1523296,tt0247638
nm1004935	Chad Safar	\N	\N	actor	tt0287669
nm1004936	Shûhei Saga	\N	\N	actor	tt0471373,tt0229196,tt0330229,tt0222851
nm1004937	Antoni Saint-Aubin	\N	\N	actor	tt0387992,tt0401777,tt0810077,tt0177746
nm1004938	Catherina Saites	\N	\N	make_up_department	tt3758814,tt0492044,tt1929263,tt2230358
nm1004939	Joe Saitta	\N	\N	art_department	tt0810788,tt0119957,tt4104418
nm1004941	Abraham Salazar	\N	\N	actor	tt0287290,tt8672638
nm1004942	Beth Sale	\N	\N	casting_department,casting_director	tt0119957,tt2058086
nm1004943	Caio Sambi	\N	\N	art_department	tt0283275
nm1004946	Carmen S. Santoro	\N	\N	art_department,miscellaneous	tt0217869,tt0949731,tt0286106,tt1219289
nm1004947	Domenico Maria Sanzone	\N	\N	production_designer,assistant_director,set_decorator	tt0022051,tt0023667,tt0204864,tt0027689
nm1004948	Paulo Sapiaín	\N	\N	composer,assistant_director	tt0386430,tt0228395
nm1004949	Markian Saray	\N	\N	assistant_director,miscellaneous,producer	tt0492044,tt1456635,tt3758814,tt1143110
nm1004950	Thomas G. Sarmento	\N	\N	actor,producer	tt0100342
nm1004951	Don Sato	\N	\N	actor	tt0061266,tt0222851
nm1004952	Simon Sauvé	\N	\N	editor,editorial_department,director	tt0424200,tt0461872,tt5835180,tt8240828
nm1004953	Claude Savard	\N	\N	camera_department,cinematographer,producer	tt0401815,tt1068774,tt16426092,tt3858454
nm1004954	Marie-Pierre Savaria	\N	\N	costume_department	tt0420347,tt0479647,tt1202539,tt1572863
nm1004955	Kip Savoie	\N	\N	cinematographer,camera_department,actor	tt0808107,tt1473824,tt0206501,tt0287496
nm1004956	Pedro Scadura	\N	\N	art_department,miscellaneous	tt0274440
nm1004958	Leonard Schach	\N	\N	director	tt9289158,tt0189455
nm1004959	Jörg Schalk	\N	\N	cinematographer,camera_department	tt0380083,tt0170949,tt0298064,tt0226042
nm1004961	Margit Schaumäker	1925	2012	actress,writer,script_department	tt0171442,tt0048998,tt0080586,tt0045508
nm1004962	Elissa Schell	\N	\N	actress	tt0131534
nm1004963	Jutta Schermuly	\N	\N	make_up_department	tt0178580,tt0806910,tt0289803
nm1004964	Sylvia Schillings	\N	\N	make_up_department	tt0090440,tt0806910
nm1004965	Eberhard Schläger	\N	\N	art_department	tt0068092,tt0989788,tt0806901
nm1004966	Greg Schmalbach	\N	\N	actor	tt3750970,tt0098844,tt19656028,tt1119644
nm1004967	Carter Scholz	\N	\N	writer	tt0088634,tt0081849
nm1004968	Edwin Schumacher	\N	\N	actor	tt0045956,tt0352819,tt0448661,tt3592502
nm1004971	André Schömitz	\N	\N	cinematographer,editor,editorial_department	tt0271212,tt4990694,tt1614426,tt0415822
nm1004972	Michaela Scioscia	\N	\N		tt0287496
nm1004973	Dr. Scot	\N	\N	actor	tt0262411
nm1004974	Sofia Sed	\N	\N	actress	tt0283017,tt0136652,tt0222209,tt1849192
nm1004975	Adele Seelmann-Eggebert	\N	\N	producer	tt0264346,tt0280966,tt0276617,tt0289801
nm1004976	Brooke Seithel	\N	\N	actress	tt0131534
nm1004977	Irina Semashko	\N	\N	writer	tt0276949,tt12645572,tt17065218
nm1004978	Saiful Apek	\N	\N	actor,director,producer	tt1483347,tt1314659,tt1123372,tt1728655
nm1004979	Sophie Sénécal	1940	2003	actress	tt5347612,tt0193125,tt10937512,tt0188333
nm1004980	Stacey Seville	\N	\N	actress	tt0283088
nm1004981	Frank Seyfried	1966	\N	costume_designer	tt0108749,tt0090440,tt0181924,tt0119205
nm1004982	Sezzso	\N	\N	actor	tt0215865
nm1004983	Foad Shah	\N	\N	visual_effects	tt0499549,tt1060277,tt0401729,tt1583421
nm1004984	Ana Shanshiashvili	\N	\N	actress	tt0286888,tt0288556
nm1004985	Yashpal Sharma	1967	\N	actor,casting_director,producer	tt1954470,tt0169102,tt8377874,tt10065572
nm1004986	Beso Sharmadin	\N	\N	actor	tt0286806
nm1004987	Trevor L. Sharpe	1921	2010	music_department,soundtrack	tt0062552
nm1004988	Valeriy Shchedrin	\N	\N	actor	tt0286806,tt0171957
nm1004989	Valerie Shelton	\N	\N	actress	tt0061279,tt0064171,tt0129696
nm1004990	Loredo Sheperd	\N	\N	actor	tt0280064
nm1004991	Ivane Shermadini	\N	\N	actor	tt0280698
nm1004992	Jonathan David Cook	1971	\N	actor,producer,miscellaneous	tt0217914,tt0418195,tt0483168,tt3585242
nm1004993	Meredith Shevory	\N	\N	miscellaneous,actress	tt0285175,tt0247638,tt0327679,tt0368933
nm1004994	Alex Shirtcliff	\N	\N	actor	tt0169102
nm1004995	Mary Sicari	\N	\N	miscellaneous	tt0287730
nm1004996	Stephen Siersema	\N	\N	art_department	tt0480249,tt0217869,tt1219289,tt0167404
nm1004997	Nikki Siljak	1977	2000		\N
nm1004998	Alan Silverstein	\N	\N	camera_department	tt0167404
nm1004999	Geneva Ann Simmons	\N	\N	actress	tt0097171,tt0069658,tt0085033
nm1005000	Georgie Skolie	\N	\N	actress	tt0283024
nm1005001	Ben Smedstad	\N	\N	producer,miscellaneous,director	tt2374911,tt0874889,tt0403324,tt0167018
nm1005002	Alexander O. Smith	1973	\N	miscellaneous,writer,soundtrack	tt2306972,tt0208156,tt0284110,tt0317510
nm1005003	Robbie Smith-Dempsey	\N	\N	actor	tt0159401
nm1005004	Bill Smyth	1922	1966	actor	tt0041328
nm1005005	Julieann Snow	\N	\N	miscellaneous	tt4046784,tt0120461,tt0489099,tt2103281
nm1005006	Kathy Sokol	\N	\N	actress,casting_department	tt0262673
nm1005007	Joe Solís	\N	\N	actor	tt0469263,tt0150522
nm1005009	Lucrezia Sorbi	\N	\N	actress	tt0222209
nm1005010	Laurent Soudrie	\N	\N	visual_effects	tt0137523
nm1005011	Cecily Sparks	\N	\N	editor,writer	tt13888902,tt0281950
nm1005012	Lyn Anne Sparrow	\N	\N	camera_department,miscellaneous,editorial_department	tt0303403,tt2040595,tt0283024,tt0383717
nm1005013	Shimon Spektor	\N	\N	editor	tt0295281,tt0325478,tt0823493,tt1980315
nm1005014	Chlodwig Spengler	\N	\N	actress	tt0276194
nm1005015	Johannes Spiecker	\N	\N	editorial_department,director,editor	tt4797016,tt10337388,tt2273316,tt13648914
nm1005016	Dimitrios Spiridopoulos	\N	\N	camera_department	tt0119957
nm1005017	William Sprott	\N	\N	actor	tt0054385
nm1005018	Minna Fröhlich	\N	\N	actress	tt0045964,tt0050172,tt0051843,tt0494567
nm1005019	Ettore Squillace	\N	\N	actor	tt0197340
nm1005022	Félix St-Jacques	\N	\N	miscellaneous,producer,director	tt2918156,tt0835010
nm1005023	Pol Stabel	\N	\N	production_manager,director,production_designer	tt0126764,tt0238804,tt0068771,tt0162076
nm1005024	Shawn Stamarski	\N	\N		\N
nm1005025	Brennan M. Stanford	\N	\N	art_department	tt0271809
nm1005026	Snezana Stankovic	\N	\N	costume_department,make_up_department	tt0181049,tt0181051,tt0180811,tt0180866
nm1005027	Olaf Stannek	1960	\N	actor	tt0264917,tt0806901
nm1005029	Jaroslav Stepanenko	\N	\N	actor,miscellaneous	tt0117996,tt0192391
nm1005030	Chrisa Stiliara	\N	\N	production_manager,actress,art_department	tt0211637,tt0217562,tt0282184,tt0083571
nm1005031	Alexander Stolle	\N	\N	art_department,transportation_department,set_decorator	tt0434409,tt2058673,tt1401152,tt0238380
nm1005033	Deanne Stratford	\N	\N	miscellaneous,production_manager,producer	tt0397065,tt0446755,tt1187064,tt3758172
nm1005034	Steffan Strohbach	\N	\N	art_department	tt0806901
nm1005035	Darin Strom Ballew	\N	\N	miscellaneous	tt0106907
nm1005036	Davis Strykovich	\N	\N	actor	tt0253083
nm1005037	Pablo Suarez Topi	\N	\N	location_management,miscellaneous,casting_department	tt0254226,tt0483759,tt0361437,tt0356487
nm1005039	Nathalie Suhard	\N	\N	writer,costume_department,miscellaneous	tt4489874,tt0258463,tt3178536,tt1464925
nm1005040	Atsushi Sunagawa	\N	\N	assistant_director	tt6284476,tt0222851,tt3215790
nm1005041	Oana Suteu	\N	\N	editor,editorial_department,director	tt2035599,tt5282550,tt7689934,tt5171614
nm1005042	Vignesh Swaminathan	\N	\N	editorial_department,miscellaneous	tt0250625,tt0144557
nm1005043	Alison Symington	\N	\N	miscellaneous	tt0056751,tt0080234,tt0090477,tt0088512
nm1005045	Dominique Séguin	\N	\N	producer,editorial_department,miscellaneous	tt1104006,tt0326828,tt3499096,tt0790636
nm1005046	Amaury Sérbulo	\N	\N	actor	tt0245574
nm1005047	Jens Kristian Søgaard	\N	\N	music_department	tt0907683
nm1005048	Ian Tabatchnick	\N	\N	miscellaneous	tt0165461
nm1005049	Kurt Takayama	\N	\N	actor	tt0099291
nm1005050	Andrew Tallackson	\N	\N	actor,producer	tt2912776,tt0271809
nm1005051	I. Tamaki	\N	\N	actor	tt0049257
nm1005053	Lisa Taouma	\N	\N	producer,writer,director	tt14921800,tt9203208,tt9208612,tt9203142
nm1005054	Leo Tarmo	\N	\N	actor	tt0082597,tt0091740,tt0141727,tt0088437
nm1005055	Anne Tate	\N	\N	producer,miscellaneous	tt0287496,tt0094416
nm1005056	D.J. Tawe-Jones	\N	\N	actor	tt0040877
nm1005057	Peggy Ann Taylor	\N	\N	soundtrack	tt0051301
nm1005058	Kamil Tchorek	\N	\N	editor	tt0283564
nm1005059	Nathan Telk	\N	\N	camera_department	tt0387808,tt0485469,tt0284850,tt2799698
nm1005060	Ioshiro Terazzono	\N	\N	actor	tt0262690
nm1005061	Kostas Terzis	\N	\N	camera_department	tt0119957,tt1034006,tt0102050
nm1005062	Marie-Loise Tessier	\N	\N	miscellaneous	tt0282833
nm1005063	Sue Chung Thaxter	\N	\N	production_manager	tt0287496
nm1005064	Frederic Thibault	\N	\N	production_manager	tt0177746
nm1005065	Gladys Thomas	\N	\N	actress,costume_department	tt10578104,tt0287669
nm1005066	Teri Thomson Randall	\N	\N	camera_department	tt0118163,tt0234853,tt0272765
nm1005067	E.P. Thorne	\N	\N	writer	tt0033161
nm1005068	Sonya V. Thursby	\N	\N	actress	tt0117996
nm1005069	Candy Lind	1961	\N	miscellaneous,stunts,actress	tt0096542,tt0411008,tt0409594,tt0120828
nm1005070	Gogi Todria	\N	\N	actor	tt0286957
nm1005071	Risto Toiviainen	\N	\N	actor	tt0082597,tt0141727,tt0141552
nm1005072	Tomoko Tonai	\N	\N	actress	tt0049012
nm1005073	Jamal Toppi	\N	\N	editorial_department,production_manager,producer	tt0368794,tt11561206,tt11426644,tt11136608
nm1005074	Cateno Ernesto Tornabene	\N	\N	actor,director,cinematographer	tt5969546,tt1226219,tt0222209,tt0122625
nm1005075	Millie Torres	\N	\N	actress	tt0091971
nm1005076	Eileen Traynor	\N	\N		tt0187408
nm1005077	Joachim Trefz	\N	\N	actor	tt0264917,tt0144050,tt0309320,tt0806904
nm1005078	Nikos Trilivas	\N	\N	art_department	tt0119957,tt1181416,tt1573178,tt1024159
nm1005079	Tony Tringali	\N	\N	art_department	tt0116141
nm1005080	Anne Trinquelle	\N	\N	assistant_director	tt0104779
nm1005081	Tonina Trischitta	\N	\N	miscellaneous	tt0234853
nm1005082	Lewis Trondheim	1964	\N	writer,director	tt5192182,tt7738764,tt16423448,tt0419344
nm1005083	Margit Trost	\N	\N	miscellaneous	tt0806910,tt0178580
nm1005084	Cristina Trotter	\N	\N	actress	tt0083715
nm1005085	Christopher Trudeau	\N	\N	sound_department,miscellaneous,actor	tt0472988,tt1258201,tt1135535,tt1438488
nm1005086	Rob 'RJ' Trudell	\N	\N	special_effects	tt0119957
nm1005087	Andreas Tsamakis	\N	\N	camera_department	tt0289528,tt2209418,tt1976000,tt0102043
nm1005088	Vakhtang Tsirekidze	\N	\N	actor	tt0281641
nm1005089	Jenny Tsunis	\N	\N	miscellaneous	tt0287496
nm1005090	Zachary Tucker	\N	\N	visual_effects	tt1663662,tt0453467,tt0120903,tt0293508
nm1005091	Hugh Tulane	1902	1970	composer	tt0242869
nm1005092	María Turgenova	\N	\N	actress	tt0188993,tt0188476,tt0188523,tt0188983
nm1005093	Alexander Turmayer	\N	\N	writer	tt0029714
nm1005094	Curtis Turner	1924	1970	actor	tt0830213,tt0054385
nm1005095	Cory Tynan	\N	\N	writer,producer	tt4160208,tt0123816,tt13651204,tt1996346
nm1005096	Esben Tønnesen	1976	\N	director,writer,assistant_director	tt2382978,tt2945504,tt0479293,tt0899293
nm1005097	Lyka Ugarte	\N	\N	actress	tt1050207,tt2506250,tt0093937,tt0374545
nm1005098	Uwe Uhlmann	\N	\N	actor	tt0206795,tt0167179,tt0118378,tt0264917
nm1005099	Maria Ukniewska	1907	1962	writer	tt0286163,tt0088218,tt0172060
nm1005100	Isaac Urrutia	\N	\N	actor,miscellaneous	tt0150522
nm1005101	Fanny Vachon	\N	\N	make_up_department	tt3385516,tt1411250,tt1877832,tt0452608
nm1005102	Bhim Vakani	\N	\N	actor	tt0293342,tt12003710,tt0367110,tt0169102
nm1005104	Lynn Valiquette	\N	\N	miscellaneous,actress,executive	tt2338110,tt0275275,tt0117634,tt0117996
nm1005105	Pablo Valles	\N	\N	actor	tt0210937,tt0393997,tt0150522
nm1005106	Sonny Vallie	1926	2006	actor	tt0047582
nm1005107	Marion Vallot	\N	\N	production_manager,miscellaneous	tt0187090,tt0248495,tt0243493,tt0239695
nm1005108	Sylvie Vallée	\N	\N	actress	tt0287730
nm1005109	Dora Valsamaki	\N	\N	production_designer,location_management,production_manager	tt11262604,tt0264288,tt7474778,tt0235992
nm1005110	Ingeborg Van Eetvelde	\N	\N	make_up_department	tt4849176,tt5490310,tt6922062,tt1286784
nm1005111	Trevor Van Gorp	\N	\N	actor	tt0154100
nm1005112	Bert Van Hoeck	\N	\N	writer	tt0133308
nm1005113	Hendrik Van Kets	\N	\N	set_decorator,art_department,production_designer	tt3282076,tt0374345,tt7816392,tt5766086
nm1005114	Griet Van Landeghem	\N	\N	costume_designer,costume_department	tt2313211,tt0256259,tt0217198,tt1214946
nm1005115	Bart Van Overberghe	\N	\N	art_department,art_director	tt0181862,tt0279231,tt0227974,tt0180817
nm1005117	Pénélope Van de Cave	\N	\N	visual_effects	tt0416496,tt4686844,tt0475944,tt0137523
nm1005118	Jos Vanderlinden	\N	\N	producer	tt0093169
nm1005119	K. Vargas	\N	\N	actor	tt0091971
nm1005120	Louis Francisco Vega	\N	\N	actor	tt0188257
nm1005122	Shawn Vena	1973	\N	actor,miscellaneous	tt0119957,tt0810803
nm1005123	Luigi Veneri	\N	\N	actor	tt0046352
nm1005124	Jacob Switzer	\N	\N	actor	tt2309295,tt1284501,tt0424238,tt3064532
nm1005125	David Verbeke	\N	\N	visual_effects	tt1856101,tt1386703,tt3410834,tt4073790
nm1005126	Tim Versacci	\N	\N	producer	tt0186014
nm1005127	Johan Verstuyft	\N	\N	director,art_department,editor	tt14899272,tt17501940,tt6155168,tt17501864
nm1005128	Annamaria Viapiano	\N	\N	actress	tt0222209
nm1005129	Kyree Vibrant	\N	\N	actor,composer	tt1488111,tt0491788
nm1005130	Lee Vickers	\N	\N		tt0036455,tt4248256
nm1005131	María Mercedes Villagra	\N	\N	actress	tt0247586
nm1005132	Frédérique Vincent	\N	\N	director,writer,producer	tt0239695,tt12063892
nm1005133	Valentina Vinogradova	\N	\N	actress	tt0286957,tt0261923,tt0386247,tt4871236
nm1005134	Olivier Vicaire	\N	\N	casting_department,miscellaneous	tt0280343,tt0188318,tt0250151,tt0172014
nm1005137	Johan Voorhaar	\N	\N		\N
nm1005138	Theodoros Vourlis	\N	\N	camera_department	tt15003826,tt0119957
nm1005139	Liesbet Vrieleman	\N	\N	art_department,editor	tt0310475,tt0217198
nm1005140	Zivko Vukojevic	\N	\N	actor	tt0201216
nm1005141	Mirjana Vuletic	\N	\N	make_up_department	tt0199667
nm1005142	Craig Waddell	\N	\N	special_effects,music_department	tt0108360,tt0106907
nm1005143	David Wagenheim	\N	\N	actor,miscellaneous	tt1842500,tt0428655,tt1243226,tt0119957
nm1005144	Lilly Wahlberg	\N	\N	actress	tt0039598,tt0033122
nm1005145	Ludwig Waldburg	\N	\N	art_department	tt0264917
nm1005146	Gregory B. Waldis	1967	\N	actor,producer	tt5643730,tt0108979,tt0853076,tt1310629
nm1005148	Zachary Wallace	\N	\N	production_manager	\N
nm1005149	Gustav Wallin	\N	\N	actor	tt0131180,tt0302197,tt0108970
nm1005150	John Walvoord	1910	2002	actor	tt0253083,tt2292822
nm1005151	Rhett Ward	\N	\N	actor	tt0051209,tt0049847
nm1005152	Arthur Sebastian Warnod	\N	\N	actor	tt3662072,tt0167710,tt0166053,tt0083161
nm1005154	Frederick Washburn	\N	\N	actor	tt0103522
nm1005155	David Watanabe	\N	\N	actor	tt0099291,tt0106434
nm1005156	Ralph Waxman	\N	\N	producer	tt0138885
nm1005157	Joe Weatherly	1922	1964	actor	tt0054385
nm1005158	Turi Weierskov	1922	2015	actress	tt0122491
nm1005159	Shellee Wells	\N	\N	location_management,production_designer,art_department	tt1289437,tt0271809,tt0858422,tt2339064
nm1005160	Barbara Welzig	\N	\N	editorial_department	tt0806910
nm1005161	Chris Westfall	\N	\N	art_department	tt0284850
nm1005162	Patricia Weyhmüller	\N	\N	actress	tt0285519,tt0285565
nm1005163	Susie Whelpley	\N	\N	miscellaneous	tt3463266,tt0377057,tt0234853
nm1005165	Jeanine Whitehawk	\N	\N	actress	tt0150522
nm1005166	Chris Wiekliewicz	\N	\N	camera_department	tt0247638,tt1242774
nm1005169	Kristina K. Willey	\N	\N	miscellaneous	tt0106907
nm1005170	Walter Jon Williams	1953	\N	writer	tt0213327,tt8050360
nm1005172	Debbie Wilmot	\N	\N	location_management	tt0243524
nm1005173	Danlee Winegar	\N	\N	make_up_department,costume_department,miscellaneous	tt0362270,tt1037705,tt1034032,tt0806203
nm1005174	Nicole C. Winters	\N	\N	actress	tt0274440
nm1005175	Ingrid Winterstein	\N	\N	production_manager	tt0105931,tt1008628,tt0085005,tt0096655
nm1005176	Rick Wirsick	\N	\N	art_department,art_director	tt0096364,tt0099354
nm1005177	Tripplie Wisecup	\N	\N	actress	tt0054385
nm1005178	Ryland Witten-Smith	\N	\N	camera_department,sound_department,special_effects	tt7550000,tt1583421,tt0369610,tt3272066
nm1005179	Helga Wittenborg	\N	\N	actress,writer	tt0287798
nm1005180	Matt Wolpert	\N	\N	producer,writer,miscellaneous	tt2788432,tt2802850,tt7772588
nm1005181	Heinz Woost	\N	\N	production_manager	tt0140746,tt0069640,tt0806901
nm1005182	Regis Wyatt Jr.	\N	\N	producer	tt0242586,tt1538817
nm1005183	Hyeon-Soo Yeo	1982	\N	actor	tt3591270,tt0870958,tt0757223,tt0276818
nm1005184	Doreen Yerkes	\N	\N	production_manager	tt0131596
nm1005185	Flicham Zaari	\N	\N	miscellaneous	tt0280343
nm1005186	Juan Zaizar Jr.	\N	\N	actor	tt0295392,tt0080570,tt0223585,tt0211768
nm1005187	Antonio Zaizar	\N	\N	actor	tt0080570
nm1005188	Rudy Zalameda	\N	\N	actor	tt0117996
nm1005189	Solita Zalameda	\N	\N	actress	tt0117996
nm1005190	Laura E. Zamora	\N	\N	actress,camera_department,producer	tt0150522,tt0210937,tt0393997,tt0119014
nm1005191	Jasmina Zec	\N	\N	composer	tt0201216
nm1005192	Greg Zeschuk	\N	\N	producer,director,actor	tt0455965,tt0356070,tt1482455,tt6739646
nm1005193	Zosha	\N	\N		tt0284702
nm1005194	Elena Zossimas	\N	\N	art_department	tt0303403,tt0283024
nm1005195	Steven Paul Zsenyuk	\N	\N	actor,miscellaneous	tt0435383,tt0293084,tt0286409
nm1005196	Fausto Moreno	\N	\N	actor	tt0906765,tt7366360,tt6721704,tt11256726
nm1005197	Daphne Zwanenberg	\N	\N	make_up_department	tt6217926,tt4721124,tt1928328,tt3792960
nm1005198	Rob Zylowski	\N	\N	art_department,actor,special_effects	tt0472259,tt0247638,tt0361411,tt1235807
nm1005199	Oskar d'Amici	\N	\N	set_decorator	tt0093937
nm1005200	Gonzague de Beauchaine	\N	\N	editorial_department,production_manager	tt0177746,tt20242046
nm1005201	Arturo de Jesús Garcia	\N	\N	actor	tt0146740
nm1005202	R.J. de Vera	\N	\N	actor	tt0486743,tt4944090,tt12934602,tt0232500
nm1005206	Halbo van der Klaau	\N	\N	visual_effects	tt0218817
nm1005207	Irmingard von Freyberg	1907	1985	animation_department,actress,writer	tt0045964,tt6064126,tt7007876,tt7007898
nm1005208	Friedemann von Rechenberg	1973	\N	composer	tt0385183,tt2185307,tt3810690,tt0472910
nm1005209	Fulya Özcan	1957	\N	actress	tt0374896,tt13583468,tt0253615,tt10332672
nm1005210	Sinem Üretmen	\N	\N	actress	tt0397835,tt13964604,tt0200489,tt1729677
nm1005211	Robert Allen	1913	1989	actor,soundtrack	tt0293828,tt0498104,tt0038082
nm1005212	José Antonio	\N	\N	actor	tt0210717
nm1005214	Axel Bauer	\N	\N	writer,actor	tt0303912,tt0121092,tt0339625,tt1827392
nm1005215	Richard Burke	\N	\N	actor	tt0313122,tt0463935,tt0085089,tt0302103
nm1005216	Norman Cohen	\N	\N	miscellaneous,producer,writer	tt0490718,tt0207284,tt0377245,tt0133302
nm1005217	Michael Conn	\N	\N	actor	tt0131596
nm1005218	Jose Correa	\N	\N	actor	tt5853446,tt2032719,tt0416359,tt2910066
nm1005219	Marcello Costa	\N	\N	actor	tt0317248,tt0286378
nm1005220	James Cox	\N	\N	actor	tt0274034
nm1005221	Stephen Crawford	\N	\N	actor	tt0283088
nm1005222	Frank Davis	\N	\N		tt0284702,tt0287334
nm1005223	Alberto Díaz	\N	\N	actor	tt0023864
nm1005224	Alberto Díaz	\N	\N	director,miscellaneous,assistant_director	tt1245565,tt0823357,tt0233092,tt0341281
nm1005225	Ángelo Ferrari	\N	\N	actor	tt0150522
nm1005226	Manuel Fuentes	\N	\N	actor	tt0287293
nm1005228	Don Harris	\N	\N	actor	tt0101953,tt0150522,tt0343531,tt0467006
nm1005229	Barry Hart	\N	\N	producer,miscellaneous	tt14144732,tt1245407,tt15227974,tt6831118
nm1005230	Rob Howard	\N	\N	actor	tt0253083
nm1005231	Evan Hughes	\N	\N	actor	tt0253083
nm1005232	Bob Jackson	\N	\N	actor	tt0154100
nm1005233	Richard Jackson	1955	\N	actor,producer	tt2497980,tt0106168,tt6803046,tt0477348
nm1005234	Jean-Claude	\N	\N	actor	tt0202226
nm1005235	Yoshi Tomo Kaneda	\N	\N	actor,miscellaneous,stunts	tt0498380,tt0486576,tt1323508,tt0499556
nm1005236	Michael Lambert	\N	\N	actor	tt0039232
nm1005237	Ray Lee	1970	\N	actor	tt0303472,tt0282667,tt0426419,tt0439789
nm1005239	Luis Miranda	1969	\N	actor,writer	tt0989007,tt3742378,tt4265410,tt0293007
nm1005240	Dante Magnani	1917	1985	actor	tt0041328
nm1005241	Jason Marshall	\N	\N	actor	tt0258862
nm1005242	John T. Martin	1922	2008	actor	tt0041328,tt0041350
nm1005243	Ramiro Medina	\N	\N	camera_department,actor,miscellaneous	tt0363065,tt0401426,tt0150522,tt0461682
nm1005245	David Moore	\N	\N	actor,miscellaneous	tt0262820,tt0324267
nm1005246	John Moran	1967	\N	actor,producer	tt0247638,tt1327916,tt1482880,tt4779828
nm1005247	Patrick Noonan	\N	\N	actor	tt0253083
nm1005248	Ian Orr	\N	\N		\N
nm1005249	Don Paul	1925	2014	actor	tt0041328
nm1005250	Ray Quinn	\N	\N	actor	tt0262411
nm1005251	Dan Rae	\N	\N	actor	tt0241251,tt0258862
nm1005252	Roberto Rey	\N	\N	actor	tt1077084,tt1810014,tt0376800,tt0247586
nm1005255	Rafael Rodrigo	\N	\N	actor	tt0286378,tt0281447
nm1005256	Al Rose	\N	\N	actor	tt0262411
nm1005258	Juan Ruiz	\N	\N	actor	tt0150522,tt0124953
nm1005259	Christian Schmidt	1958	\N	actor,stunts,special_effects	tt0091594,tt0096175,tt0113115,tt0305392
nm1005261	Lee Sinclair	\N	\N		tt0187408
nm1005262	John T. Smith	\N	\N	actor	tt1197542,tt0370207,tt15722194,tt0151354
nm1005263	Mike Smith	\N	\N	actor	tt0338108,tt0179458
nm1005265	David Summers	\N	\N	actor	tt6687540,tt0262411
nm1005266	Drew Thompson	1922	1992	actor	tt0341777,tt0048872,tt0341920,tt0239188
nm1005267	Anthony Tremblay	1946	\N	actor	tt0287027,tt5531570,tt0224397
nm1005268	Joe Walker	\N	\N	actor	tt1666822,tt8482258,tt10222712,tt15213572
nm1005269	Nick Wall	1906	1983	actor	tt0033144
nm1005270	Michael Weinberg	\N	\N		\N
nm1005271	John D. White	\N	\N	actor	tt0259655
nm1005272	Adam Williams	\N	\N	actor,miscellaneous	tt0188453,tt0307596,tt0247638,tt0267913
nm1005274	Julie Bond	\N	\N		tt0108961,tt14844282,tt0959983
nm1005275	Jenny Clark	\N	\N	actress	tt0258862
nm1005277	Mary Collins	\N	\N	actress	tt0262411
nm1005278	Dany	\N	\N	actress	tt0202226,tt0194276
nm1005279	Laura Ellis	\N	\N	actress	tt0188518
nm1005280	Fawna	\N	\N	actress	tt0143557
nm1005281	Nicole Franco	\N	\N	actress	tt10537676,tt0115385,tt5743796,tt1451722
nm1005282	April Harvey	\N	\N	actress	tt0131596
nm1005283	Patricia Hernández	\N	\N	actress	tt0161163,tt0212706,tt0229288,tt0215456
nm1005284	Cynthia Johnson	\N	\N	actress	tt0186014,tt0184804
nm1005285	Helen Lee	\N	\N	actress	tt0040877
nm1005286	Diana Lewis	\N	\N	actress,director,writer	tt1260646,tt0757865,tt0298206,tt6394032
nm1005287	Andrea McLean	1969	\N	actress	tt2015422,tt11979518,tt0098774,tt5068174
nm1005288	Colette O'Neil	1895	1975	actress	tt0009176
nm1005289	Linda Perry	\N	\N	actress	tt0262411
nm1005290	Sandy Boets	1978	\N	actress,soundtrack	tt0398050,tt0239196,tt0467727,tt0439131
nm1005291	Ann Stevens	\N	\N	actress,soundtrack	tt0054385
nm1005292	Mari Carmen Sánchez	\N	\N	actress	tt4964788,tt6468322,tt4136774,tt1864750
nm1005293	Amy Wilson	\N	\N	actress	tt0117996
nm1005294	Kelly Winn	1980	\N		\N
nm1005295	Brian Bradley	\N	\N	art_department	tt0315206,tt0284850,tt0259497
nm1005296	James Breen	1955	2008	art_department,actor	tt0217869,tt0286106,tt0368447,tt0167404
nm1005297	Philippe Daoust	\N	\N	art_department	tt0287730
nm1005298	Guy Ferland	\N	\N	camera_department,art_department,miscellaneous	tt0945513,tt0414993,tt3672742,tt0300556
nm1005299	Russell Hanson	\N	\N	art_department	tt0286499,tt0291341,tt0108826,tt0159379
nm1005300	Nick Lee	\N	\N	art_department	tt0172061
nm1005301	Kate Miles	\N	\N	art_department	tt0303403,tt0283024
nm1005302	Michel Richard	\N	\N	art_department	tt0450314,tt0945513,tt0414993,tt2378507
nm1005303	Bryan Smith	\N	\N	art_department	tt0125439,tt0212318,tt0164718
nm1005304	Kelli Taylor	\N	\N	art_department	tt0284850
nm1005305	Alan Thompson	\N	\N	art_department	tt2990126,tt0178675,tt0166047,tt0149698
nm1005306	Matthew Turner	\N	\N	art_department	tt0167404,tt0380510,tt1219289,tt0949731
nm1005307	Paul Williams	1969	2021	art_department	tt0217869,tt0286106,tt0822854,tt0114746
nm1005308	Pavle Jovanovic	\N	\N	art_director	tt0199667
nm1005309	Toby Stevens	\N	\N	art_department,art_director,production_designer	tt4786824,tt1298644,tt2557258,tt3097204
nm1005310	Ben Gill	\N	\N	assistant_director,actor	tt0215865,tt0247190,tt0166030
nm1005312	Richard Price	\N	\N	casting_director,casting_department	tt0163467,tt0075537,tt0067591,tt0077047
nm1005313	Peter Reed	\N	\N	art_department,casting_director	tt0282833
nm1005314	Rachel Wilkinson	\N	\N	casting_director	tt0106907
nm1005315	Raúl Aguirre	\N	\N	actor,composer	tt0150522,tt0336380
nm1005316	Mike Bloom	\N	\N	composer	tt0198748,tt1317490
nm1005318	Peter Rice	1928	2015	production_designer,costume_designer	tt6319022,tt0049847,tt5188474,tt0914702
nm1005321	Otar Litanishvili	\N	\N	director,writer,assistant_director	tt8750992,tt0087349,tt0286957,tt0821764
nm1005322	Charles F. MacDonald	\N	\N	editorial_department,editor,writer	tt9579100,tt1808108,tt3334148,tt1920024
nm1005323	Paul White	\N	\N	director	tt0266010
nm1005324	Eric Leblanc	\N	\N	sound_department,music_department,miscellaneous	tt0366629,tt4794734,tt1064955,tt1458923
nm1005325	Graciela Ramírez	\N	\N	make_up_department	tt0207565
nm1005326	Carmen Sánchez	\N	\N	make_up_department	tt0072281,tt0067457,tt0060264,tt0039563
nm1005327	Jennifer Allen	\N	\N	camera_department	tt0457290,tt0415833,tt0247265,tt0284850
nm1005329	Chris Blair	\N	\N	miscellaneous,actor	tt0085446,tt0123378,tt0124667
nm1005330	Joe Bravo	\N	\N	miscellaneous	tt0106907
nm1005331	Daniel Breton	\N	\N	cinematographer,camera_department	tt0288896,tt0287434
nm1005332	Paul Carroll	\N	\N	camera_department	tt0284850,tt0259497,tt1273241,tt0468521
nm1005333	Dan Carter	\N	\N	miscellaneous,location_management	tt0219699,tt0167404,tt0217869,tt0183505
nm1005334	Frank Chavez	\N	\N	miscellaneous	tt0106907
nm1005336	Steve Clarke	\N	\N	camera_department	tt0284654,tt0303403,tt0283024
nm1005337	John Crawley	\N	\N	camera_department	tt0301684,tt0187623
nm1005338	Jim Curley	\N	\N	camera_department	tt0041859,tt0041378,tt0041328,tt0041252
nm1005339	Margaret Davis	\N	\N	miscellaneous	tt0287496
nm1005340	Jeffrey Dean	\N	\N	actor,production_manager,miscellaneous	tt0116141,tt0234756,tt7698276
nm1005341	Christopher Doyle	\N	\N	actor	tt0349231
nm1005342	Michael Flowers	\N	\N	miscellaneous	tt0078841
nm1005343	Martin Gagnon	\N	\N	camera_department,director	tt0300556,tt0945513,tt0475944,tt0450314
nm1005344	Dionisio García	\N	\N		\N
nm1005345	Fernando García	\N	\N	miscellaneous,actor	tt0431922,tt0287293,tt0290503
nm1005347	Luis García	\N	\N	miscellaneous	tt0278676
nm1005348	Shelby Gregory	\N	\N	camera_department	tt0106907
nm1005349	Enrique Gutiérrez	\N	\N	camera_department	tt0208424,tt0338251,tt0081483
nm1005350	Christopher Horvath	\N	\N	miscellaneous	tt0106907
nm1005351	Gérard Kawczinsky	1946	\N	camera_department,actor	tt0775529,tt0287730,tt0114403,tt0854669
nm1005352	Kathleen Kelly	\N	\N	miscellaneous	tt0167404,tt0949731,tt0286106,tt0217869
nm1005353	Katie King	\N	\N	miscellaneous	tt0199257,tt0206501,tt0133302,tt1397131
nm1005354	R. Mike King	\N	\N	location_management,producer,writer	tt0120693,tt3831032,tt0775529,tt0444628
nm1005355	Nicolas Lemieux	\N	\N	transportation_department,miscellaneous,art_department	tt0323944,tt0300069,tt2909008,tt2229319
nm1005357	David MacDonald	\N	\N	transportation_department	tt0120383,tt0373416,tt2582782,tt0258068
nm1005358	Ned Mann	\N	\N	music_department	tt0181733,tt0118836,tt0234853
nm1005359	Mike Mason	\N	\N	camera_department,producer,miscellaneous	tt0287496,tt0822831,tt0118607
nm1005360	Jason Miller	1976	\N	miscellaneous	tt0265666,tt0167404,tt0217869
nm1005361	Rebecca Miller	\N	\N	miscellaneous	tt0110442
nm1005365	Manuel Neves	\N	\N	camera_department	tt0324619,tt0274440,tt0248845,tt0228891
nm1005367	Richard Raymond	\N	\N	miscellaneous	tt0287730,tt0190938,tt0225947
nm1005368	Luis Reyes	\N	\N	editorial_department	tt0150522,tt0382900,tt0223585
nm1005369	Steve Richards	\N	\N	miscellaneous	tt0120815
nm1005371	Debra Rodman	\N	\N	assistant_director,miscellaneous	tt0106907,tt0108045
nm1005372	Renée Samuel	\N	\N	costume_department	tt0287730
nm1005373	David Scharf	\N	\N	production_manager,producer,editorial_department	tt0368933,tt0415949,tt2355495,tt3979300
nm1005375	Scott Stevens	\N	\N	cinematographer,camera_department,actor	tt0451208,tt0234853,tt1294716,tt1424478
nm1005378	Pamela Thompson	\N	\N	miscellaneous	tt7184124,tt0361127,tt0217869,tt0167404
nm1005379	Sarah Thornton	\N	\N	miscellaneous	tt0284850
nm1005380	James Trujillo	\N	\N	miscellaneous	tt0106907
nm1005381	Jaime Vega	\N	\N	miscellaneous,director	tt0211827,tt0106907
nm1005382	Don Walsh	\N	\N	miscellaneous	tt0081400,tt2000152,tt14466750,tt6232592
nm1005383	Christopher White	\N	\N	camera_department	tt0113260,tt0106907,tt0108143
nm1005384	Sandy White	\N	\N	costume_department	tt0124667
nm1005385	Omar Williams	\N	\N	miscellaneous	tt0167404
nm1005386	Roger Williams	1900	1975	actor	tt0309129,tt0989125,tt0047225,tt4655132
nm1005387	Stacy Williams	\N	\N	location_management	tt0247638
nm1005388	Christine Wilson	\N	\N	art_department,miscellaneous	tt0111711,tt0247638
nm1005389	David Woods	\N	\N	miscellaneous	tt0105601,tt0457245
nm1005390	Charles Wright	\N	\N	miscellaneous	tt1038057,tt0287496
nm1005391	Barbara Young	\N	\N	miscellaneous	tt0217869,tt0368891,tt1219289,tt0949731
nm1005392	Elizabeth Young	\N	\N	camera_department	tt0274440
nm1005394	Toshio Tanaka	\N	\N	producer,production_manager	tt0222851,tt1666800,tt0439631
nm1005395	Chris Parker	\N	\N	producer,director,art_department	tt0433458,tt0224637,tt2133326,tt1249406
nm1005396	Michael Shepherd	\N	\N	producer	tt10044448,tt16343836,tt1763751,tt0285394
nm1005397	Jane Bruce	\N	\N	art_department,production_designer,art_director	tt0215865,tt1822263,tt0086265,tt0088883
nm1005398	Maria Carolina	\N	\N	production_designer	tt0286462
nm1005399	Chris Gray	\N	\N	set_decorator	tt0283024,tt0303403
nm1005400	James Becker	\N	\N	sound_department	tt0234853,tt4085610,tt1651080,tt1824580
nm1005401	Eric Harwood Davies	\N	\N	sound_department,camera_department	tt1784308,tt1809304,tt0198190,tt0109516
nm1005402	Paul Gleason	\N	\N	sound_department	tt0092581,tt0172061
nm1005403	Charles Janssens	\N	\N	sound_department	tt0240226
nm1005404	Tim Johnson	\N	\N	sound_department	tt0332069,tt0420327,tt0198748
nm1005405	Dick Phillips	\N	\N	sound_department	tt0256103,tt0397150,tt0787519,tt0837800
nm1005407	Elaine Williams	\N	\N	sound_department,producer	tt0402513,tt0284867,tt0138375,tt0164718
nm1005409	Martín González	\N	\N	special_effects	tt0150522
nm1005410	Todd Johnson	\N	\N	special_effects	tt0106907
nm1005411	Anthony Valcic	\N	\N	special_effects	tt0106907
nm1005412	Eric Weiss	\N	\N	miscellaneous,animation_department,visual_effects	tt0120685,tt0146675,tt0173840,tt0348150
nm1005414	Michel Boyer	\N	\N	stunts	tt0287730
nm1005415	David Bailey	\N	\N	visual_effects,animation_department	tt0102034,tt0185183,tt0137523,tt0363988
nm1005416	Steve Humphrey	\N	\N	actor	tt0098882,tt2089405
nm1005417	Steven Barnes	1952	\N	writer,producer,actor	tt0213327,tt0112111,tt0088634,tt0118480
nm1005418	Daniel Brown	\N	\N	writer	tt0039451
nm1005419	Richard Lund	\N	\N	writer,director	tt2391496,tt0496808,tt0496809,tt0326277
nm1005420	Ashley Miller	1971	\N	writer,producer,miscellaneous	tt0800369,tt2375692,tt1270798,tt14069590
nm1005421	Marcus Miller	\N	\N	writer	tt0127398,tt0123816
nm1005423	Michael Smith	\N	\N	actor,writer	tt0217243
nm1005424	Robert Watson	\N	\N	writer	tt0301565,tt0028421,tt0028306,tt0028232
nm1005425	George Wright	1901	1976	miscellaneous,writer	tt0024141,tt0030654
nm1005426	Frank Abel	\N	\N	actor	tt0028063,tt0029668
nm1005427	Gordon Adam	\N	\N	actor	tt0039232
nm1005428	Peter Adamo	\N	\N	actor	tt0150522
nm1005430	Felipe Ahedo	\N	\N	actor	tt0263241
nm1005431	Bob Ahlgren	\N	\N	actor	tt6687614,tt0412118,tt0262411
nm1005432	Richard Alary	\N	\N	actor,miscellaneous	tt0090467
nm1005433	Joel Angel	\N	\N		\N
nm1005434	Luis Angel	\N	\N	sound_department,actor,location_management	tt0157154,tt3605508,tt3269266,tt0222851
nm1005435	Peter Antonov	\N	\N	actor	tt0282179,tt0262690,tt0265493,tt0387605
nm1005436	Giovanni Aonzo	\N	\N	actor	tt0046352
nm1005437	Roberto Arcilla	\N	\N	actor	tt0210717
nm1005439	Luis Armesto	\N	\N	actor	tt4411504,tt0247586,tt0226587,tt5462400
nm1005440	Francesco Arminio	\N	\N	actor	tt0065518
nm1005441	Jason Ashland	\N	\N	actor	tt0247638,tt0326581,tt0397056,tt0451215
nm1005442	Robert Astles	\N	\N	actor	tt0286152,tt0181269
nm1005443	Sonia Aurora	1973	\N	actress,writer,producer	tt8041270,tt1880224
nm1005444	Glen Badyna	\N	\N	actor	tt0259567,tt0323248,tt0496275,tt0286486
nm1005445	Massimo Bando	\N	\N	actor	tt0104948,tt0197219,tt0334842,tt0191916
nm1005446	George Barker	\N	\N	actor	tt0204322,tt0131534
nm1005447	Greg Barr	\N	\N	actor,stunts,transportation_department	tt0243069,tt1905042,tt0264811,tt0234652
nm1005448	Andy Barret	\N	\N	actor,miscellaneous	tt0262690,tt1605629
nm1005449	Lee Bartlett	\N	\N	actor	tt0150522
nm1005450	Herbert Bayer	\N	\N	actor	tt0287798
nm1005451	Dick Bear	\N	\N	actor	tt0131534
nm1005452	Chris Beletti	\N	\N	actor	tt0150522
nm1005453	Bruno Bettiol	\N	\N	actor	tt0046352
nm1005454	John Beuhler	\N	\N	actor,writer	tt4730688,tt0397138,tt0286152,tt0892900
nm1005455	Bobby Blanco	\N	\N	actor	tt0150522
nm1005456	Steve Bogarus	1919	1981	actor	tt0041328
nm1005457	Chris Borilla	\N	\N	actor	tt0091971
nm1005458	José Borjón	\N	\N	actor	tt0119014,tt0150522,tt0210937,tt0393997
nm1005459	Nathan Borne	\N	\N	actor	tt0266807
nm1005460	Bruce Boston	\N	\N		tt0282981
nm1005461	Nicola Braile	\N	\N	actor	tt0299263,tt0222209
nm1005462	Fritz Brandt	\N	\N	actor	tt0143075
nm1005463	Dave Breese	\N	\N		tt0253083,tt2137363,tt1895536,tt2292822
nm1005465	Peter Broome	\N	\N	actor	tt0111904,tt21883014,tt2671590,tt0283564
nm1005466	Mark Bruhn	\N	\N	actor	tt0283587
nm1005467	Haley Buchanan	1990	\N	actress	tt0279688,tt0339743
nm1005468	Patrick Budal	\N	\N	actor	tt0177997,tt0103522
nm1005469	John J. Burns	\N	\N	actor	tt0080388
nm1005470	Tom Cahill	\N	\N	actor,casting_director	tt0404908,tt0765477,tt0284907
nm1005471	Giancarlo Caio	\N	\N	actor	tt0065518,tt1518731,tt0363345,tt0067537
nm1005472	Alexander Calmbacher	\N	\N	actor	tt0276194
nm1005473	Kenny Campbell	\N	\N		tt1708486
nm1005474	Wade Carpenter	1973	\N	actor	tt0177991,tt0115083,tt0164018,tt2118707
nm1005476	Bobby Casey	1926	2000	actor,soundtrack	tt0215865
nm1005478	Giuseppe Castelli	\N	\N	actor	tt0072710
nm1005479	Massimo Castri	1943	2013	actor	tt0065023,tt0065518
nm1005480	Rodolfo Castro	\N	\N	actor	tt0150522
nm1005481	Marcos Cesana	1966	2010	actor,writer	tt0977642,tt1391552,tt2231208,tt12871602
nm1005482	Tomas Chavez	\N	\N	actor,miscellaneous	tt0222851,tt1566501
nm1005483	Garet Chester	\N	\N	actor	tt0106486
nm1005484	Richard Chua	\N	\N	actor	tt0270841
nm1005485	David Coolidge	\N	\N	actor	tt0283088
nm1005486	Ben Copeland	\N	\N	actor	tt2158754,tt2158146,tt2022396,tt0284881
nm1005487	Steve Cowdrey	\N	\N	special_effects,actor	tt0177350,tt6687614,tt0262411,tt0092831
nm1005488	Sonny Crane	\N	\N	actor	tt0093937
nm1005489	Glenn Cunningham	\N	\N	actor,miscellaneous	tt0482572,tt0197182,tt0275140,tt1302006
nm1005490	Mario Cordova	1955	\N	actor,miscellaneous	tt8410988,tt0221383,tt0426773,tt0110207
nm1005491	Olivier D'Belloch	\N	\N	actor	tt0210717
nm1005492	Max David	\N	\N	actor	tt0192976,tt1418653
nm1005493	José Davilla	1919	\N	actor	tt0194212,tt0193833,tt0143108,tt0042223
nm1005494	David Davron	\N	\N		tt0287496
nm1005496	Edward Dean	\N	\N	actor	tt0084755
nm1005498	Philipp Diemer	\N	\N	actor	tt0285565,tt0285519
nm1005499	Rolf Dittrich	\N	\N	actor	tt0806901
nm1005500	Kyle Dolan	\N	\N	actor	tt0262411
nm1005501	Jacques Dubois	\N	\N	actor	tt0182028,tt0169897
nm1005503	Enrique Dumont	\N	\N	actor	tt0396356,tt10948718,tt9114264,tt0405281
nm1005504	Will Dunham	\N	\N	actor	tt0284907,tt0268978
nm1005505	Jeff Durate	\N	\N	actor	tt0138885
nm1005506	Alberto Díaz Valenzuela	\N	\N	actor	tt0207853,tt0121794,tt0486969,tt0288469
nm1005507	Roger Eason	1918	1998	actor	tt0041328
nm1005508	Valeria Elia	\N	\N	actress	tt0083197
nm1005509	Horst Elsner	\N	\N	composer,actor	tt0412096,tt0806901,tt0411710,tt3095700
nm1005510	Jay English	\N	\N	actor	tt0091971
nm1005511	Joe Eubanks	\N	\N	actor	tt0054385
nm1005512	Ben Evans	1984	\N	actor	tt15653594,tt0840196,tt0207888,tt0259733
nm1005513	Chad Findley	\N	\N	miscellaneous,actor,art_department	tt0482518,tt2951478,tt0176457,tt5686128
nm1005514	Patrick John Flueger	1983	\N	actor	tt1068242,tt0389564,tt2805096,tt0247638
nm1005515	Cliff Fox	\N	\N	actor	tt0262411
nm1005516	Ivan Ganchev	\N	\N	actor	tt0262690
nm1005519	John Glynn	\N	2020	actor	tt9043760,tt1390397,tt6538034,tt0974015
nm1005520	Phil Granchi	\N	\N	actor	tt0262411
nm1005521	Russell Grant	1951	\N	actor,producer,director	tt1942067,tt1634141,tt6588536,tt5531644
nm1005522	Ed Greenburg	\N	\N	actor	tt0069377
nm1005523	Remo Greene	\N	\N	actor	tt0197182,tt0259484
nm1005524	Yuri Grigorian	\N	\N	actor	tt8521958,tt6190056,tt0286806
nm1005527	Billy Haden	\N	\N		\N
nm1005528	Yuji Hasegawa	\N	\N	actor	tt0330203,tt0286486,tt7053188,tt0222851
nm1005529	Christian Hanke	\N	\N	actor	tt0264917,tt0791376,tt1077031
nm1005531	Ronnie Harper	\N	\N	actor	tt0186014
nm1005533	Pavel Havrlik	\N	\N	actor	tt0347017,tt0167644
nm1005535	Todd Herbert	\N	\N		tt0186014
nm1005537	Michael Heuser	1954	\N	actor,producer	tt2992000,tt2668298,tt3262252,tt0178142
nm1005538	Howard W. Hickey	1917	2006	actor	tt12176152
nm1005539	Noel Hill	\N	\N	actor,music_department	tt0215865
nm1005540	Dennis Hoda	\N	\N	actor	tt0099291
nm1005541	Thomas Hoffer	\N	\N	actor	tt0892183,tt0256643
nm1005542	Jerry Hoh	\N	\N	actor	tt1118504,tt3338170,tt2524248,tt0338512
nm1005543	Larry Honda	\N	\N	actor	tt0099291
nm1005544	Michael Huie	\N	\N	actor	tt0447704,tt0106486
nm1005545	William O. Hunt	\N	\N	actor	tt0099291
nm1005546	Alfonso Iglesias III	\N	\N	actor	tt0313922,tt0346225,tt0268878,tt0206327
nm1005547	Ben Imperial	\N	\N	actor	tt0093937
nm1005548	Antônio Ismael	\N	\N	actor	tt0286378,tt0446564,tt0335703,tt0425139
nm1005549	Michael Jamak	1967	\N	actor	tt0112239,tt0070981,tt0299410,tt0096640
nm1005550	Jim Jeffreys	\N	\N	producer	tt0073393
nm1005551	Gary Jenkins	\N	\N	actor	tt0262411
nm1005552	Trey Jenkins	\N	\N	camera_department,cinematographer,miscellaneous	tt3883872,tt2732086,tt2526076,tt2037285
nm1005554	Christopher Jumper	\N	\N	actor	tt0325876
nm1005555	Scott Keck	\N	\N	actor	tt0368980,tt0264208,tt0462536,tt0283587
nm1005556	Robby Kerr	\N	\N	actor	tt0281304
nm1005557	Mohamed Khairi	\N	\N	actor	tt12019190,tt14118018,tt6833114,tt14297094
nm1005558	Anton Kraft	\N	\N	actor	tt0138885
nm1005559	Rolf Kunz	\N	\N	actor	tt0099205,tt0131157,tt0145017
nm1005561	Shep Langdon	\N	\N	actor	tt0054385
nm1005562	Geoffrey Lantz	\N	\N	actor	tt0262411
nm1005563	Remy Le Boeuf	\N	\N	actor,composer	tt1587434,tt0264208,tt0363435,tt13493522
nm1005564	Brian J. Lee	\N	\N	actor	tt0099291
nm1005565	Arturo Leos	\N	\N	actor	tt0150522
nm1005566	Neil Levitt	\N	\N	actor	tt0047582
nm1005567	Luis Llamas	\N	\N	actor	tt0102830,tt0210717,tt0375260
nm1005569	James W. Maddin	1874	\N	actor	tt0014451
nm1005571	Philippe Mangione	\N	\N	actor	tt1382725,tt1703826,tt0177746,tt0267165
nm1005572	Robert Ray Manning Jr.	\N	\N	actor,producer,editor	tt0452046,tt0790628,tt1839578,tt0035423
nm1005573	Matt Markey	\N	\N	actor,writer,producer	tt1788434,tt0310243
nm1005574	Carles Martí	\N	\N	actor	tt1001495,tt0110871,tt0346045,tt0354306
nm1005575	Chuy Martínez	\N	\N	actor	tt0287292
nm1005576	Rob Maxey	1953	2010	actor	tt0087777,tt0257044,tt0088549
nm1005577	Jim McCance	\N	\N	actor	tt0280064,tt11197962,tt1386939,tt2261391
nm1005578	Carl McDonald	\N	\N	actor	tt0286152,tt15388610,tt1286141,tt0330251
nm1005579	John McGivern	\N	\N	actor	tt0247638,tt2355961,tt19872488,tt0316363
nm1005580	Franz Mehlers	\N	\N	actor	tt0143922
nm1005581	Ray Melton	\N	\N	actor	tt0054385
nm1005582	Jeff Mirza	\N	\N	actor	tt1985981,tt1893256,tt13056008,tt9032400
nm1005583	Daniel Mooney	\N	2014	actor	tt0275140,tt2046123,tt1485761,tt0271809
nm1005584	Darwin Moore	\N	\N	actor	tt0131534
nm1005586	Bartolomé Moreno	\N	\N	actor	tt0339862,tt0297174,tt0231040,tt1847905
nm1005587	Michaël Morris	\N	\N	actor	tt0254703,tt0302382,tt0395721,tt0172057
nm1005588	Ren Murakami	\N	\N	actor	tt0222851,tt1312975,tt0459804,tt1418206
nm1005590	Denis Murphy	\N	\N	actor	tt0039232
nm1005591	Paul Muys	\N	\N	actor	tt0222180
nm1005593	Mohamed Nabih	1930	2021	director,actor,writer	tt6449928,tt1175275,tt1807934,tt0290894
nm1005594	Luís A. Nascimento	\N	\N	actor	tt0286378
nm1005595	Marcel Nigge	\N	\N	actor	tt0285565,tt0285519
nm1005596	Alessandro Nissirio	\N	\N	actor	tt0222209
nm1005600	Enrique Olivares	\N	\N		tt0213650
nm1005601	Víctor Olivares	\N	\N		tt0213650
nm1005602	Alessandro Orazi	\N	\N	actor	tt0222209
nm1005603	Jeff Ordway	\N	\N	actor,talent_agent	tt0138885
nm1005604	Gordon Orr	\N	\N	actor	tt0159401
nm1005605	George Ortiz	\N	\N	actor	tt0177997,tt0451176
nm1005606	Brian Oshima	\N	\N	actor	tt0099291
nm1005607	Russ Parr	\N	\N	director,producer,writer	tt3810010,tt1998402,tt5500464,tt4065260
nm1005608	Lou Patrick	\N	\N	writer,actor	tt0186014,tt0075529
nm1005609	Neil Patrick	\N	\N	actor	tt0169102
nm1005610	Stijn Peeters	\N	\N	actor,sound_department	tt0254911,tt0222032,tt0340830,tt0320514
nm1005611	Redd Pepper	1961	\N	actor,miscellaneous,music_department	tt0280488,tt0292231,tt1935859,tt6476140
nm1005613	Richard Peschka	\N	\N	actor	tt0167644
nm1005615	Jim Philbin	\N	\N	actor	tt0215865
nm1005616	Rafael Polo	\N	\N	actor	tt1073096
nm1005617	Dale Power	\N	\N	actor	tt3163190,tt0117996
nm1005618	Stephen Prior	\N	\N	actor	tt0088831
nm1005619	Francisco Puente	\N	\N	actor	tt0282129
nm1005621	Harry Pusch	\N	\N	actor	tt0806901
nm1005622	Pablo Quevedo	\N	\N	actor,sound_department	tt0150522
nm1005623	Charley Ramm	\N	\N	actor	tt0274558,tt5923372
nm1005624	José Reche	\N	\N	actor	tt0117866,tt0210717
nm1005625	Paul Reitano	\N	\N	producer,editor,director	tt1459078,tt2074641,tt0324924,tt0309202
nm1005626	Bob Remington	\N	\N	actor	tt0032239,tt1155631,tt1171515,tt1382680
nm1005627	Rudy Reynolds	\N	\N	actor	tt0266629,tt0307448
nm1005628	August Riehl	1914	2002	actor	tt0427457,tt0045385,tt4059578,tt0287798
nm1005629	Tony Rodasta	\N	\N	actor	tt0278372
nm1005630	Michael Roselli	\N	\N	actor,stunts	tt0376994,tt0290334,tt13146488,tt0381707
nm1005632	Jorge Ryan	\N	\N	actor	tt2034692,tt0276176,tt0118611,tt0094127
nm1005633	Valentin Salmont	\N	\N	actor	tt0257513
nm1005634	Stephane Salom	\N	\N	actor	tt0210717
nm1005635	Carl Samuelson	1923	1995	actor	tt0041328
nm1005636	Marko Sandal	\N	\N	actor	tt0253083
nm1005637	Troy Savage	\N	\N	actor	tt0186014,tt1653007
nm1005638	Bryan Schany	\N	\N	actor,miscellaneous	tt5051150
nm1005640	Peter Schrenk	1943	\N	actor	tt0325734,tt0258760,tt0339702,tt0108979
nm1005641	James Sebastian	\N	\N	actor	tt1609153,tt0146403,tt0278044,tt1934358
nm1005642	Dusan Sedlák	\N	\N	actor	tt0167644,tt9077192,tt7058158,tt0378327
nm1005643	Pepe Serventi	1970	\N	editorial_department,editor,visual_effects	tt0242653,tt5559366,tt0277828,tt1427816
nm1005644	Harry Shaw	\N	\N		tt0287496
nm1005645	Jim Singer	\N	\N	actor	tt0264208,tt7000424,tt0203536,tt0368980
nm1005647	Pete Stacker	\N	\N	actor,miscellaneous	tt0280064,tt0494232,tt0309654,tt0357718
nm1005648	Ray Stancer	\N	\N	actor	tt0083197,tt1424979,tt0090232,tt3225212
nm1005649	Reggie Stanton	\N	\N	actor	tt0247638
nm1005650	Walter Steading	\N	\N	actor	tt0078873
nm1005653	Shaun Stone	\N	\N	actor	tt1758770,tt1698027,tt16549134,tt1323974
nm1005654	Wes Stone	\N	\N	actor	tt0054385
nm1005655	Karl Symons	\N	\N	director,writer	tt0293733,tt0821265,tt0285363,tt0273382
nm1005656	Paul Szabo	\N	\N	actor	tt0253083
nm1005657	Shiwon Taylor	\N	\N	actor	tt0083161
nm1005658	James Thomson	\N	\N		tt6518878,tt8657402,tt1782248,tt9760390
nm1005659	Al Tompson	\N	\N	actor	tt0284907
nm1005660	Steve Totland	\N	\N	actor,writer	tt0311850,tt0350028,tt0479899,tt0247638
nm1005661	Robert Tsonos	\N	\N	actor,miscellaneous	tt0465580,tt1132290,tt1961967,tt6510950
nm1005662	Walter Tucker	\N	\N	actor,composer	tt0287669,tt2150826
nm1005663	Lawrence Turner	\N	\N	talent_agent,actor,casting_department	tt0790636,tt1124037,tt4522400,tt2356777
nm1005664	Ray Tyler	\N	\N	actor	tt0188257
nm1005665	Miguel Ugalde	\N	\N	actor,miscellaneous	tt0150522
nm1005666	Joe Unitas	\N	\N	actor,writer,producer	tt2225610,tt0350028,tt0247638,tt0219965
nm1005667	Willie Vader	\N	\N	actor	tt0131534
nm1005669	Peter Vikin	\N	\N	actor	tt0241986
nm1005671	Darrell Walsh	\N	\N	actor	tt0083197
nm1005672	Miles Watanabe	\N	\N	camera_department,miscellaneous,actor	tt1638898,tt1937438,tt7462230,tt2257284
nm1005673	Frank Weiland	\N	\N	actor	tt0085086,tt0806901
nm1005675	Kenny Wells	\N	\N	actor	tt0307846
nm1005676	Charly Williams	\N	\N	actor	tt0113873,tt0111880,tt0117916
nm1005678	Michael S. Wolff	\N	\N	actor	tt0287798
nm1005679	Allan Wong	\N	\N	actor	tt0270841,tt11976138
nm1005680	Francis G. Wong	\N	\N	actor	tt0099291
nm1005681	Mike Worman	1945	\N	actor	tt0078349,tt0084881,tt0202239,tt10338782
nm1005682	Jan Woskowski	\N	\N	actor	tt0284990,tt1158894
nm1005683	Godfrey Yeo	\N	\N	actor	tt1018902,tt0270841
nm1005684	Russell Yoon	\N	\N	actor	tt0099291
nm1005685	Thomas Yoshida	\N	\N	actor	tt0099291
nm1005686	David Zaizar	1930	1982	soundtrack,actor,producer	tt0050662,tt0237579,tt0121281,tt0080570
nm1005687	César Zamora	1985	\N	actor,writer,make_up_department	tt1500782,tt0119014,tt0150522,tt4521406
nm1005688	Jeffrey Zubernis	1987	\N	actor	tt0167404,tt0203259,tt0938283
nm1005689	Amanda Acosta	1979	\N	actress	tt0121654,tt13071892,tt0300884,tt2366794
nm1005690	Francile Albright	\N	\N	producer,actress	tt2973132,tt2152717,tt2610870,tt0131534
nm1005691	Charlie Ann	\N	\N	actress	tt0177582,tt0290493,tt0177584
nm1005692	María Aura	1982	\N	actress,producer	tt0806940,tt0245574,tt6749558,tt1750695
nm1005693	Leila Azari	\N	\N	actress	tt0169863,tt0167644
nm1005694	Megan Baker	\N	\N	actress	tt0319987,tt0232500,tt7783852
nm1005695	Sylvia Bayner	\N	\N		tt0187408
nm1005696	Monica Bedi	1975	\N	actress	tt1431739,tt0396255,tt2764752,tt0343048
nm1005697	Laura Benedict	\N	\N	actress	tt0058653
nm1005698	Eva Bergert	\N	\N	actress	tt0892179,tt0892248,tt0806901
nm1005699	Denise Bohn	\N	\N	actress	tt0271809
nm1005701	Patricia Bonham	\N	\N		tt0075244
nm1005702	Sharon Brady	\N	\N	actress	tt0118545
nm1005704	Yvonne Bruner	\N	\N	actress	tt0262411
nm1005705	Marcia Brunne	\N	\N	actress	tt0083197
nm1005706	Jessica Burton	\N	\N	actress	tt0423652,tt0136682
nm1005708	Desirée Carolyn	\N	\N	actress	tt0150522
nm1005709	Flora Chong	\N	\N	actress,producer	tt0115285,tt1218513,tt0247638
nm1005710	Katja Clobes	\N	\N	actress	tt0285519,tt0285565
nm1005711	Amanda Cohen	1968	\N	actress	tt11644326,tt14044998,tt1433824,tt15653280
nm1005712	Caitlin Collins	\N	\N	actress	tt9597468,tt2925410,tt3725870,tt2261391
nm1005713	Melissa Conway	\N	\N	actress	tt0117996
nm1005714	Megan Cook	\N	\N	actress	tt1363091,tt0215244
nm1005716	Donna Cranmer	\N	\N		tt14128936,tt0282678
nm1005717	Sara Cruciani	\N	\N	actress	tt0222209
nm1005719	Julia Currie	\N	\N	actress	tt0159401
nm1005720	Patricia De Leon	1978	\N	actress,producer	tt7053188,tt10313066,tt5715524,tt11454722
nm1005721	Rochelle Dean	\N	\N	actress	tt0084755,tt0189458
nm1005722	Isabel Dos Santos	\N	\N	actress	tt0463850,tt5352908,tt0208495,tt0324554
nm1005723	Helen Downey	\N	\N	actress	tt0054385
nm1005724	Cheryl Dyer	\N	\N	actress	tt0091971
nm1005725	Margaret Edgar	\N	\N	actress,writer	tt3298136,tt0083197
nm1005726	Maya Eliava	\N	\N	actress	tt0281641
nm1005728	Cora Fisher	\N	\N	actress	tt0108081,tt0091971
nm1005729	Kelly Freeman	\N	\N	costume_designer,actress	tt0113699,tt0125133,tt0117996
nm1005730	Kate Garraway	1967	\N	soundtrack,actress,miscellaneous	tt11871052,tt2318134,tt0112004,tt6298780
nm1005731	Marie-Josée Genin	\N	\N		tt0208067
nm1005732	Betsy Goodrich	1968	\N	actress	tt0093396,tt1972661,tt1732617
nm1005733	Leona Gordon	\N	\N	soundtrack	tt0049408
nm1005734	Nancy Graham	\N	\N	actress	tt0039232,tt0180349,tt0051286,tt1646046
nm1005735	Jennifer Greenough	\N	\N	actress	tt0117996
nm1005736	Mónica Grey	1941	2012	actress	tt0186465,tt0272298,tt0186376,tt0183741
nm1005737	Michelle Figlarz	\N	\N	actress,stunts,writer	tt2938956,tt7456310,tt5434224,tt2872732
nm1005738	Alexandra Göller	\N	\N	actress	tt0285519,tt0285565
nm1005739	Rebecca Haden	\N	\N	actress,writer,producer	tt3560084,tt3501074,tt4406178,tt8478872
nm1005740	Régine Henry	\N	\N	actress	tt0202397
nm1005741	Marjorie Ho	\N	\N	actress	tt0199280,tt2372566,tt0270841,tt0198779
nm1005742	Marcelle Hudon	\N	\N	miscellaneous,actress	tt0282833,tt1603847,tt2917438
nm1005743	Cindy Hundt	1964	\N	actress,miscellaneous	tt0107263,tt0287659
nm1005744	Norma Isell	\N	\N	actress	tt1192302,tt0287293
nm1005745	Tricia Johnson	\N	\N	actress	tt0131534
nm1005746	Ali Johnston	\N	\N	actress,miscellaneous	tt0264208,tt0480370,tt2071507,tt0283587
nm1005747	Bea Kendrick	\N	\N	actress	tt0131534
nm1005748	Shelley King	1955	\N	actress	tt0184156,tt0115355,tt0442648,tt0345061
nm1005749	Mary Knoll	\N	\N	actress	tt1838494,tt0247638
nm1005750	Tea Kuusisto	\N	\N	actress	tt0141727,tt0141607,tt0082597
nm1005751	Marina Lapina	\N	\N	actress,miscellaneous	tt0287730,tt0164184,tt0940580,tt12987976
nm1005752	Nicole Lartigue	\N	\N	actress	tt0240913
nm1005753	Michelle Latimer	\N	\N	actress,director,producer	tt0318627,tt8891904,tt11187454,tt1680696
nm1005754	Sadie Lawrence	\N	\N	actress	tt0250720,tt0460681,tt0166425,tt0289879
nm1005757	Lori Lieberman	1951	\N	soundtrack,music_department,actress	tt0083412,tt0085409,tt0078766,tt0070157
nm1005758	Bianca Lopez	\N	\N	actress	tt0475784,tt3609352,tt2575988,tt7820906
nm1005759	Vanessa MaCrae	\N	\N	actress,miscellaneous	tt0191915,tt2326105,tt1108860,tt0096699
nm1005760	China Mai	\N	\N	actress	tt0135345,tt0137615,tt0161330,tt0161858
nm1005761	Tamara Mann	\N	\N	actress,producer	tt0138885
nm1005762	Catherine Marie	\N	\N	actress	tt0143644
nm1005763	Belinda Marshall	\N	\N	actress	tt0129723
nm1005764	Armi Mattila	\N	\N	actress	tt0141727
nm1005765	Jean McDonald	\N	\N	actress	tt0292741,tt0131534,tt0989125,tt1661070
nm1005766	Lucy McLellan	\N	\N	actress	tt0188518
nm1005767	Pauline Mesa	\N	\N	actress	tt0257513
nm1005768	Amanda Nugent	1973	\N	actress,producer,director	tt0331190,tt0875126,tt0404034,tt0999902
nm1005769	Sanja Milosavljevic	1955	\N	actress	tt0079682,tt0188877,tt14895146,tt0081955
nm1005770	Jill Montgomery	\N	\N	actress	tt0131534,tt0770739,tt0466745,tt0451187
nm1005771	Diana Moran	1939	\N	actress	tt1473834,tt0302177,tt0302176,tt0199190
nm1005772	Stacey Morgan	\N	\N	actress	tt0145782
nm1005773	Sara Munson	\N	\N	actress	tt0283088
nm1005774	Debbie Murray	\N	\N	actress	tt0159401,tt1997377
nm1005775	Meriah Nelson	1975	\N	actress	tt0893406,tt0221027,tt0904627,tt0177997
nm1005776	Laurie Norton	\N	\N	actress	tt0117996
nm1005777	Raquel Nunes	1977	\N	actress	tt0366046,tt0286378,tt1353137,tt1124062
nm1005778	Taryn O'Niell	\N	\N		\N
nm1005779	Betti O	\N	\N	actress	tt1189914,tt1412338,tt3460278,tt0204322
nm1005780	Yauoi Otani	\N	\N	actress	tt0222851,tt0364722
nm1005782	Julie Parker	\N	\N	actress	tt0368980,tt5370130,tt0283587
nm1005783	Lily Pavlovic	\N	\N	actress	tt0117996
nm1005784	Robin Payne	\N	\N	actress	tt0117996,tt8878716
nm1005785	Gwenda Perez	1970	\N	actress	tt0368933,tt0247638,tt0350028,tt0817230
nm1005786	Liz Pierce	\N	\N	actress,costume_department,make_up_department	tt0283088,tt1553152,tt1433118
nm1005787	Natalie Pinot	\N	\N	actress,miscellaneous	tt1161411,tt0302447,tt11206172,tt0198093
nm1005788	Carmen Plant	1968	\N		tt0309123,tt0075244
nm1005789	Maureen Plant	\N	\N		tt0075244
nm1005791	Mirjana Rakic	\N	\N	make_up_department,actress	tt7831702,tt0276738,tt3202350,tt13178594
nm1005793	Maureen Rees	1942	\N	actress	tt0233047,tt2104850,tt0187623,tt0188128
nm1005794	Eva Richter	\N	\N	actress	tt0117996
nm1005795	Tricia Riel	\N	\N	actress,casting_director	tt1374875,tt0283587
nm1005796	Madeleine Rip	\N	\N	actress	tt0200315,tt0193092
nm1005797	Jovana Ristic	\N	\N	actress	tt0201216
nm1005798	Sheila R. Rose	\N	\N	miscellaneous,actress,producer	tt2802136,tt1912398,tt3620846,tt2170299
nm1005799	Marina Roster	\N	\N	actress	tt0072373,tt0073689
nm1005800	Edith Scott	1926	\N	actress	tt0054385
nm1005801	Jesse Semler	\N	\N	actress	tt0283587
nm1005804	Rebecca Sohn	\N	\N	actress	tt6461726,tt15108252,tt0262411,tt6059726
nm1005805	Rene' St. Peter	\N	\N	actress	tt0095547
nm1005806	Catherine Stead	\N	\N		tt0287496
nm1005807	Liz Stimson	\N	\N	actress	tt0264208
nm1005808	Jana Stinson	\N	\N	actress	tt0083197
nm1005809	Shannon Swallow	\N	\N		tt0278191
nm1005810	Monica Tamayo	\N	\N	actress	tt0232500
nm1005812	Jean Tours	\N	\N	actress	tt0032239
nm1005813	Dixie Tucker	\N	\N	actress	tt0287669
nm1005814	Gina Vader	\N	\N	actress	tt0131534
nm1005815	Elena Valentino	\N	\N	actress	tt0197340,tt0083601,tt0086031
nm1005816	Sally Venue	\N	\N	actress	tt0091971
nm1005818	Kristen Way	\N	\N	actress	tt0131596
nm1005819	Leona Williams	\N	\N	soundtrack	tt0071035,tt4789576,tt0439408,tt0217824
nm1005820	Miriam Williams	\N	\N	actress	tt0186014,tt0818256
nm1005821	Arlene Wilson	\N	\N		\N
nm1005822	Claire Wong	\N	\N	actress	tt0270841,tt0330979,tt1353157
nm1005823	Linda Yablonski	\N	\N	actress	tt0091971
nm1005824	Michelle Yerger	\N	\N	actress	tt0247638
nm1005825	Isabel de Donato	\N	\N	actress	tt0138885
nm1005827	Pedro de Blas	\N	\N	art_department	tt0465856,tt0081817,tt0072373,tt0082409
nm1005828	Étienne Bédard	\N	\N	art_department	tt0149367,tt0203929,tt0145681,tt0119452
nm1005829	Jacqueline Canto	\N	\N	art_department,set_decorator	tt0283994,tt1922777,tt0480251,tt1442435
nm1005830	Merje Carroll	\N	\N	art_department	tt0271809
nm1005831	Carrie Evans	\N	\N	art_department	tt0283024,tt0303403
nm1005832	David Gabey	\N	\N	art_department	tt0172061
nm1005833	Phil Gallagher	\N	\N	art_department	tt0271809
nm1005834	Jacob Gavin	\N	\N	art_department	tt0287434
nm1005835	Sören Gerecke	\N	\N	art_department	tt0207198,tt0111959,tt0183114,tt0118320
nm1005837	Mark Hansen	\N	\N	art_department,art_director,set_decorator	tt2378507,tt0315733,tt9243946,tt1549920
nm1005838	Hans Härtling	\N	\N	art_department	tt0806901,tt0069640,tt0140746
nm1005839	Mal Jarvie	\N	\N	art_department	tt0172061
nm1005840	Tim Kerner	\N	\N	art_department	tt0428251,tt0116141
nm1005841	Tyler Marshall	\N	\N	art_department	tt0271809
nm1005842	Michel Messina	\N	\N	art_department	tt0287730
nm1005843	Steven Moran	\N	\N	art_department	tt0172061,tt0096572
nm1005845	Stephan Rieck	\N	\N	art_department	tt0806910,tt1259615,tt0286204,tt1234554
nm1005846	Bryn Schofield	\N	\N	art_department	tt0106907,tt0099636
nm1005847	Glenn Start	\N	\N	art_department	tt0280707,tt0371724,tt0293508,tt0314331
nm1005848	Regan Steele	\N	\N	art_department,miscellaneous,location_management	tt0160184,tt0289879,tt0431021,tt0351977
nm1005849	Chris Velan	\N	\N	music_department,composer,soundtrack	tt1326260,tt0495750,tt0287730,tt0795174
nm1005851	Peter Wegener	\N	\N	art_department	tt0083421,tt0335701,tt0806901,tt0121027
nm1005852	Michael Whicker	\N	\N	art_department	tt0271809
nm1005853	Jerry Witt	\N	\N	art_department	tt0095299,tt0096149,tt0096364
nm1005854	David Woodall	\N	\N	art_department	tt0116141
nm1005855	Liz Carney	\N	\N	art_director	tt0322259,tt0910936,tt0371746,tt0430105
nm1005856	Ryan Cochran	\N	\N	art_department,art_director,camera_department	tt0164114,tt2713180,tt4566574,tt4163020
nm1005857	David Endley	\N	\N	art_department,production_designer,art_director	tt0096708,tt1327200,tt0103586,tt0115770
nm1005859	Bryan Mangan	\N	\N	art_director,assistant_director,art_department	tt6221694,tt0286108,tt0821810,tt0389828
nm1005860	Anthony Aguilera	\N	\N	assistant_director	tt0271809
nm1005861	Jodie Allen	\N	\N	art_department,assistant_director,set_decorator	tt0326905,tt9783600,tt0267913,tt7547410
nm1005862	James Champion	1983	\N	editorial_department,assistant_director	tt0295066,tt0274988,tt0397822
nm1005864	Cyndy Johnson	\N	\N	assistant_director,producer,production_manager	tt0233559,tt0186547,tt0247718,tt0292429
nm1005865	Pedro Mallol	\N	\N	miscellaneous,assistant_director,camera_department	tt0169455,tt0228395,tt0476685
nm1005866	Takeshi Matsukawa	\N	\N	director,assistant_director	tt0222851,tt15724068
nm1005867	Mike Scarna	\N	\N	producer,director,assistant_director	tt1618417,tt0284336,tt0463027
nm1005868	Christopher Schaefer	\N	\N	assistant_director	tt0271809
nm1005869	Doug Silver	\N	\N	assistant_director,miscellaneous,camera_department	tt7690016,tt0415833,tt3846182,tt0284850
nm1005870	Silke Steiner	\N	\N	writer,director,assistant_director	tt1642618,tt0264917,tt0954636,tt9212538
nm1005871	Dawn Stewart	\N	\N	assistant_director,production_manager,miscellaneous	tt0151239,tt0209077,tt0309578,tt0773262
nm1005872	Julie Yerkes	\N	\N	assistant_director	tt0131596
nm1005873	Angela Caird	\N	\N	casting_director,casting_department	tt0086699,tt0101170,tt0162083,tt0098816
nm1005874	Elena Michel	\N	\N	casting_director	tt0206694
nm1005876	Ryan S. Jackson	\N	\N	camera_department,writer,cinematographer	tt6000478,tt0245891,tt0188925,tt0303758
nm1005877	Sidney Klein	\N	\N	cinematographer,camera_department	tt0197728,tt0087422
nm1005878	Sebastian León	\N	\N	camera_department,actor,cinematographer	tt0837783,tt0228395,tt0454310,tt0456767
nm1005879	Philippe Petter	\N	\N	cinematographer	tt15274262,tt0286541,tt0288764,tt0257048
nm1005880	Nguyen Huu Tuan	\N	\N	cinematographer	tt13334960,tt12044126,tt13356664,tt20101604
nm1005882	Mats Björklund	\N	\N	composer,music_department,soundtrack	tt0100356,tt0075474,tt4309236,tt0070981
nm1005883	Roberto Firpo	1884	1969	soundtrack,actor,composer	tt0194790,tt0480268,tt0188918,tt0024642
nm1005884	Daniel French	\N	\N	composer	tt0183410,tt0039814
nm1005885	Giuseppe Fusco	\N	\N	actor	tt4073724
nm1005886	Johnny Gill	1966	\N	actor,soundtrack,producer	tt5574940,tt0102526,tt0103859,tt9620288
nm1005887	Billy Hughes	\N	\N	actor	tt0077369,tt0073059
nm1005888	Daniel Janke	\N	\N	composer,sound_department,director	tt1545307,tt1547497,tt4651170,tt2145518
nm1005889	Sean Kilbride	\N	\N	soundtrack,actor,music_department	tt0088476,tt0106907,tt8822378
nm1005890	Giovanni Luisi	\N	\N	composer	tt11967052,tt0198601,tt0399626,tt0168533
nm1005891	David Ormont	\N	\N	soundtrack	tt0027611,tt0029489
nm1005892	David Rashed	\N	\N	soundtrack,actor,music_department	tt8822378,tt0106907,tt0088476
nm1005893	Helmut Sinz	\N	\N	composer	tt0254187,tt1176901,tt1119211
nm1005895	Connie Anderson	\N	\N	costume_department,costume_designer	tt0067314
nm1005896	Els Cuppens	\N	\N	costume_department,costume_designer	tt1850397,tt0213561,tt1837703,tt0374345
nm1005897	Richard E. Donnelly	\N	\N	costume_designer	tt0271809,tt2912776
nm1005898	Andrew Duckett	\N	\N	costume_designer,costume_department	tt0088512,tt0090477
nm1005899	Paula Dumont	\N	\N	costume_department,costume_designer	tt0107756,tt0217198
nm1005900	Nathalie Lermytte	\N	\N	costume_designer,costume_department,actress	tt0461542,tt1625150,tt0180817,tt2024555
nm1005901	Verity Lewis	\N	\N	costume_designer,costume_department	tt0324697,tt0131163,tt0810667,tt0081838
nm1005902	Cecilia Monti	\N	\N	costume_designer	tt0347449,tt1305806,tt8453986,tt0818123
nm1005904	Jim Mendiola	\N	\N	director,cinematographer,writer	tt0960270,tt0284007,tt0429112,tt0810640
nm1005905	Luigi Parisi	\N	\N	director,writer	tt0299263,tt5774280,tt1456937,tt0488861
nm1005906	Robin Pera	\N	\N	director,miscellaneous,assistant_director	tt1680307,tt0272960,tt0096597,tt0125620
nm1005909	Stephanie R.M. Smith	\N	\N	director,producer,writer	tt13610368,tt2016949,tt11483164,tt0217305
nm1005910	Richard Harstone	\N	\N	editorial_department,editor	tt0114327,tt0240705
nm1005911	Adrian Herrera	\N	\N	actress	tt3005242
nm1005912	Luke Martin	\N	\N	miscellaneous	tt0138919,tt0159193,tt0760157,tt1131742
nm1005913	Ron Neil	\N	\N	producer,editorial_department,editor	tt0199190,tt14754838,tt0411034,tt0815142
nm1005914	Samantha Staley	\N	\N	producer,editor,set_decorator	tt0823160,tt0376449,tt0261123,tt0138885
nm1005915	Bill Symon	\N	\N	editor,editorial_department	tt0056751,tt0069634,tt0074035,tt0072586
nm1005916	Victor Cao	\N	\N	make_up_department	tt0271809
nm1005917	Chelsey Fiske	\N	\N	make_up_department	tt11006642,tt10600398,tt4257940,tt10344410
nm1005919	Alejandra Cea	\N	\N	make_up_department	tt2125698,tt1266085,tt0335489,tt0228395
nm1005920	Rose Chacón	\N	\N	make_up_department	tt0150522
nm1005921	Karla Costa	\N	\N	make_up_department	tt0263241
nm1005923	Jessica Heeren	\N	\N	make_up_department	tt0160009,tt0368794,tt0376196,tt0385635
nm1005924	Stacy L. Hodgson	\N	\N	make_up_department	tt0218107,tt0416359,tt0275947,tt0323939
nm1005925	Lance Hooper	\N	\N	make_up_department	tt0285217,tt0284850,tt0259497
nm1005926	Laine Lu	\N	\N	make_up_department	tt0096542,tt0165196
nm1005927	Veno Mach	\N	\N	make_up_department	tt0182264
nm1005928	Jean-François Marleau	\N	\N	make_up_department	tt0299970,tt0118469,tt0120598,tt0379298
nm1005930	Yolanda Moss	\N	\N	make_up_department	tt0186014
nm1005931	Christine März	\N	\N	make_up_department	tt0107683,tt0096587,tt0112239
nm1005932	Lydia Nolan	\N	\N	make_up_department	tt0186014
nm1005933	Michelle McLennan	\N	\N	make_up_department	tt0172669,tt0397065,tt0419946,tt0255909
nm1005934	Horst Rudolph	\N	\N	make_up_department	tt0069640,tt0121027,tt0892179,tt0806901
nm1005935	Louis Saintly	1880	1961	make_up_department	tt0032642,tt0031398
nm1005936	Karin Schiller	\N	\N	make_up_department	tt0140746,tt0069640,tt0806901,tt0121027
nm1005937	Lucie Speidel	\N	\N	make_up_department	tt0281343,tt0806901,tt0115243,tt0228270
nm1005938	Geri Woods	\N	\N	miscellaneous,make_up_department	tt0193560,tt0295526,tt0191915,tt0201732
nm1005939	Robin Acutt	\N	\N	producer,camera_department,director	tt1370715,tt0274812,tt1080007,tt0303816
nm1005940	Karen Alvarez	\N	\N	producer,editorial_department,production_manager	tt0247638,tt0782156,tt0769547,tt0102940
nm1005941	Francisco Anaya	\N	\N	location_management	tt0263241
nm1005942	Kelly Atkins	\N	\N	writer,camera_department	tt0131596,tt0408028
nm1005943	Steve Banister	\N	\N	camera_department,cinematographer	tt0338188,tt0120877,tt3647498,tt2582782
nm1005944	Jason Banke	\N	\N	writer,camera_department,director	tt0131421,tt0131596,tt9235596,tt9235620
nm1005945	Bradley Barnes	\N	\N	camera_department,art_department	tt0765010,tt1517260,tt1272878,tt0479537
nm1005946	Sean Baxter	1971	\N	camera_department,actor,cinematographer	tt0286188,tt1375536,tt0131596,tt0949325
nm1005947	Jeff Bayer	\N	\N	camera_department	tt0116141
nm1005948	Gilbert Becera	\N	\N	miscellaneous	tt0098987,tt0106907
nm1005949	Eric Bentley	1916	2020	writer	tt0840967,tt0348926,tt0762803,tt4280486
nm1005950	David Bethel	\N	\N	miscellaneous	tt0409847,tt0479537,tt0831887,tt1506999
nm1005951	Rob Blake	\N	\N	camera_department	tt0131857,tt0113376,tt0112790
nm1005952	Stephen Bloch	\N	\N	miscellaneous,camera_department,writer	tt0479537,tt0419663,tt0424993,tt2100574
nm1005953	Annette Bohr	\N	\N	editorial_department,script_department	tt0353318,tt0096655,tt0130575
nm1005955	Michael W. Brennan	\N	\N	camera_department	tt0489099,tt0167404,tt0217869,tt0286106
nm1005957	Elizabeth Bruce	\N	\N	location_management,production_manager,miscellaneous	tt0090477,tt0081831,tt0080234,tt0101123
nm1005958	Martin Brych	\N	\N	camera_department	tt3717252,tt0454602,tt0399295,tt1014763
nm1005961	Kevin F. Burnett	\N	\N	editorial_department,miscellaneous	tt0153882,tt0138750
nm1005962	Pierre Burté	\N	\N	camera_department	tt0496385,tt1655398,tt0892518,tt0240521
nm1005964	Morris Byrnes	\N	\N	miscellaneous	tt0153882
nm1005965	Kira Callahan	\N	\N	actress,camera_department	tt2338291,tt0274440
nm1005966	Jacqueline Carlson	\N	\N	casting_department,miscellaneous	tt0110676,tt0281865,tt0247638,tt0219854
nm1005967	James A. Casey	\N	\N	camera_department	tt0167404,tt0217869
nm1005968	Martha Chisholm	\N	\N	miscellaneous	tt0108915,tt0100257,tt0115743
nm1005969	Alex Clarkson	\N	\N	editorial_department,miscellaneous	tt0103818,tt0108360,tt0099236,tt0106907
nm1005970	Christopher Cleator	1977	\N	sound_department,miscellaneous,editor	tt0270933,tt3276924,tt3521164,tt0247827
nm1005971	Rob Collins	\N	\N	miscellaneous	tt0234853,tt0108968
nm1005972	James Corrigall	\N	\N	miscellaneous,sound_department,director	tt0214354,tt0962826,tt2548200,tt0247827
nm1005973	Tom Corrigan	\N	\N	miscellaneous	tt0230011,tt2245084,tt0398286,tt0396555
nm1005975	Brandon M. Cox	\N	\N	camera_department,miscellaneous	tt2250912,tt1276104,tt0796366,tt0317919
nm1005976	Sherwin Das	\N	\N		\N
nm1005977	Terry Davies	\N	\N	music_department,soundtrack,composer	tt1655420,tt3312830,tt1772264,tt0140379
nm1005978	Joe Abraham Dean	\N	\N	camera_department,actor,visual_effects	tt0438488,tt1034032,tt0367882,tt2910814
nm1005979	Peter Dinich	\N	\N	miscellaneous	tt0167404
nm1005980	Geoff Dixon	\N	\N	camera_department	tt0337950,tt0354388,tt0268579
nm1005981	Patrick Dolron	\N	\N	miscellaneous	tt0350777,tt0368075,tt0368895,tt0384908
nm1005982	Tom Driskill	\N	\N	transportation_department	tt0247638,tt0443706,tt0328589
nm1005983	Suzanne Duffy	\N	\N	costume_department,costume_designer	tt0354179,tt0164718,tt0436608
nm1005984	Aidan Dunstan	1969	\N	location_management,miscellaneous,production_manager	tt1289411,tt6692776,tt0246628,tt1568895
nm1005986	Eric Espeset	\N	\N	camera_department	tt0234853,tt0110255,tt0277412,tt0337881
nm1005987	Ryan Eustis	1975	\N	camera_department,miscellaneous	tt0800369,tt1767354,tt0441796,tt0806203
nm1005988	David Fannon	\N	\N	producer,miscellaneous,executive	tt13382698,tt6722400,tt9820556,tt8114980
nm1005989	Laurent Ferrie	\N	\N	art_department,costume_department	tt0955308,tt0408236,tt6141246,tt0320661
nm1005990	Ed Firth	\N	\N	camera_department,miscellaneous	tt0283024,tt0303403,tt0330308,tt0284058
nm1005991	Scott Fishman	\N	\N	camera_department	tt0113099
nm1005992	Julie Flament	\N	\N	production_manager,producer,miscellaneous	tt6340604,tt1160012,tt5231916,tt0156749
nm1005993	Martin Forget	\N	\N	writer,miscellaneous	tt0863049,tt11736776,tt0420347,tt3951238
nm1005994	Steven Frederickx	\N	\N	camera_department,cinematographer,miscellaneous	tt2197849,tt0239020,tt0149546,tt0460724
nm1005995	Luke Geldard	\N	\N	camera_department	tt0172061
nm1005996	Cherie Gibson	\N	\N	miscellaneous	tt0191915
nm1005997	Charles Goodan	\N	\N	composer,sound_department,music_department	tt3000308,tt1014687,tt0137523,tt6961538
nm1005998	Elizabeth Granite	\N	\N	transportation_department,miscellaneous	tt0234853
nm1005999	Lou Grant	\N	\N	script_department,miscellaneous,art_department	tt0234215,tt0316396,tt0366174,tt0242653
nm1006000	Eric Grauer	\N	\N	camera_department	tt0377248,tt0267237,tt0181248,tt1591496
nm1006002	Sebastien Gros	\N	\N	cinematographer,camera_department	tt0316463,tt4650834,tt5527610,tt7334990
nm1006003	J. Antonio Guerra	\N	\N	editorial_department	tt0083532,tt0076885
nm1006005	Norman Hamilton	\N	\N	camera_department	tt0120574,tt0213257,tt0207333,tt0123376
nm1006006	Todd Hann	1974	\N	actor,camera_department	tt0482018,tt0118480,tt0374455,tt0250214
nm1006007	Andrew Heath	\N	\N	actor,editorial_department,transportation_department	tt0416231,tt0421320,tt3180492,tt0164718
nm1006009	Art Hodge	\N	\N	composer,soundtrack,music_department	tt0137523,tt0180052,tt0290057,tt0418008
nm1006010	Gill Howard	\N	\N	costume_department	tt0804484,tt9243804,tt0311730,tt0166175
nm1006011	Harry C. Howard	\N	\N	camera_department	tt0078841
nm1006012	Maria Hoyt	\N	\N	miscellaneous	tt0106907
nm1006013	Beverly Hughes	\N	\N	miscellaneous	tt0234853
nm1006014	James B. Hunter	\N	\N	miscellaneous	tt0106907
nm1006015	Dominic Hébert	\N	\N	miscellaneous	tt0287730
nm1006016	Per Högberg	\N	\N	music_department	tt0473576,tt3492436,tt0907683
nm1006017	Klaus Ihm	\N	\N	miscellaneous	tt0112239
nm1006018	Arianne Johansen	\N	\N	camera_department	tt0282833,tt1291581
nm1006019	Morrie Kagen	\N	\N	camera_department	tt0106907
nm1006020	Gary Kanner	\N	\N	camera_department	tt1107319,tt0265459,tt0137523,tt0309530
nm1006021	John Kasper	\N	\N	camera_department	tt0119957
nm1006022	Bradley Kellar	\N	\N	camera_department	tt0277412,tt0234853,tt0120877
nm1006023	Roger Kelly	\N	\N	location_management	tt0172061
nm1006024	Alicia Keys	1981	\N	soundtrack,actress,composer	tt0416212,tt1872181,tt0475394,tt0489237
nm1006025	Michelle Klauke	\N	\N	transportation_department	tt0274440
nm1006026	Peter Klauke	\N	\N	transportation_department	tt0274440
nm1006027	Ernie Kolak	\N	\N	miscellaneous	tt0234853
nm1006028	Mark Kueper	\N	\N	editorial_department,visual_effects,director	tt8110640,tt3387520,tt0848557,tt1303828
nm1006029	John Kuramoto	\N	\N	visual_effects,animation_department,miscellaneous	tt0258273,tt0305206,tt0387514,tt0234853
nm1006030	Stuart Lake	\N	\N	location_management	tt0247638
nm1006031	A.J. Lambert	1974	\N	music_department,soundtrack,director	tt0165832,tt0108525,tt0396857,tt0186975
nm1006032	April Lanci	\N	\N	camera_department,visual_effects	tt0938283,tt0329216,tt1197624,tt0380510
nm1006033	David Langtry	\N	\N	visual_effects,camera_department,miscellaneous	tt1155076,tt0425061,tt0293564,tt0446013
nm1006034	Annie Laperle	\N	\N	camera_department,miscellaneous	tt0277575,tt0203929,tt0112446,tt0213231
nm1006035	David Lapp	\N	\N	miscellaneous	tt0796375,tt0401815,tt0295526,tt0309122
nm1006036	Chris Leach	\N	\N	camera_department	tt0281726,tt0269281,tt0327807,tt0274440
nm1006037	Francine Lebrun	\N	\N	miscellaneous,actress	tt1424797,tt1600524,tt2504640,tt6565702
nm1006038	Catherine Levy	\N	\N	miscellaneous	tt0280343
nm1006039	Dianna Lowe	\N	\N	miscellaneous	tt0119957,tt0106126
nm1006042	Angus Macrae	\N	\N	camera_department	tt0164718,tt1366312,tt0118363,tt0457279
nm1006043	Judy Man	\N	\N		\N
nm1006044	Wayne Mansell	\N	\N	camera_department	tt1343097,tt4547056,tt0289043,tt1078188
nm1006045	Mickey Mantle Jr.	1953	2000	actor,miscellaneous	tt0250934
nm1006046	Randy J. Maris	\N	\N	miscellaneous	tt0250934,tt0490532,tt0267867
nm1006047	Noah Markus	\N	\N	miscellaneous	tt0234853
nm1006048	Ivan Marquez	\N	\N	costume_department,costume_designer	tt0460690,tt0334541,tt7504726,tt4052886
nm1006049	Trisha Mason	\N	\N	script_department,miscellaneous	tt0293664,tt0165710,tt0487156,tt0123816
nm1006050	Elena Masseroni	\N	\N	costume_department	tt0222209
nm1006051	Jerry McMillian	\N	\N	casting_department	tt0287669
nm1006052	Jason Mehler	\N	\N	miscellaneous	tt0235137
nm1006053	Carolina Mera	\N	\N	location_management	tt0207565
nm1006054	Georges Meran	\N	\N	camera_department	tt0173906
nm1006055	Dave Meyer	\N	\N	camera_department	tt0235137
nm1006056	John Mitchell	\N	\N	director,writer,editor	tt0818263,tt0278823,tt2245195,tt0445977
nm1006057	Robert Molitor	\N	\N	transportation_department	tt1263670,tt0099348,tt0831887,tt1037705
nm1006058	Martin Monette	\N	\N	miscellaneous,camera_department,production_manager	tt0837563,tt0190138,tt0323944,tt0300556
nm1006059	Mike Montgomery	\N	\N	camera_department,art_department	tt1833116,tt0944835,tt0480249,tt2053463
nm1006060	Alex Moore	\N	\N	miscellaneous	tt0234853,tt5796728
nm1006061	Raymond Morgan	\N	\N	miscellaneous,cinematographer	tt0114753,tt0167404,tt0217869,tt9342392
nm1006062	François Morin	\N	\N	camera_department	tt0287730
nm1006063	Tristan Morin	\N	\N	camera_department	tt0395534,tt0478719,tt0892518,tt19818714
nm1006064	Missy Moyer	\N	\N	production_manager,actress,location_management	tt0167404,tt0361127,tt0462298,tt0217869
nm1006065	Barbara Muehleib	\N	\N	miscellaneous,casting_department	tt0216982,tt0361127,tt0167404,tt0260924
nm1006066	Akua Murphy	1980	\N	producer,miscellaneous,editor	tt1837576,tt0283026,tt4396862,tt3205802
nm1006067	M. Murray	\N	\N	producer,miscellaneous	tt0178877,tt0124667,tt0189608
nm1006068	Antje Müller	\N	\N	camera_department,sound_department	tt0191644,tt0247001
nm1006069	Lee Nakagawa	\N	\N	camera_department	tt1263670,tt1092026,tt0315733,tt2557490
nm1006070	Ted Neely	\N	\N	camera_department	tt0124667
nm1006071	Ann Nicol	\N	\N	miscellaneous,production_manager	tt0338216,tt0408790,tt0284850,tt0469641
nm1006072	Jirí Novak	\N	\N	camera_department,actor	tt1706620,tt0363771,tt0248297,tt1014763
nm1006073	Sue O'Grady	\N	\N	miscellaneous	tt0413099,tt0247638
nm1006074	Bobby O'Neil	\N	\N	transportation_department,miscellaneous	tt0261587,tt0260866,tt0758766,tt0159206
nm1006075	Matthew Olsen	\N	\N		tt0072506,tt3415734,tt1326223,tt0133302
nm1006076	Dick Olson	\N	\N	miscellaneous	tt0234853
nm1006077	José L. Olvera	\N	\N	editorial_department	tt0263241
nm1006078	Michael Opheim	\N	\N	camera_department	tt0283024,tt0303403
nm1006079	Christine Otto	\N	\N	editorial_department	tt0116751,tt0111511,tt0806910,tt1230464
nm1006080	Francisco Padilla	\N	\N	miscellaneous	tt0287293
nm1006081	Eduardo Paez	\N	\N	transportation_department	tt0287293,tt0221344
nm1006082	George Papasyriopoulos	\N	\N	camera_department	tt0119957
nm1006083	David Parish	\N	\N	camera_department,actor	tt0178165,tt0068069,tt0083339,tt0096542
nm1006084	Robert L. Park	\N	\N	miscellaneous	tt0106907
nm1006085	Tamara Pearl	\N	\N	producer,miscellaneous	tt0109516,tt0281304
nm1006086	Toni Pearson	\N	\N	miscellaneous	tt2126355,tt0443473,tt3758172,tt1809398
nm1006087	Paula Pimpao	\N	\N	miscellaneous	tt0274440
nm1006088	Denis Poirier	\N	\N	transportation_department	tt0287730,tt0282552
nm1006089	Irene Porteu	\N	\N	script_department	tt0274440
nm1006090	Jonathon Prandi	1972	\N	actor,stunts	tt0148415,tt0271119
nm1006091	Mark Reaser	\N	\N	editorial_department,miscellaneous	tt0800369,tt1564585,tt0409459,tt1517489
nm1006094	Charles Register	\N	\N	camera_department,music_department,production_designer	tt0119957,tt0104691,tt0311040,tt0113732
nm1006095	Joel Rice	\N	\N	editor,editorial_department,visual_effects	tt0452046,tt4428122,tt0835434,tt12005128
nm1006096	Matt Riley	\N	\N	art_department	tt0303403
nm1006098	Tere Romero	\N	\N	miscellaneous	tt0263241
nm1006099	Lisa Rosenson	\N	\N	miscellaneous	tt0116141
nm1006100	Patricia Ruelle	\N	\N	art_department,art_director,production_designer	tt0342258,tt0411272,tt1259014,tt2368619
nm1006101	Jacquie Salem	\N	\N	miscellaneous	tt0114433,tt0119957
nm1006102	Benjamin Sales	\N	\N	production_manager,miscellaneous,camera_department	tt2277932,tt2120750,tt0157262,tt0190138
nm1006103	Scott Sapire	\N	\N	miscellaneous,producer	tt0358273,tt0177215,tt0332712,tt0119313
nm1006104	Sean Schaeffer	\N	\N	miscellaneous	tt0218967,tt0153882,tt0202641,tt0179626
nm1006105	Austin Sellyn	\N	\N	miscellaneous,editorial_department	tt0164718,tt2801830,tt1480326,tt0492856
nm1006106	John Sherrington	\N	\N	art_department,special_effects,production_designer	tt1268970,tt1465522,tt0920504,tt0368836
nm1006107	Anne Sigward	\N	\N	miscellaneous	tt0146740
nm1006108	Jason Sissons	\N	\N	camera_department,actor	tt0448124,tt0428174,tt2691734,tt1352824
nm1006109	Mike Sloan	\N	\N	miscellaneous	tt0191915,tt1492170
nm1006110	Karel Soucek	\N	\N	camera_department	tt5324004,tt0454602,tt2733252,tt0167644
nm1006111	Marc Spiegel	\N	\N	actor,writer	tt2289884
nm1006112	George Splanding	\N	\N	camera_department	\N
nm1006113	Jim Sprattle	\N	\N	miscellaneous	tt0124667
nm1006114	Gerard Staub	\N	\N	costume_department,production_manager,transportation_department	tt0104779,tt0099762,tt0098575,tt0085370
nm1006115	George G. Steere	\N	\N		tt0106907
nm1006116	John Stets	\N	\N	camera_department	tt0098616
nm1006117	Wade Stevenson	\N	\N	camera_department,assistant_director	tt0172061,tt0302453
nm1006118	Christina Student	\N	\N	camera_department,miscellaneous	tt0308019,tt0153882
nm1006120	Lia Summers	\N	\N	miscellaneous	tt0119957
nm1006121	Frank Tapia	\N	\N	camera_department	tt0324127,tt0120877,tt0406759,tt0432289
nm1006122	John Tarlini Sr.	\N	\N	transportation_department	tt0286106,tt0368447,tt0167404,tt0217869
nm1006123	Sofie Tremblay	\N	\N	miscellaneous	tt0287730,tt0313300
nm1006124	Ronald Valle	\N	\N	miscellaneous	tt0235137
nm1006125	Aleksandra Valozic	1955	2008	costume_department,costume_designer,miscellaneous	tt0189998,tt0379889,tt0118843,tt0335119
nm1006126	David Van Woert	1969	\N	visual_effects,art_department,assistant_director	tt0365929,tt0472399,tt0464154,tt1133985
nm1006127	Rafael Viguer	\N	\N	camera_department,cinematographer,director	tt1764162,tt1764426,tt0283585,tt0097318
nm1006128	Barbara Villa	\N	\N	miscellaneous,actress	tt0143166,tt5114332,tt0148103,tt0383782
nm1006129	Joyce Wainwright	\N	\N	casting_department	tt0149624,tt0234853,tt0120699
nm1006130	Robert A. Walters	\N	\N	miscellaneous	tt0106907
nm1006131	Virginia Warner	\N	\N	miscellaneous	tt0093898,tt0119957
nm1006132	Karen Webster	\N	\N	miscellaneous	tt0186014
nm1006133	Jessica Weller	\N	\N	miscellaneous	tt0287730
nm1006134	Jerome Wheeler	1972	\N	transportation_department,miscellaneous	tt1877832,tt0452608,tt0475944,tt0366627
nm1006135	Danny Wilding	\N	\N	miscellaneous,executive	tt0234853,tt0795505,tt0108758,tt0445935
nm1006136	Paul Womack	\N	\N	camera_department	tt7028338,tt3567288,tt1464540,tt0141842
nm1006137	Colleen Yoho	\N	\N	art_department	tt0247638
nm1006138	Wendy L. York	\N	\N	script_department,miscellaneous,editor	tt0330175,tt3749900,tt1932718,tt1720616
nm1006139	Jeremy Zimmer	1958	\N	talent_agent	tt5795282,tt0297595
nm1006140	Alessandro Altieri	\N	\N	production_manager,producer,miscellaneous	tt0198473,tt0152367,tt0093276,tt0075085
nm1006141	Jürgen Bode	\N	\N	production_manager,camera_department	tt0140746,tt0495569,tt0806901,tt0069640
nm1006142	Margaret Clifford	\N	\N	producer,production_manager,miscellaneous	tt9037708,tt0271809
nm1006143	Roberto De Maio	\N	\N	production_manager,miscellaneous	tt0478187,tt0116068,tt0079037,tt0082450
nm1006144	Emmy Ellison	\N	\N	art_department,miscellaneous,producer	tt2994190,tt0360130,tt0462200,tt0358273
nm1006145	Christian Held	\N	\N	production_manager,location_management,producer	tt8187178,tt7125774,tt14125262,tt2987732
nm1006146	Jean-Pierre Lautié	\N	\N	production_manager	tt0177746
nm1006147	Matías Miller	\N	\N	production_manager,producer,production_designer	tt0462570,tt5446494,tt3779140,tt5271772
nm1006148	Álvaro Núñez	\N	\N	production_manager,miscellaneous	tt0038641,tt0035718
nm1006149	Tiny Romero	\N	\N	production_manager,assistant_director	tt0374480,tt0467114,tt0093937,tt0479546
nm1006150	Stefan Rupp	\N	\N	production_manager	tt0806910,tt0081860,tt0112239,tt0096587
nm1006151	Thomas Serre	\N	\N	camera_department,art_department,actor	tt0177746,tt14317880,tt5776858,tt0422720
nm1006152	Line Spanning	\N	\N	miscellaneous,production_manager,producer	tt0418455,tt1514717,tt0236027,tt0168629
nm1006153	Rick Alexander	\N	\N	producer,writer	tt1695842,tt7440488,tt7134920,tt1528858
nm1006154	Charles Auty	\N	\N	miscellaneous,producer,production_manager	tt7638348,tt5001754,tt4126476,tt1833116
nm1006155	Thomas Buresch	\N	\N	producer,actor	tt1492949,tt1988776,tt2554700,tt1651321
nm1006156	Colleen Champ	\N	\N	miscellaneous,producer,production_manager	tt0268358,tt0117988,tt2058107
nm1006158	Mark M. Dodson	\N	\N	producer,writer	tt0315064,tt0115320,tt0411011
nm1006159	Sofie Engelen	\N	\N	producer,production_manager,location_management	tt1815013,tt8370354,tt8161226,tt2256612
nm1006160	Sven Erikson	\N	\N	producer,miscellaneous	tt0389711,tt14756390,tt0259655
nm1006161	Jack Ernandes	\N	\N	producer	tt0272730
nm1006162	Stefan Gärtner	1964	\N	producer,miscellaneous,writer	tt3042408,tt1643222,tt3352390,tt0420206
nm1006163	Howard Hein	\N	\N	producer	tt0284907
nm1006164	Jens Hollander	1976	\N	writer,miscellaneous	tt0368464,tt3308646,tt2381263
nm1006166	Matt MacLeod	\N	\N	producer,writer	tt1551632,tt1943524,tt2393813,tt0138959
nm1006167	Trevor Macy	\N	\N	producer,writer,executive	tt6763664,tt2388715,tt0482606,tt5606664
nm1006168	Donald Mccoy	\N	\N	producer	tt0100342
nm1006169	Mason Mitchell	1859	1930	producer	tt0230026,tt0289416,tt0288510,tt0288454
nm1006170	Andrew Nobbs	\N	\N	art_department,producer	tt0224637,tt0356070
nm1006171	Nathan Plewes	\N	\N	producer,miscellaneous	tt15339210,tt15339378,tt0356070,tt15333512
nm1006173	Rafael Riss	\N	\N	producer,actor	tt0254187,tt0288632,tt0288435,tt0384285
nm1006174	Rima Schmidt	\N	\N	producer,miscellaneous	tt0289043,tt0276194,tt0349682,tt0271717
nm1006175	Laura Sivis	\N	\N	miscellaneous,production_manager,producer	tt0974011,tt0199753,tt0120755,tt0121765
nm1006176	Jacqueline Tillmann	\N	\N	producer,writer	tt0481808,tt0118320,tt0287825,tt0379059
nm1006177	Frans Vreeke	\N	\N	producer	tt0107729
nm1006178	Anthony P. Watts	\N	\N	producer	tt0170008
nm1006179	Steve Whitney	\N	\N	producer,director	tt1935897,tt1196956,tt0492044,tt0384806
nm1006180	Jean F. de Smedt	\N	\N	producer	tt2378273,tt0107729
nm1006182	Julia Bader	\N	\N	production_designer	tt0271212
nm1006183	Johanna Belson	\N	\N	art_department,production_designer	tt0131596,tt4178092,tt6111130,tt9620288
nm1006184	Mauro Giordano	\N	\N	art_director,production_designer	tt0222209,tt1127606
nm1006185	Werner Köllner	\N	\N	production_designer,art_department	tt0125640,tt0125644
nm1006186	Marcel Mary	\N	\N	production_designer,set_decorator,art_director	tt0194927,tt0192976,tt0052337,tt0191052
nm1006187	Leland Miller	1976	\N	editorial_department,camera_department,miscellaneous	tt13206602,tt0214341,tt3421056,tt0270933
nm1006188	Lawrence Van Went	\N	\N	art_department,special_effects,production_designer	tt0358135,tt0337721,tt0796375,tt0207631
nm1006190	Genevieve Leyh	\N	\N	art_department,production_designer,set_decorator	tt7456310,tt1692486,tt0285742,tt6396074
nm1006191	William E. McLane	\N	\N	art_department	tt0038757
nm1006192	Fernando Rodriguez	\N	\N	set_decorator	tt0283275
nm1006193	Anja Wessel	\N	\N	production_designer,art_department,art_director	tt0342272,tt0432972,tt0850644,tt4088268
nm1006194	Mitchel Adams	\N	\N	sound_department	tt0287669
nm1006195	Raúl Amargo Pérez	\N	\N	sound_department	tt0797006,tt0759536,tt0146740,tt0106424
nm1006196	Christopher Atkinson	\N	\N	sound_department,editorial_department	tt0462504,tt1473832,tt1375666,tt0783233
nm1006197	Dieter Bauer	\N	\N	sound_department	tt0121027,tt1572948,tt0806901,tt7357178
nm1006198	Stephan Blobsum	\N	\N	sound_department	tt0186014
nm1006199	Mylène Chalifoux	\N	\N	sound_department	tt0287730
nm1006200	Qiu Chun	\N	\N	sound_department	tt0113028,tt0106907
nm1006202	Jan Deny	\N	\N	sound_department	tt0221169,tt0220454,tt0138919,tt0457226
nm1006203	Pat Doyle	\N	\N	sound_department	tt0087019,tt0492486,tt0264333,tt0907657
nm1006204	Steffen Dreyer	\N	\N	editor,sound_department	tt0284746,tt9636952,tt0399977,tt0271212
nm1006205	Russell Dyck	\N	\N	sound_department	tt0167367,tt0191915
nm1006206	Tom Ehrhardt	\N	\N	producer,production_manager,transportation_department	tt3321300,tt2278388,tt2529256,tt0361748
nm1006207	Marco Fania	\N	\N	sound_department,transportation_department,director	tt0118564,tt0127349,tt15095120,tt0213231
nm1006208	Stephan Friedrich	\N	\N	composer,music_department,sound_department	tt1462050,tt0271212,tt0360842
nm1006209	Clive Gifford	\N	\N	sound_department	tt0056751,tt0076987,tt0071001,tt0074035
nm1006210	Irakli Gigauri	\N	\N	sound_department	tt0232195
nm1006211	Alexandre Gravel	\N	\N	sound_department,writer	tt0338858,tt1339081,tt0401907,tt2725430
nm1006212	Carrie Giunta	1971	\N	sound_department,composer,editorial_department	tt0810823,tt0117233,tt0131596,tt0119220
nm1006213	Bert Haentjens	\N	\N	sound_department,miscellaneous	tt0238419,tt0197739,tt1178714,tt0129114
nm1006214	Troy Harper	\N	\N	sound_department	tt0287669,tt0416793
nm1006215	Miguel Hormazábal	\N	\N	sound_department,miscellaneous	tt4698584,tt6902696,tt12536294,tt4375438
nm1006217	Karl-Otto Kerner	\N	\N	sound_department	tt0069640,tt1122822,tt1894415,tt0806901
nm1006218	Peter Klinkenberg	\N	\N	sound_department	tt0824758,tt0177882,tt1313113,tt1230113
nm1006219	Don Knupp	\N	\N	sound_department	tt0093276
nm1006220	William Korbecki	\N	\N	sound_department	tt0186014
nm1006221	Olaf Koza	\N	\N	sound_department	tt0495641,tt0806901,tt1753686,tt0989788
nm1006222	William H. Lane	\N	\N	sound_department	tt0283140,tt0226681,tt0371144,tt0369530
nm1006223	Werner Laube	\N	\N	sound_department	tt0806901,tt0381874,tt1572948,tt0121027
nm1006224	Philippe Lavigne	\N	\N	sound_department	tt0450314,tt3053378,tt0245238,tt0319262
nm1006225	Frédéric Le Grand	\N	\N	sound_department	tt0459272,tt0146740
nm1006226	Stéphane Maheux	\N	\N	editorial_department,sound_department	tt10936342,tt0287730
nm1006227	Irvin Marvin	\N	\N	sound_department	tt0093276
nm1006228	Anthony McLetchie	\N	\N	sound_department	tt0282771
nm1006229	Sean McMillan	\N	\N	sound_department	tt0172061
nm1006230	Maya Otiashvili	\N	\N	music_department	tt0286888
nm1006231	Ercole Pace	1906	1983	sound_department	tt0044184,tt0043675,tt0045141,tt0046352
nm1006232	Ricardo Pichardo	\N	\N	sound_department	tt0207565
nm1006233	Zak Piper	1978	\N	sound_department,producer,miscellaneous	tt11469904,tt2382298,tt1319744,tt0133302
nm1006234	Elaine Porcher	\N	\N	sound_department	tt0131596
nm1006235	C.J. Quick	\N	\N	sound_department	tt0369530,tt0226681,tt0371144,tt6530946
nm1006236	Barbara Ramelow	\N	\N	sound_department	tt0122056,tt0268773,tt0347293,tt0806910
nm1006237	Joseph Rennie	\N	\N	sound_department	tt0093276
nm1006238	Pepi Rieck	\N	\N	camera_department,sound_department	tt0264917,tt5976166,tt0898323,tt0400237
nm1006239	Paul Räbiger	\N	\N	sound_department	tt0108985,tt0125640
nm1006240	Debora Seaman	\N	\N	sound_department	tt0212985,tt0125022,tt0268695,tt0129290
nm1006243	Rich Stobaugh	\N	\N	sound_department,music_department	tt1312222,tt0093617,tt0113843,tt0286108
nm1006244	George Su	\N	\N	camera_department,cinematographer,editor	tt0438332,tt1314008,tt0464135,tt0436677
nm1006245	Aaron Symonds	\N	\N	composer,music_department,sound_department	tt5788866,tt1014775,tt0472181,tt1690953
nm1006246	Nikos Bougioukos	\N	\N	sound_department,music_department	tt1173959,tt0238112,tt10710246,tt11935566
nm1006247	Tucker Williams	\N	\N	sound_department	tt0131596
nm1006248	John Wojewoda	\N	\N	sound_department	tt0267237,tt0293799,tt0337640,tt0310916
nm1006249	Frank Hills	\N	\N	special_effects	tt0037374
nm1006250	Jody Waters	\N	\N	special_effects,miscellaneous,actor	tt0397065,tt0429591,tt0316396,tt0240278
nm1006251	Alain Bérard	\N	\N	stunts,actor	tt0452608,tt1877832,tt1538403,tt6565702
nm1006252	Martin Morel	\N	\N	actor,stunts	tt0450314,tt1327808,tt1625015,tt4464394
nm1006253	Jace Tourner	\N	\N	stunts	tt0207565
nm1006254	Luisa Vásquez	\N	\N	stunts	tt0207565
nm1006255	Cheryl Alu	\N	\N	writer,miscellaneous,producer	tt0090501,tt0106009,tt0118268,tt0167567
nm1006256	Jennifer Barrow	\N	\N	miscellaneous,writer,script_department	tt0118375,tt0995715,tt0123816,tt20859028
nm1006257	Guy Bernaert	1940	2017	writer,actor,miscellaneous	tt0126764,tt0149412,tt0231869,tt0149534
nm1006258	Jean Buchanan	\N	\N	writer	tt0421091,tt1687457,tt0136682,tt0214383
nm1006259	Jerry Decker	1974	\N	producer,writer,editor	tt1887887,tt6317542,tt12759334,tt0307283
nm1006260	James Dutcher	\N	\N	script_department,writer,miscellaneous	tt0485673,tt0147757,tt0314422,tt0827170
nm1006262	Michael Gärtner	\N	\N	director,writer,miscellaneous	tt0108979,tt1529576,tt15018252,tt1314703
nm1006263	Jonathan Gash	1933	\N	writer	tt0090477
nm1006264	Arthur Golden	1956	\N	writer	tt19268936,tt0397535,tt0756691,tt15806996
nm1006265	Robert Harlow	\N	\N	writer	tt0287136
nm1006266	Bruce Haush	\N	\N	writer	tt0143325
nm1006268	Melissa M. Park	\N	\N	writer	tt0123816
nm1006269	Jörn Precht	\N	\N	writer,actor,director	tt1614423,tt1614427,tt1614426,tt1605723
nm1006270	Claudia Pütz	1958	\N	writer	tt0118259,tt0316968,tt1310629,tt2265544
nm1006271	Linda Reid	\N	\N	writer,actress,miscellaneous	tt22003592,tt0233698,tt1588374,tt1464580
nm1006272	Thomas Rourke	\N	\N	writer	tt0023593
nm1006273	Michele Serra	1954	\N	writer,producer,miscellaneous	tt0311592,tt1591173,tt0297813,tt6809496
nm1006274	Steven R. Thé	\N	\N	writer,script_department	tt0477217,tt0920448,tt4025456,tt0111887
nm1006275	John Biggins	\N	\N	cinematographer,camera_department,director	tt1794805,tt1436373,tt0816436,tt1438534
nm1006276	Jimmy Gardner	1957	2010	writer	tt0884768,tt0115390,tt0180347,tt0356239
nm1006279	Lakshmi Narayanan	\N	\N	sound_department	tt0382383,tt0202055,tt0225566,tt0242256
nm1006284	Eric Christensen	\N	\N	camera_department	tt0300416
nm1006290	Rachel	\N	\N	actress	tt0319764
nm1006295	Robin Levinson	\N	\N	director,writer,producer	tt1163196
nm1006297	Joe Armstrong	1978	\N	actor	tt0408375,tt2394340,tt4555426,tt0787985
nm1006298	Jeff Bauer	\N	\N	actor	tt0109087
nm1006302	Barry Cole	\N	\N	actor	tt0061595
nm1006305	Neil Gemmell	\N	\N	actor	tt0045239
nm1006307	Lyn Harvey	\N	\N	actress	tt0212673,tt0083201
nm1006309	Paul Kim	\N	\N	sound_department	tt0383477,tt0322936,tt0299863,tt0306110
nm1006310	David Maher	\N	\N	actor	tt0079053,tt0354033
nm1006311	James Martin	1972	\N		tt1356327,tt0441051,tt6337938,tt3615474
nm1006312	Michael McGee	\N	\N	actor,miscellaneous	tt0288520,tt0438002
nm1006313	John Murphy	\N	\N	actor,writer,director	tt5957766,tt7569592,tt7768092,tt2193021
nm1006314	Mark Oliver	\N	\N	art_department,miscellaneous	tt0102011,tt0099329
nm1006315	Ed Ramos	\N	\N	actor	tt0083696,tt0401816,tt2093983,tt0081652
nm1006317	David Rey	1974	\N	producer,actor	tt5505330,tt8901952,tt3209238,tt2455560
nm1006319	Howard Rosenberg	\N	\N	actor	tt0093630
nm1006320	Alan Siegel	\N	\N	actor	tt0201694,tt0236907
nm1006323	Lee Turner	\N	\N	writer,actor,producer	tt12324118,tt15685462,tt0435679,tt13097972
nm1006324	Phil Young	1973	2019	actor,producer,camera_department	tt8318702,tt0056758,tt1647669,tt1998401
nm1006327	Karen Mann	\N	\N	actress	tt0053848
nm1006329	Barbara Nelson	\N	\N		tt0044230
nm1006330	Shirley Snyder	\N	\N	actress	tt0156529
nm1006331	Paige Williams	\N	\N	actress,script_department	tt0109087
nm1006332	Rebecca Baxter	\N	\N	art_department	tt0095690
nm1006333	Alexander Carr	\N	\N	art_department	tt0114918
nm1006334	Gary Chapman	\N	\N	art_department	tt0158369
nm1006335	Kevin Davies	\N	\N	art_department	tt7010408,tt0114918
nm1006336	Chris Gordon	\N	\N	art_department,art_director	tt0898496,tt1003257,tt0120890
nm1006337	Barbara Josek	\N	\N	art_department	tt0093201
nm1006338	Jean Simard	\N	\N	art_department,transportation_department,assistant_director	tt0300556,tt0120613,tt0128239,tt0304328
nm1006341	Shaun Young	\N	\N	sound_department	tt0312894
nm1006342	Chris Little	\N	\N	art_director	tt0265033,tt0287956
nm1006343	Frank Rosen	\N	\N	art_department,art_director,production_designer	tt0182606,tt1071261,tt0086442,tt0338665
nm1006345	Paul Lees	\N	\N	assistant_director	tt0287858
nm1006346	Héctor Méndez	1974	\N	actor,producer,miscellaneous	tt0400681,tt1556658,tt0288192,tt1290475
nm1006347	Steve Rowe	\N	\N	cinematographer	tt0288192
nm1006348	Jane Norris	\N	\N	casting_director,casting_department,actress	tt2761354,tt5144174,tt0380504,tt1703148
nm1006350	Sonja Roberts	\N	\N	costume_designer	tt0288405
nm1006351	John Cass	\N	\N	actor	tt0119456
nm1006353	Jack Dunn	\N	\N	editor	tt0024301
nm1006355	José Pulido	\N	\N	actor	tt0078446
nm1006356	Bill Shaffer	\N	\N	producer,executive	tt3012832,tt1143141,tt0325007
nm1006358	Annette Cordero	\N	\N	make_up_department	tt0239147,tt0402701,tt0093630,tt0437741
nm1006359	Jeff Davis	\N	\N	make_up_department	tt0417194,tt0293961,tt0288192,tt0408149
nm1006360	Yvette Rivas	\N	\N	make_up_department	tt7097896,tt9376612,tt0294870,tt2126355
nm1006361	Robert Rivers	\N	\N	make_up_department	tt0095690
nm1006362	Fernando Alonso	\N	\N	location_management,miscellaneous	tt0386342,tt0292466,tt0252781,tt0231208
nm1006363	Olivier Caillard	\N	\N	production_manager	tt0287963
nm1006364	Josh Charles	\N	\N	sound_department,editorial_department	tt2493206,tt3345794
nm1006366	Chris Dixon	\N	\N	miscellaneous	tt0095690
nm1006367	Laura Flagg	\N	\N	miscellaneous	tt0093214,tt0093630
nm1006369	Matt Hickey	\N	\N	miscellaneous,actor,assistant_director	tt0204626,tt0355702,tt0276816,tt0132245
nm1006372	Jennifer Oates	\N	\N	visual_effects,miscellaneous	tt0104299,tt0095690
nm1006373	Alex Park	\N	\N	miscellaneous	tt0240780
nm1006374	Brian Parr	\N	\N	editorial_department	tt0252781,tt0480550
nm1006376	Chris Robinson	\N	\N	assistant_director,producer	tt0288154,tt0425733
nm1006377	Claire Russell	\N	\N	script_department,producer	tt2341669
nm1006378	Arturo Urrea	\N	\N	camera_department,production_manager	tt0175536,tt0288585
nm1006379	Ed Woodworth	\N	\N	production_manager	tt0046179
nm1006380	Fred Kaplan	\N	\N	producer,director,visual_effects	tt0206341,tt0259333,tt0288812,tt1857909
nm1006382	Kelly Wagner	\N	\N	miscellaneous	tt0758758
nm1006383	Sonia Wilson	\N	\N	producer	tt0288833
nm1006385	Tom Jones	\N	\N	sound_department	tt0107045,tt0111192,tt0288881,tt1392191
nm1006386	Bob Pritchard	\N	\N	make_up_department	tt0285441
nm1006388	Robert DeVine	\N	\N	special_effects,miscellaneous,art_department	tt0120591,tt0120461,tt0120685,tt0119094
nm1006389	Carlos Rodriguez	\N	\N	composer,music_department,writer	tt2069745,tt2142823,tt2063805,tt0422751
nm1006391	Paul Wilson	\N	\N	art_department	tt0094291,tt0102757,tt0119349
nm1006392	Penny Anderson	\N	\N	visual_effects,animation_department,producer	tt0277370,tt2772092,tt0443567,tt0242508
nm1006393	Jon Brown	\N	\N	actor	tt0373340
nm1006394	Matt Jacobs	\N	\N	visual_effects,cinematographer,producer	tt0120912,tt0167190,tt0461770,tt0164052
nm1006395	David James	\N	\N	actor	tt0297291
nm1006396	Arrigo Benedetti	\N	\N	director	tt2133711
nm1006399	Barbara James	\N	\N	writer	tt0251997,tt1285211
nm1006400	John Markham	\N	\N	writer	tt0288831
nm1006401	Richard Nathan	1977	\N	miscellaneous	tt0364829,tt0437741
nm1006403	Néstor 'Kick Boxer'	\N	\N	actor	tt0288876,tt0442212
nm1006404	Robert Scull	\N	\N	writer,producer,director	tt0229141,tt0439349,tt0965404,tt0106115
nm1006406	Alf Aarvik	\N	\N	art_department	tt0125507,tt0268845,tt0400038
nm1006407	Manolo Abaya	\N	\N	cinematographer,editor,special_effects	tt0151591,tt0098053,tt0256213,tt0312863
nm1006408	P. Abel	\N	\N	actor	tt0029281
nm1006409	F.S. Ackerman	\N	\N	cinematographer	tt0288532
nm1006410	Rima Acord	\N	\N	costume_department	tt0276860
nm1006411	Torbjørn Adelgren	\N	\N	miscellaneous,art_department	tt0279064,tt0353043,tt0268845,tt0125507
nm1006413	Limary Agosto	\N	\N	actress	tt0983250,tt1989593,tt0454848,tt0322259
nm1006414	Renate Akili	\N	\N	make_up_department	tt0806901,tt0988637,tt0121027,tt0076829
nm1006415	Azizul Akma	\N	\N	actor	tt0269131
nm1006416	Rune Aksnes	\N	\N	art_department,miscellaneous	tt0231044,tt0125507,tt0268845
nm1006417	Sermid Al'Serrif	\N	\N	miscellaneous	tt0120188
nm1006418	Sayed Moustafa Al-Qazwini	\N	\N	actor,miscellaneous	tt17009274,tt0120188,tt1172044
nm1006419	Jay Alaimo	\N	\N	producer,director,writer	tt4177226,tt1590764,tt0410626,tt1817117
nm1006420	Mark Alamares	\N	\N	producer,director,writer	tt5488982,tt0288428,tt2281503,tt1683429
nm1006421	Norma Elena Alarcón	\N	\N	actress	tt0242706,tt0302911,tt0288863
nm1006422	Ralph Alcocer	\N	\N	camera_department	tt0330562,tt0261711,tt0295842,tt0092342
nm1006424	José Luis Gómez Alegría	\N	\N	art_department	tt0211869,tt0222547,tt0227887,tt0211832
nm1006425	Kristine Alexandria	\N	\N	actress,producer	tt0288309
nm1006426	Isis Algarin	\N	\N	actress	tt0288876
nm1006427	Rahimah Alias	\N	\N	actor	tt0216823,tt0216866,tt0277631,tt0277581
nm1006428	Gianni Aliotti	\N	\N	visual_effects,camera_department,miscellaneous	tt0382992,tt0346156,tt1408101,tt0430105
nm1006429	Sylvie Allard	\N	\N	actress	tt0122438,tt0380280,tt0099715
nm1006431	James Allport	1976	\N	actor	tt0271308,tt21142086,tt0928386,tt0280347
nm1006432	Stefan Altaparmakov	\N	\N	cinematographer,producer	tt0470851,tt0470872,tt0356080,tt0489031
nm1006433	Lenn Altschuler	1979	\N	miscellaneous	tt0139654
nm1006434	Joshua Alvarenga	\N	\N	actor	tt0288428
nm1006435	Carlos José Alvarez	1979	\N	composer,music_department,soundtrack	tt0472033,tt0485514,tt1598828,tt3316960
nm1006436	Cynthia Alvarez	\N	\N	make_up_department	tt0165042,tt5952358,tt1504508
nm1006437	Dominic Alvarez	\N	\N	miscellaneous	tt0240780
nm1006438	Rachel Amodeo	\N	\N	actress,director,writer	tt0288315,tt8159558,tt3248902,tt0278493
nm1006439	Charlene Amoia	\N	\N	actress,miscellaneous,producer	tt7069210,tt0460649,tt1605630,tt0413573
nm1006440	Armilyn Ancheta	\N	\N	actress	tt0288428
nm1006441	Anne Andressen	\N	\N	editor,editorial_department,camera_department	tt1127904,tt2143763,tt8328474,tt3773240
nm1006442	Lori Lynn Andrest	\N	\N	actress	tt0251997
nm1006444	Andjelija Andric	\N	\N	actress	tt7620012,tt0288754
nm1006445	Enrique Angeleri	\N	\N	editor,editorial_department,producer	tt0288838,tt1546005,tt0090125,tt0220731
nm1006447	Sally Anglim	\N	\N	actress	tt0044222,tt0044129
nm1006448	Ruby Anna	\N	\N	actress	tt1314730,tt2195927,tt0422499,tt2142823
nm1006449	Ruth Ansel	\N	\N	producer,miscellaneous	tt0082783,tt0492866,tt1374681,tt0437741
nm1006451	Atahualpa Antepara	\N	\N	actor	tt0288438
nm1006452	Neil Antin	\N	\N	cinematographer,camera_department,location_management	tt1577054,tt0907647,tt0097856,tt0089504
nm1006453	Barbara Antonini	\N	\N	script_department,assistant_director	tt0287857,tt0381365
nm1006454	Arnaldo Antunes	1960	\N	soundtrack,composer,music_department	tt0342097,tt1596343,tt0263124,tt2125425
nm1006456	Mieko Aoki	1950	\N	actress	tt9881066,tt5834822,tt5596620,tt9908798
nm1006457	Berit Irene Kristiansen Apke	\N	\N	editorial_department,camera_department,miscellaneous	tt7030294,tt0353043,tt9310402,tt9634902
nm1006458	Sabine Appelmans	1972	\N	actress	tt14174540,tt0320425,tt0292848,tt0467727
nm1006459	Dato Aptsiauri	\N	\N	actor,art_director,production_designer	tt0307294,tt0826527,tt0288028
nm1006460	Arabelle	\N	\N	actress	tt0288486
nm1006461	Nezihe Araz	1920	\N	writer	tt0492307,tt0432708,tt0291261,tt0288036
nm1006462	Jacques Arcelin	\N	\N	director	tt0123630
nm1006463	John Arcement	\N	\N	actor	tt0288023
nm1006464	Liwayway Arceo	\N	\N	writer,actress	tt5183314,tt0252657,tt5868368,tt1226285
nm1006465	Keleigh Ardell	\N	\N	actress,miscellaneous	tt4181052,tt1684936,tt0203975,tt1592154
nm1006466	José María Arellano	\N	\N	actor	tt0288469
nm1006467	Nana Areshidze	\N	\N	editor	tt0288592
nm1006468	Ana Argueta	\N	\N	actress	tt0250224,tt0286486
nm1006469	April Arikssen	1973	\N	actress	tt0288226,tt12707708,tt15464666,tt0330047
nm1006472	Boris Aronson	1898	1980	art_department,production_designer	tt0136439,tt1754333,tt0397764,tt0040053
nm1006473	Raj Arora	\N	\N	composer,producer	tt2947796,tt0283588
nm1006474	Lupillo Arreola	\N	\N	actor	tt0288849
nm1006475	Thomas J. Arscott	\N	\N	transportation_department	tt0095690
nm1006476	Salvador Arteaga	\N	\N	actor	tt0288469
nm1006477	Bianca Arvin	\N	\N	miscellaneous,director,writer	tt0452594,tt1496422,tt0381849,tt0309698
nm1006478	Sarah Aspinall	\N	\N	director,producer,writer	tt0237968,tt0267154,tt0362819,tt4874434
nm1006479	Thomas Asselineau	\N	\N	actor,assistant_director,production_manager	tt0250265,tt0270782,tt6333050
nm1006481	Jon A. Aulie	\N	\N	art_department	tt0125507,tt0268845
nm1006482	Dee Dee Austin	\N	\N	actress	tt0803876,tt0250469
nm1006483	Mac Avancena	\N	\N	music_department	tt0288428
nm1006484	Viktoriya Avdeenko	\N	\N	actress	tt0288457,tt2934916
nm1006485	José Carlos Avellar	1936	2016	cinematographer,writer,editor	tt0199641,tt0198707,tt0288268,tt5801550
nm1006487	Tamiko Aya	\N	\N	actress	tt0288845
nm1006488	Berenice Ayala	\N	\N	actress	tt0250224
nm1006489	L. Azarashvili	\N	\N	actor	tt0288072
nm1006490	Jim Azpilicueta	\N	\N	actor,producer	tt1290475,tt0288320,tt0400681,tt1078597
nm1006491	John Azpilicueta	\N	\N	producer,writer,director	tt1290475,tt1078597,tt4566574,tt0400681
nm1006492	Matt Azpilicueta	\N	\N	actor	tt0288320,tt1078597
nm1006493	Nick Azpilicueta	\N	\N	actor	tt0400681,tt0288320,tt1290475
nm1006494	Raul Azpilicueta	\N	\N	actor,producer	tt1078597,tt0288320,tt1290475
nm1006495	Shane Azpilicueta	\N	\N	actor,miscellaneous	tt0288320,tt1290475
nm1006497	Angus Babin	\N	\N	actor	tt0288023
nm1006498	Michel Babut du Marès	1936	2018	director,writer,producer	tt0288099,tt0288308
nm1006499	Ryan Baderman	\N	\N	actor	tt0288320
nm1006501	Judy Bady	\N	\N		tt0288074
nm1006502	Leoni Benice Baeßler	1993	\N	actress	tt0112207,tt0806910,tt1153540
nm1006503	Mürsit Bag	\N	\N	actor,assistant_director	tt5845572,tt1783298,tt0286768,tt18273934
nm1006505	Amir Bahadori	\N	\N	miscellaneous	tt0121955,tt0158983
nm1006506	Konica Bajpai	\N	\N	actress	tt0229193
nm1006507	Robert Allison Baker III	\N	\N	actor	tt0053848
nm1006508	Glenda Baker	\N	\N	transportation_department	tt0080339
nm1006510	Cyril Balayn	\N	\N	director	tt0284309
nm1006511	Minko Balkanski	1894	1975	cinematographer,director,actor	tt0291735,tt0492738,tt0332321,tt0287947
nm1006512	Shayla Dee Banning	\N	\N	actress	tt0287992
nm1006513	Pablo Bardauil	\N	\N	actor,director,writer	tt0288476,tt4528874,tt0107805,tt0322346
nm1006514	Darlene Bargetto-Stanley	\N	\N	miscellaneous	tt0290160,tt0255278,tt0287791,tt0262776
nm1006515	Drazen Baric	1971	\N	location_management,producer,director	tt2229952,tt0800080,tt0335121,tt2039338
nm1006516	Arsen Barolli	\N	\N	actor,stunts	tt0288426
nm1006517	Patricio Barriga	\N	\N	producer,miscellaneous	tt11394298,tt0288257
nm1006518	Yana Barsky	\N	\N	actress	tt0159888
nm1006520	Lukas Barta	\N	\N	camera_department,miscellaneous	tt6130902,tt0337724
nm1006522	Keef Bartkus	1970	\N	editor,editorial_department	tt13148384,tt0121955,tt2771780,tt2898442
nm1006523	Antonin Baryel	\N	\N	actor	tt0140892,tt0167706,tt0043266,tt0170858
nm1006524	Kim Bauman	\N	\N	miscellaneous	tt0120188
nm1006525	Manolo Bautista	\N	\N	actor	tt1073162,tt0288469
nm1006526	Bettina Bayerl	\N	\N	director,writer,animation_department	tt0094797,tt0338359,tt0089378,tt0093201
nm1006527	Beatriz Villalón	\N	\N	set_decorator	tt0249325,tt0271278
nm1006528	Johannes Becker	\N	\N	special_effects,composer,music_department	tt2443826,tt1310550,tt13648914,tt1545985
nm1006529	Brigitte Becue	\N	\N		tt0287861,tt0243058,tt1671981
nm1006530	Mira Bedenk	1921	\N	actress	tt0175257
nm1006531	Sunny Bee	\N	\N	actor	tt0187043,tt0288320
nm1006532	Jo Beer	\N	\N	miscellaneous	tt0145633,tt0113425,tt0120565,tt0112133
nm1006533	Gibran Begum	\N	\N	producer,writer	tt7510196,tt0288184
nm1006534	Radomir Belacevic	1929	2005	director,writer,actor	tt0301518,tt0254254,tt0289521
nm1006535	Thierry Bellanger	\N	\N	camera_department,director,cinematographer	tt4959470,tt1855231,tt0287963,tt0483898
nm1006536	Michel Bellemari	\N	\N	actor	tt0220210,tt0057106,tt0166909
nm1006537	John Paul Bellomo	\N	\N	actor	tt0425063,tt0288634,tt0859495
nm1006539	Aman Belon	\N	\N	actor	tt0051421,tt6420684
nm1006540	Katherine Beltran	\N	\N	make_up_department	tt0095690
nm1006541	Michael Benefield	\N	\N	special_effects	tt0170016
nm1006542	Angelo Benetelli	\N	\N	actor	tt0051540,tt0175257,tt0192904
nm1006543	Charles Benichou	\N	\N	actor	tt2172937,tt0365341,tt0116954,tt1686687
nm1006544	Jessica Bennett	\N	\N	camera_department,cinematographer,producer	tt0367027,tt0414951,tt0414426,tt0242193
nm1006545	Shirley Benny	1963	\N	actress	tt0088703,tt0378152,tt0442475,tt0261284
nm1006546	Lesley Benodin	\N	\N	miscellaneous,actor,soundtrack	tt12850164,tt0865856,tt0284604,tt0312109
nm1006547	Gudrun Johanna Benonysdottir	\N	\N	art_department,set_decorator	tt0323872,tt0125507,tt0188605,tt0371589
nm1006548	Brett Bensinger	\N	\N	art_department,art_director	tt13026738,tt0240780
nm1006549	Grant Bensley	\N	\N	special_effects,miscellaneous,animation_department	tt1136608,tt1219827,tt1571234,tt1535108
nm1006550	Everette Bentley	\N	\N	miscellaneous	tt0240494
nm1006551	Raphaël Berdugo	\N	\N	producer,executive	tt0825236,tt0102465,tt0167380,tt2844554
nm1006553	Kirk Bergeron	\N	\N	actor,producer	tt0288023,tt0414843
nm1006554	Matthieu Bergeron	\N	\N	actor,stunts	tt0257083,tt0262776
nm1006555	Freddie Bernard	\N	\N	actor	tt0288627
nm1006556	Tore Bernhoff	\N	\N	art_department,miscellaneous,camera_department	tt0382134,tt0807716,tt0106443,tt0119676
nm1006557	Laurier Bernier	\N	\N	composer	tt0284685
nm1006558	Michael Berresse	1964	\N	actor,soundtrack	tt0473705,tt0765476,tt0212720,tt1194173
nm1006559	Mintzy Berry	\N	\N		tt0288074
nm1006560	Shawn Berry	\N	\N	actor	tt0288192,tt0428454,tt3038034
nm1006561	Oluf Bertolt	\N	\N	writer	tt0288020
nm1006563	Michael Besseloff	\N	\N	camera_department	tt0240780
nm1006564	Sarah Bettens	1972	\N	soundtrack,composer,music_department	tt0382365,tt0246719,tt0245157,tt0120890
nm1006565	Eara Betts	\N	\N	actress	tt0215244
nm1006566	Harriët Beudeker	\N	\N	actress	tt0100220
nm1006569	Primoz Bezjak	\N	\N	actor	tt13238232,tt0288440,tt7446940,tt0320795
nm1006570	Pamira Bezmen	\N	\N	actress	tt0288036
nm1006571	Khokon Bhaduri	\N	\N	cinematographer,camera_department	tt0229193,tt0066758
nm1006572	Anwesha Bhattacharya	\N	\N	actress	tt0229193
nm1006573	Guilherme Biazotto	\N	\N	actor	tt1921126,tt0286462
nm1006575	Woody Bienemann	\N	\N	actor	tt0100006
nm1006576	Bruce Biggs	\N	\N		tt0288349
nm1006577	Michel Bilodeau	\N	\N	miscellaneous,transportation_department	tt0475944,tt2381111,tt0425210,tt0368794
nm1006578	Tslil Biran	\N	\N	actor,music_department,composer	tt0287970,tt1020986,tt0830207,tt12416538
nm1006581	Simon Blackwell	1966	\N	writer,producer,miscellaneous	tt0459159,tt6439020,tt1226774,tt1759761
nm1006583	Jackie Lou Blanco	\N	\N	actress,soundtrack	tt0378275,tt0345535,tt0151591,tt0102037
nm1006584	Wim Blauboer	\N	\N	writer	tt0108913,tt0288501
nm1006586	Jan Blom	\N	\N	cinematographer,camera_department,actor	tt0097580,tt0102808,tt0210863,tt0090995
nm1006587	Kym Bloom	\N	\N	make_up_department	tt0235280
nm1006588	Crackhead Bob	1959	2016		tt0474499,tt0159879,tt0185103,tt0119951
nm1006589	Rae Ellen Bodie	\N	\N	miscellaneous,actress	tt6494418,tt1312171,tt5052460,tt2326612
nm1006590	Jeff Boggs	\N	\N	producer,writer,director	tt1138001,tt0106053,tt0406451,tt0288398
nm1006591	Olivier Boischot	\N	\N	producer,editorial_department,special_effects	tt10661314,tt6088264,tt0287918,tt1249168
nm1006592	Jacques Boisclair	\N	\N	actor	tt0283664
nm1006593	Yevgeny Boitsov	\N	\N	actor	tt0371388,tt0361613,tt0254193,tt0825684
nm1006594	Bo Bojoh	\N	\N	actress	tt0374365,tt1815013,tt7841278,tt0100213
nm1006595	Ivana Bolanca	1977	\N	actress	tt0499072,tt1305794,tt1124351,tt0335426
nm1006596	Sivaramakrishna Bollimunta	\N	\N	writer	tt0155325,tt0325787,tt0288258,tt0956244
nm1006597	Kylan Bolton	1996	\N	actor	tt4438250,tt1649774,tt0362867,tt0255819
nm1006598	Donna Bond	\N	\N	writer	tt0288335
nm1006599	Rani Bondhus	\N	\N	actress	tt0287956
nm1006600	Michalis Boniakos	\N	\N	assistant_director,director,miscellaneous	tt0288665,tt0201583,tt0204724,tt0231159
nm1006601	Vjekoslav Bonifacic	\N	\N	actor	tt0175257
nm1006602	Laurier Bonin	\N	\N	director,producer,writer	tt0288854,tt0085797,tt0290684,tt0194777
nm1006603	Martine Borander	\N	\N	miscellaneous	tt0125507,tt0268845
nm1006604	F.J. Borgbjerg	\N	\N		tt0288004
nm1006605	Wilma Borgman	\N	\N	actress	tt3947934,tt0102808,tt8495538
nm1006606	Olga Borodina	1963	\N	actress	tt2113754,tt0419111,tt0825684,tt0371388
nm1006607	Sam Borradori	\N	\N	actor	tt0288407
nm1006608	Graziella Borselli	\N	\N	make_up_department	tt0047221
nm1006609	Robert Boskovic-Zarak	1977	\N	actor	tt0446225,tt0482074,tt2256234,tt0277919
nm1006610	Lilette Botasi	\N	\N	producer,production_manager,miscellaneous	tt11623722,tt0357282,tt0102043,tt0465552
nm1006611	Andrea Botefuar	\N	\N	miscellaneous	tt0288407
nm1006613	Demetra Botseas	\N	\N	miscellaneous	tt0095690
nm1006614	Sylvain Boudreau	\N	\N	composer	tt0283412
nm1006615	Jocelyn Bourcier	\N	\N	transportation_department,camera_department,production_manager	tt2023587,tt1596345,tt1424797,tt1191111
nm1006616	Hernán Bouza	\N	\N	cinematographer,camera_department	tt0218948,tt1087899,tt0460791,tt16294672
nm1006618	Theresa Boyeson	\N	\N	casting_department,casting_director,make_up_department	tt2187319,tt1258922,tt6186400,tt1485761
nm1006619	Christine Bozenski	\N	\N	art_department	tt0827517,tt1029235,tt1118649,tt2377081
nm1006620	Silvester Bozic	\N	\N	actor	tt0288440,tt0333874,tt1600670
nm1006621	Urska Bozic	\N	\N	actress	tt5975206,tt0288739,tt0122387
nm1006622	Torgny Braaten	\N	\N	production_designer,art_director,art_department	tt0108884,tt21624298,tt0407369,tt0125507
nm1006623	Efrain Bracero	\N	\N	actor	tt0288335
nm1006624	Ethel Bracewell	1884	1958	actress	tt0444270,tt0338383,tt0317134,tt0342587
nm1006626	Dianna Bradford	\N	\N	producer,actress,script_department	tt0288192,tt1818606,tt1796633
nm1006627	Michael Robert Brandon	1959	\N	actor	tt0162065,tt0395843,tt0412175,tt0288040
nm1006629	Guillermo Bravo	\N	\N	camera_department,director,cinematographer	tt0288666,tt0341439,tt0333359,tt0208420
nm1006631	Dieter Brenner	\N	\N	make_up_department	tt0806901
nm1006632	Griff Brewer	\N	\N		\N
nm1006633	Michael Brightbill	\N	\N	miscellaneous	tt0095690
nm1006634	Tera van der Brink	\N	\N	casting_director	tt0288166
nm1006635	Al Brinker	\N	\N	actor	tt0027724
nm1006636	Madeleine Briny	1915	\N	actress	tt0199377,tt0192355,tt0029639
nm1006637	Chris 'Crispy' Brion	1974	\N	animation_department,actor,director	tt4782144,tt0372588,tt2133326,tt0158983
nm1006638	Melissa Brizzi	\N	\N	cinematographer	tt0288331
nm1006639	Pat Brody	\N	\N	actor	tt0170980,tt0057106
nm1006640	Neil Bromhall	\N	\N	cinematographer,camera_department	tt0123360,tt0297603,tt3232102,tt2571774
nm1006642	Luther Broome	\N	\N	camera_department	tt0288023
nm1006643	Ray Broome	\N	\N	actor,soundtrack	tt0044180,tt0041914,tt0044455,tt0044129
nm1006644	Arnaut Brothers	\N	\N	actor	tt0040993,tt5080094,tt4272662,tt3802098
nm1006645	George Broussard	\N	\N	miscellaneous,producer,actor	tt15347372,tt0228246,tt0291337,tt0466931
nm1006646	Peppina Brouwers	\N	\N	actress	tt0100006
nm1006647	Anna Broinowski	\N	\N	director,writer,actress	tt0790808,tt0435005,tt2310800,tt6291372
nm1006648	Amberlee Brown	\N	\N	actress	tt0109087
nm1006649	James Brownlee	\N	\N	actor	tt1365637,tt0985694,tt0294885,tt2274420
nm1006650	Bubba Brunet	\N	\N	actor	tt0288023
nm1006653	William E. Brusseau	\N	\N	director,writer,producer	tt0288845
nm1006654	Hanne Bråten	\N	\N	art_department	tt0268845
nm1006655	Ragna Brønnum	\N	\N	actress	tt0288527,tt0307250
nm1006656	Zaza Buadze	\N	\N	director,writer	tt9177988,tt5591786,tt0288084,tt13948444
nm1006657	Leeanne Buchanen	\N	\N		tt0226095
nm1006658	Pepijn Buitenhuis	\N	\N	composer	tt0773758,tt0288501
nm1006659	Blanka Bukac	1974	\N	actress	tt0210697
nm1006660	Vika Bukhnikashvili	\N	\N	actress	tt0287921
nm1006661	Steinar Bull	\N	\N	art_department,set_decorator	tt0353043,tt1788092,tt6294580,tt0276675
nm1006662	Lauren Bullock	\N	\N	miscellaneous,actress,casting_department	tt0321976,tt0420620,tt0114582,tt1710394
nm1006663	Dolores Buonanno	\N	\N	miscellaneous	tt0095690
nm1006664	Laurent Buquet	\N	\N	production_manager	tt0287918
nm1006666	Basil Buris	\N	\N	art_department	tt0288023
nm1006667	Ted Burke	\N	\N	actor	tt0195941,tt0861772,tt2363217,tt8192824
nm1006668	Lisa Burkles	\N	\N		\N
nm1006669	Marshall Burling	\N	\N	miscellaneous	tt0115279,tt4346344,tt0095690
nm1006670	L. Burnstein	\N	\N	composer,soundtrack	tt0191563
nm1006671	Matt Burns	\N	\N	miscellaneous,producer,director	tt0314871,tt0488849,tt0439217,tt0825473
nm1006672	Dimitar Burski-Katzev	\N	\N	writer	tt0287947
nm1006673	Diane Buttshaw	\N	\N	miscellaneous	tt0288370
nm1006674	Krischan Böger	\N	\N	producer,production_manager,miscellaneous	tt0367916,tt0384285,tt2395139,tt0288632
nm1006675	Inge Büsscher	\N	\N	actress,costume_designer	tt0176113,tt0498514,tt0163901,tt0498492
nm1006676	El Caballero del Ring	\N	\N	actor	tt0288876
nm1006677	Bing Caballero	\N	\N	actor,writer,production_designer	tt0374670,tt0185956,tt0445203
nm1006678	Petar Cabrovski	\N	\N	actor	tt0331362,tt0492326,tt0287948
nm1006681	Brian 'Keith' Campbell	\N	\N	camera_department	tt0472200
nm1006682	Colleen Campbell-Olwell	\N	\N	make_up_department,actress	tt0896781,tt0133832,tt1879713,tt0460829
nm1006684	Carol Carlberg-Snyder	\N	\N	actress	tt0156529,tt14369256
nm1006685	Víctor Carlonne	\N	\N	actor,miscellaneous	tt0288849
nm1006686	Carlos Carlos	\N	\N	editor	tt0899254,tt0285092
nm1006687	Nilo Carneiro	\N	\N	actor	tt0241683
nm1006688	Delfin Carretas	\N	\N	cinematographer	tt2006134,tt0787233,tt0279305,tt0891465
nm1006690	Barbara Carroll	1925	2017	actress,soundtrack	tt0288074,tt0170980,tt0278823,tt12095014
nm1006691	Tere Carrubba	1954	\N		tt1050539,tt0463399,tt13943780,tt4372240
nm1006692	Dick Carruthers	\N	\N	director,producer,editor	tt5609488,tt2414166,tt1566946,tt0285811
nm1006693	Jamaica Carter	\N	\N	actor,miscellaneous	tt0255819,tt0172156,tt0322259,tt0437777
nm1006694	Fátima Casas	\N	\N	miscellaneous	tt0288668,tt15779026
nm1006695	Christopher Case Erbland	\N	\N	writer	tt0108897
nm1006696	Agustin Castaneda	\N	\N	actor,writer,director	tt4072296,tt1865524,tt6550750,tt4106866
nm1006697	Ricardo V. Castillo	\N	\N	actor	tt0288438
nm1006698	Eddie Castineira	\N	\N	composer	tt0288634
nm1006699	Leticia Castro	\N	\N	writer,assistant_director,script_department	tt20850260,tt4206658,tt0191745,tt1723779
nm1006700	Paty Castro	\N	\N	actress	tt0240268,tt0352546,tt0924227,tt0288514
nm1006703	Gonzalo Cañellas	\N	\N	transportation_department,miscellaneous,costume_department	tt1714915,tt0207919,tt0396171,tt0320661
nm1006704	Arabella Cecil	\N	\N	camera_department,producer,writer	tt0410454,tt0206501,tt0922522,tt1772325
nm1006705	Lester Cedeno	\N	\N	actor	tt0288320
nm1006706	Claudio Cervántes	\N	\N	actor	tt0288469
nm1006707	Librado Cervántes	\N	\N	actor	tt0288469
nm1006708	Ilia Chachanidze	\N	\N	director,writer	tt0287943
nm1006710	Charles Chaisson	\N	\N		\N
nm1006711	Hyun Mo Chang	\N	\N	art_department	tt0240780
nm1006712	José Manuel Chapella	\N	\N	actor	tt0107435
nm1006713	Tracy Chaplin	\N	\N	producer,director,production_manager	tt1176951,tt0103520,tt1077724,tt0445912
nm1006714	Philippa Chapple	\N	\N	actress	tt0240377,tt0106082,tt3901040
nm1006715	Rodney Chauvin	\N	\N	camera_department,cinematographer,director	tt0416359,tt0186014,tt0239195,tt0364782
nm1006716	Angelina Chavolla	\N	\N	make_up_department	tt3054576,tt0288850
nm1006717	Linda Chelgren	\N	\N		\N
nm1006718	Nicolas Chesnay	\N	\N	actor	tt0288013
nm1006719	Robert Chevrigny	\N	\N	actor	tt0197830,tt1851081,tt0057106,tt0477399
nm1006720	Christian Chicas	\N	\N		\N
nm1006721	Dato Chikhladze	\N	\N	cinematographer	tt0287921,tt0821793
nm1006723	Patrick Chizallet	\N	\N	camera_department,actor,miscellaneous	tt8847712,tt9172422,tt0293564,tt2398149
nm1006724	Kathy Choquette	\N	\N	miscellaneous	tt0095690
nm1006725	Poul Ankjær Christiansen	\N	\N	writer,director,producer	tt0316687,tt0313614,tt0311813,tt0288527
nm1006727	Plamen Christov	\N	\N	animation_department,art_department,art_director	tt0171262,tt0275848,tt0852863,tt3793630
nm1006729	Adriana Cipriani	\N	\N	actress	tt0407077,tt1523965,tt0877565,tt1616357
nm1006730	Matthew Cirulnick	\N	\N	writer,producer	tt6794990,tt0259484,tt1206885,tt1694553
nm1006731	Tony Ciyult	\N	\N	actor	tt0288438
nm1006732	John Paul Clancy	\N	\N	editorial_department	tt0186547,tt0185307,tt0186014,tt0172619
nm1006733	L.W. Clarke	\N	\N	actor	tt0427972,tt0129723
nm1006734	Nigel Clarkson	\N	\N	camera_department	tt7381444,tt0337610,tt6257970,tt0376606
nm1006735	Tracy Claustro	\N	\N	actor	tt0250224
nm1006736	Guy Claverie	\N	\N	actor	tt0288538
nm1006737	Kathryn Cleasby	\N	\N	actress	tt0287938,tt0316066,tt0322819
nm1006738	Angela Clissold	\N	\N	miscellaneous	tt0288407
nm1006739	Trena Cluster	\N	\N	actress	tt0288320
nm1006740	Tracee Cocco	\N	\N	actress,stunts	tt12974934,tt6294720,tt8619236,tt12975102
nm1006741	Jarvis Cocker	1963	\N	soundtrack,actor,composer	tt0206634,tt0432283,tt0330373,tt0815245
nm1006742	Daniele Cogliandro	\N	\N	actor	tt0288229
nm1006743	Florita Collado	\N	\N	actress	tt0057205
nm1006744	Caroline Collins	\N	\N	actress,producer,director	tt4816626,tt1091722,tt6501980,tt4043666
nm1006745	Peter Colville	1918	2003	actor	tt0165059,tt0144731,tt0288844,tt4831290
nm1006746	Marilyn Concepcion	\N	\N	actress	tt0125402
nm1006747	Scott Connolly	\N	\N	camera_department,producer,cinematographer	tt1659216,tt1659343,tt3574352,tt3281502
nm1006748	Antoine Connoly	\N	\N	art_department	tt0421715,tt0414993,tt0373051,tt1148204
nm1006749	Lina Conti	\N	\N	actress	tt0060447
nm1006750	Claudian Contreras	\N	\N	actor	tt0369345,tt0288849
nm1006752	Diamond Dawn Cook	\N	\N	actress,miscellaneous	tt0255819,tt0264235,tt0376874,tt0112056
nm1006753	Karin Cook	\N	\N	writer	tt0287128
nm1006754	Lyndsay Cooper	\N	\N	actress	tt0288847
nm1006755	Shiela Tronn Cooper	\N	\N	miscellaneous	tt0082425
nm1006756	Otto Cooymans	\N	\N	actor	tt0100006
nm1006759	Linda Corcuera	\N	\N	actress	tt0288320
nm1006760	Gonzalo Cores	\N	\N	producer,set_decorator	tt0288257,tt0082214
nm1006761	Geoff Corke	\N	1993	actor	tt0288400,tt6993986,tt2939974,tt0266150
nm1006762	Mauricio Cornejo	\N	\N	camera_department	tt5620076,tt5095030,tt5706996,tt8134186
nm1006763	Jack Cornelius	\N	\N	art_department,actor,art_director	tt1825683,tt1340138,tt0478970,tt0499549
nm1006765	Louis Couderc	\N	\N	actor	tt0192355
nm1006766	Christina Coulston	\N	\N	producer	tt0287196,tt0297023
nm1006767	Pierre Couture	\N	\N	visual_effects	tt0401792,tt0346156,tt0362270,tt0373051
nm1006768	Jack Couvela	\N	\N	art_department	tt0257570
nm1006769	Denny Covarrubias	\N	\N	actor	tt0288320
nm1006772	Hilary Coxsey	\N	\N	actress	tt0288230
nm1006773	Steve Cradock	1969	\N	soundtrack,actor,composer	tt0153032,tt0120735,tt10077034,tt1071880
nm1006774	Leo Crappell Jr.	\N	\N	camera_department	tt0288023
nm1006776	Tristan Creeley	1977	\N	camera_department,actor,cinematographer	tt0246076,tt0340378,tt0379802,tt0976168
nm1006777	Crystal Crete	\N	\N	actress	tt0226082
nm1006778	Stuart Cripps	\N	\N	visual_effects,assistant_director	tt2109248,tt0948470,tt1872181,tt0319262
nm1006779	Elisa Crispi	\N	\N	miscellaneous	tt0287898
nm1006780	Stacey Crockett	\N	\N		\N
nm1006781	James Crow	\N	\N	visual_effects,costume_designer	tt0473001,tt0288023,tt0199248
nm1006782	J.C. Crowley	\N	\N	soundtrack,composer,music_department	tt0466342,tt0473488,tt0098097,tt0418279
nm1006783	Floriane Crépin	\N	\N	script_department,director,camera_department	tt18074616,tt1661320,tt4571004,tt0269671
nm1006784	Tellez Cucano	\N	\N	actor	tt0288438
nm1006785	Adam Culunga	\N	\N	miscellaneous	tt0080339
nm1006786	Alan Curreri	\N	\N	art_department	tt0187559,tt0140397
nm1006787	Fides Cuyugan-Asensio	\N	\N	actress,soundtrack	tt3547464,tt0086056,tt1961440,tt2206166
nm1006788	Antoni Cwojdzinski	1896	1972	actor,writer	tt0287994,tt0441074,tt0949549,tt1037881
nm1006789	Alex Czarnecki	\N	\N	director,cinematographer,producer	tt2243101,tt0283685
nm1006790	Pierre Czerski	\N	\N	director,cinematographer	tt0283483
nm1006791	Bernard D'Aillencourt	\N	\N	cinematographer,director	tt0283339,tt0289743
nm1006792	Marisa D'Andrea	\N	\N	costume_designer,costume_department	tt0092814,tt0102440,tt0161221,tt0096746
nm1006793	Lionel D'André	\N	\N	director	tt0283664
nm1006794	Gina D'Arrigo	\N	\N	actress	tt0286197
nm1006795	Darryl 'D'Militant' Littleton	\N	\N	writer,actor,producer	tt2787022,tt14464154,tt0310424,tt1124061
nm1006796	Cris D'Amato	\N	\N	director,assistant_director,actress	tt3035582,tt2836364,tt10806050,tt4358196
nm1006797	Jena Dabbs	\N	\N	actress	tt0288428
nm1006799	Éliane Daher	\N	\N	actress	tt0184831,tt0192355
nm1006800	Olav Dahl	\N	\N	camera_department	tt0378255,tt0125507,tt0268845,tt0188605
nm1006801	Tawny Dahl	\N	\N	actress	tt0373280,tt0255819,tt0372007,tt0388500
nm1006802	Imme Dahlberg	\N	\N	actor	tt0288847,tt0340401
nm1006803	Hélène A. Daigle	\N	\N	director,writer	tt0284685
nm1006804	Samy Dalaize	\N	\N	actor	tt0288839
nm1006805	Johannes van Dam	1946	2013	actor	tt0945531,tt0060699,tt1114745,tt0271905
nm1006806	Alessandro Damiani	\N	\N	actor	tt0175257
nm1006807	Javi Dancer	\N	\N	actor	tt0289715,tt0288876
nm1006808	Jamie Danesh	\N	\N	location_management,miscellaneous	tt0363307,tt0159097,tt10703978,tt1441109
nm1006809	Håkon Danielsen	\N	\N	editorial_department,editor,camera_department	tt0125507,tt15662560,tt8724152,tt21405724
nm1006810	Natalie Danika	\N	\N	actress	tt0264573,tt0263609,tt0263645
nm1006811	Randy Dannenberg	\N	\N	producer,miscellaneous,editor	tt0806165,tt20194480,tt0404390,tt0340855
nm1006812	Julie Marie Dannenfelser	\N	\N	actress	tt0276717
nm1006813	Henri Darcet	1881	\N	actor	tt0288456,tt0482310
nm1006814	Joe Dator	1966	\N	writer,director,actor	tt0123338,tt0262147,tt0982862,tt0996655
nm1006815	Ernst Dauscher	1915	\N	actor	tt0058136,tt0081860,tt0092405,tt0097384
nm1006816	Gabriela David	1960	2010	director,writer,producer	tt0371918,tt0288838,tt0371995,tt1546005
nm1006817	Deborah Mangrum-Price	\N	\N	miscellaneous	tt0110793
nm1006818	Jean Davran	\N	\N	production_manager	tt0158352,tt0218154
nm1006819	Luica S. Dawils	\N	\N	costume_designer	tt0288435
nm1006820	Shayanne Daz	\N	\N	actress	tt0288320
nm1006821	Bryan De Benedictis	\N	\N	actor	tt0288320
nm1006822	Tommy De La Cruz	\N	\N	actor	tt0312617,tt0250224,tt0257076
nm1006823	Danny De La Isla	\N	\N	composer,soundtrack	tt0288520,tt0109369
nm1006824	Jo De Poorter	1966	\N	actor	tt0149489,tt4104958,tt1694625,tt1694515
nm1006826	Teresa De Tomas	\N	\N	actress,producer,director	tt0288192,tt1046196,tt1995219,tt0816531
nm1006828	M.J. DeCadenet	\N	\N	miscellaneous	tt0035452
nm1006829	Anthony DeCurtis	1951	\N	writer	tt0444753,tt11612588,tt0301614,tt0435674
nm1006830	Henry J. DeLuca	\N	\N	producer	tt2144097,tt1321257,tt1062942,tt1509163
nm1006831	Riley DeLuise	1993	\N	actress	tt0133832
nm1006832	Mark DeWhitt	\N	\N	actor,writer,editor	tt0357248,tt0438002,tt4170810,tt0417795
nm1006833	Kristin Dearholt	\N	\N	visual_effects,editorial_department	tt2179136,tt0443274,tt1245526,tt0343818
nm1006834	Audrey Debassige	\N	\N	miscellaneous	tt0288344
nm1006835	Joachim Dejonckheere	1977	\N		tt0239196,tt0287849
nm1006836	Anna Maria Del Prà	\N	\N	actress	tt0049508,tt0049141,tt7496626
nm1006838	Greg Dela Pena	\N	\N	actor	tt0288320
nm1006839	Xavier Delamalmaison	\N	\N	camera_department,cinematographer	tt1405807,tt0337103,tt2404461,tt0217119
nm1006840	André Delferrière	\N	\N	actor	tt0288839
nm1006841	Viviane Delfino	\N	\N	actress	tt0288353
nm1006842	Delphine Herscovici	\N	\N	casting_department	tt0259340,tt0216941
nm1006843	Denise Delvaux	\N	\N	production_manager,producer	tt0270128,tt0129222,tt0256119
nm1006844	Eray Demirkol	1981	\N	actor	tt0287883,tt0426672,tt0479570,tt0884805
nm1006845	Elizabeth Densmore	1988	\N	actress,soundtrack	tt1838516,tt0276732,tt0320030,tt0313043
nm1006846	Estella Denson	\N	\N	actress	tt0350258,tt0288023
nm1006847	Maylise Dent	\N	\N		\N
nm1006848	James Derek Barzaga	1988	\N	actor	tt0288634
nm1006849	Dimitar Dereliev	1956	\N	writer,production_manager,miscellaneous	tt0406307,tt0288129,tt7156006,tt2993636
nm1006850	John Derevlany	1964	\N	writer,producer,miscellaneous	tt0174381,tt2356791,tt1704259,tt13903450
nm1006851	Sid Desilva	\N	\N		tt0109087
nm1006852	Charles Desmoulins	\N	\N	actor	tt0454318,tt0288508
nm1006853	Bridgette Desrochers	\N	\N	miscellaneous	tt0158369
nm1006854	René Detorès	\N	\N	actor	tt0288769
nm1006855	Shaarang Dev	\N	\N	composer,music_department	tt0241914,tt0853973,tt0259541,tt1646217
nm1006856	Louise Devar	\N	\N	actress	tt0133832
nm1006857	Robert Dewberry	\N	\N	miscellaneous,writer,producer	tt0757124,tt15561558,tt1229945,tt0286197
nm1006858	Tanja Dexters	1977	\N	actress	tt0466415,tt4104958,tt0296453,tt0149534
nm1006859	Connie DiCicco	\N	\N	director,writer,editor	tt0354802,tt0906751,tt0288601,tt0888704
nm1006860	Caleb Diamond	\N	\N	camera_department	tt0284929,tt0295725,tt0318178,tt0337619
nm1006861	Griselda Diaz	\N	\N	actress	tt0250224
nm1006862	Skye Dicker	\N	\N	miscellaneous	tt0095690
nm1006863	Leticia Diego	\N	\N	actress	tt0288850
nm1006864	Roman Dihtyar	\N	\N	producer,executive	tt10796760,tt0288611
nm1006865	Margreet Dijk	\N	\N	actress	tt0100006
nm1006866	Truus Dijk	\N	\N	actress	tt0144778
nm1006867	Faruk Dilaver	\N	\N	actor	tt0288036
nm1006868	Brooke Dillman	1966	\N	actress,soundtrack,producer	tt4168956,tt1765622,tt0829482,tt1561755
nm1006870	Dominic 'Pee Wee' Distarce	\N	\N	actor	tt0043052
nm1006871	Malika Djellali	\N	\N	actress	tt0288847,tt0340401
nm1006872	Georgi Dobrev	\N	\N	actor	tt0288899,tt0170236
nm1006873	Doghouse	\N	\N	camera_department	tt0454526,tt0285092,tt2897416
nm1006874	Berlie Doherty	\N	\N	writer	tt0318902,tt0177448,tt0398607,tt0277665
nm1006875	Tosca Dohnke	\N	\N	actress	tt0167946,tt0174403,tt0145004,tt1489140
nm1006876	Keiko Doi	\N	\N	actress,art_department,miscellaneous	tt4759240,tt0288845,tt0159995
nm1006877	Jay Dolhonde	\N	\N	miscellaneous	tt0288023
nm1006878	Nicolas Dollander	\N	\N	camera_department	tt2172934,tt1448755,tt6204340,tt0342258
nm1006879	Dolphy	1928	2012	actor,producer,soundtrack	tt0292097,tt0359770,tt0417820,tt0409938
nm1006880	Krishnamurthy Doonepoodi	\N	\N	producer	tt0333711,tt0288258,tt0334589
nm1006881	Brian C. Donnelly	\N	\N	actor,camera_department,producer	tt0272950,tt0301393,tt0272069,tt0321356
nm1006882	Keith Dorney	\N	\N		\N
nm1006883	Lucien Dorval	\N	\N	actor	tt0039512,tt0040826,tt0140381,tt0159647
nm1006884	Shanie Evans	\N	\N	actress,composer,cinematographer	tt0253487,tt1601468,tt1323927,tt1084673
nm1006885	Tzvetelin Draganov	\N	\N	actor	tt0288899
nm1006886	Anna Dresdan	\N	\N	actress	tt0280203
nm1006887	Sébastien Drouin	\N	\N	visual_effects,director,writer	tt0889213,tt0364970,tt1270798,tt0288173
nm1006888	Cuca Dublan	1925	2000	actress	tt0276938,tt0288783,tt0212706,tt0222600
nm1006889	Liz Dubrock	\N	\N	actress	tt0053848
nm1006890	Yvonne Ducos	1887	1966	actress	tt0166535,tt0484625,tt0287050,tt0208258
nm1006891	Warren Duenas	\N	\N	producer,writer,actor	tt1290475,tt0400681,tt1078597,tt4566574
nm1006892	Maxime Duguay	\N	\N	actress,writer	tt1482903,tt0283664
nm1006893	Marcel Dumontier	\N	\N	actor	tt0288099
nm1006894	Petar Dundakov	\N	\N	composer,music_department,actor	tt6254144,tt16377802,tt11744358,tt4957780
nm1006895	Beau Dunker	\N	\N	actor	tt0247875
nm1006896	Tonny Dunne	\N	\N	editor	tt0296530,tt0285305
nm1006897	Morris Dunster	\N	\N	actor,miscellaneous	tt0158369,tt0277744
nm1006898	Margarita Duparinova	1921	2005	actress	tt0330512,tt0311828,tt0287946,tt1537389
nm1006899	Morris Duplantis	\N	\N	actor	tt0288023
nm1006900	Lucie Dupleix	\N	\N	actress	tt0287050
nm1006901	Louise Dupont	\N	\N	miscellaneous,writer,editor	tt0283831,tt1964780,tt1316085,tt2150321
nm1006902	Tammy Dupry	\N	\N	miscellaneous	tt0186014
nm1006903	Judy Durell	\N	\N	actress	tt0059255,tt0061015,tt0060983,tt0060646
nm1006904	Annie Duroc	\N	\N	actress	tt0235976
nm1006905	Ulrik Duurloo	1912	1991	miscellaneous,actor,writer	tt0307253,tt0308703,tt0287902,tt0295335
nm1006907	Andrea Dworkin	1946	2005	writer	tt1127888,tt4652642,tt1589839,tt10369638
nm1006908	Larissa Diadkova	1952	\N	actress	tt0362104,tt0254193,tt0365283,tt1019690
nm1006909	Nikola Dzhikelov	\N	\N	actor	tt0275942,tt0288300,tt0272973,tt0344952
nm1006910	Beth Easton	\N	\N	writer	tt0288233
nm1006911	Alejandro Echenique	\N	\N	writer	tt0288469
nm1006912	Ricky Echolette	1958	\N	composer,actor,director	tt0372664,tt0087008
nm1006913	Ann Eckersley	\N	\N	actress	tt0094335,tt0288485
nm1006914	Josef Eckert	\N	1966	producer	tt0122758
nm1006916	Michael Edmonds	\N	\N	editorial_department,actor	tt0045239,tt0330149
nm1006917	Eduarda	\N	\N	actress	tt14160440,tt0278997,tt0160090
nm1006918	Jean-Claude Egea	\N	\N	camera_department,cinematographer	tt0167585,tt0167732,tt0101152,tt0109560
nm1006919	Agusta Einarsdottir	\N	\N	editor,production_manager,producer	tt1507369,tt12390662,tt4345668,tt10998294
nm1006921	Gunvor Ekström	\N	\N	actress	tt0219980,tt0288064
nm1006922	Koos Elferink	\N	\N	actor	tt0100213
nm1006925	Mark Elkan	\N	\N	camera_department,cinematographer	tt0288320,tt0366620,tt0219640,tt0248169
nm1006926	Lisa Penny Ellis	\N	\N		tt0268862,tt0257295,tt0288918,tt0284754
nm1006927	Gine Elly	\N	\N	actress	tt0288575
nm1006928	Raja Ema	\N	\N	actress,soundtrack	tt1054011,tt0289326,tt9197788,tt0227251
nm1006929	Kristin Emblem	\N	\N	miscellaneous,producer,editorial_department	tt0143145,tt0208092,tt1368425,tt7664786
nm1006930	'Eddie Spaghetti' Emerson	\N	\N	actor	tt0054390
nm1006931	Marie-Michelle Emond	\N	\N	writer,miscellaneous,producer	tt5574936,tt19712380,tt0258534,tt0262776
nm1006932	Erica Enders	\N	\N	actress	tt0287992
nm1006933	Gary J. Engel	\N	\N	writer,miscellaneous	tt0111255,tt0426361
nm1006934	Hans-Joachim Engelmann	\N	\N	actor	tt0057658,tt0892183,tt0230542,tt0081460
nm1006935	Pia Nix Engels	\N	\N	make_up_department	tt0288406
nm1006936	Jeffery Epperson	\N	\N	transportation_department	tt0095690
nm1006938	Sevinç Erbulak	1975	\N	actress	tt0296306,tt19394272,tt1772339,tt3971732
nm1006939	Mark Erder	\N	\N	sound_department,camera_department,director	tt0212371,tt11178076,tt3571126,tt0197687
nm1006940	Pamela Ericson	\N	\N	actress	tt0893604
nm1006941	Leif Arild Eriksen	\N	\N	art_department,miscellaneous,special_effects	tt0448189,tt0353043,tt9407180,tt0125507
nm1006942	Jim Erny	\N	\N	actor	tt0288023
nm1006943	Anzhela Yershova	\N	2020	make_up_department	tt0263196,tt0144111,tt0156836,tt0318034
nm1006945	Rosa Escolá	\N	\N	camera_department	tt0102627,tt0116226
nm1006946	Lara Esden	\N	\N	miscellaneous,assistant_director	tt0288610,tt0116315,tt0220296
nm1006947	Margrete Kristine Eskedahl	\N	\N	art_department,production_designer,art_director	tt1145446,tt0125507,tt1630596,tt1114723
nm1006948	Christina Espedal	\N	\N	art_department,costume_department,miscellaneous	tt18689522,tt6185118,tt0463276,tt0125507
nm1006949	Juanillo Esteban	1968	\N	actor,writer	tt0438805,tt1056444,tt0474491,tt0409643
nm1006950	Karl Eubanks	\N	\N	miscellaneous	tt0095690
nm1006951	Venessa Eunison	\N	\N		\N
nm1006952	Louise Eusanio	\N	\N	costume_department,art_department	tt0271543,tt1374992,tt0308383,tt0323944
nm1006954	Laura Dan Evans	\N	\N	art_department	tt0158369
nm1006955	Burny Every	\N	\N	miscellaneous,actress	tt0144778,tt0354816,tt0180351
nm1006956	Leo Ewaschuck	\N	\N	production_manager,location_management,assistant_director	tt0222968,tt0222807,tt0055232,tt0059873
nm1006957	Lucien Eyrud	\N	\N	actor	tt0288023
nm1006958	Tom Fecske	\N	\N	camera_department,miscellaneous	tt13293878,tt0235260,tt0297384,tt5488816
nm1006959	Anders Fabritius	\N	\N	art_department	tt0302148,tt0268845
nm1006960	Yiannis Fafoutis	\N	\N	producer,director,writer	tt0288728,tt1097273,tt0288672,tt0063182
nm1006961	Berit Fagerheim	\N	\N	art_department,production_designer,set_decorator	tt0125507,tt10449416,tt2535202,tt0366090
nm1006962	Dov Fahrer	\N	\N	actor	tt0288023
nm1006963	Betsy Faiella	\N	\N	actress	tt0288023
nm1006964	Azie Faison Jr.	1964	\N	writer	tt1059791,tt2044841,tt0259484,tt2432640
nm1006965	Rodney Falgout	\N	\N	actor	tt0288023
nm1006966	Daniel Faltus	\N	\N	actor	tt0285333,tt0256572,tt0312172,tt0286197
nm1006967	Izidor Faric	\N	\N	cinematographer	tt5944994,tt0288739,tt0323350,tt5085118
nm1006968	Charles K. Farmer	\N	\N	actor	tt0288023
nm1006969	Jeanette Farrier	\N	\N	costume_designer,costume_department	tt0260611,tt0288431,tt10919832,tt0144060
nm1006970	Sueann.M. Farris	\N	\N	miscellaneous	tt0240780
nm1006971	Gabrielle Fasulo	\N	\N	editor,producer,editorial_department	tt0160184,tt1258148,tt0390022,tt0318220
nm1006972	Madelynn Fattibene	\N	\N	actress	tt0288417,tt0764256,tt1315036,tt7460842
nm1006973	Maureen Faulkner	\N	\N		tt3228960,tt0185065,tt6238614,tt1208646
nm1006974	William Faulkner	\N	\N		tt0288888
nm1006975	Germán Favier	\N	\N	writer,actor,director	tt9174862,tt4630750,tt4632408,tt9166526
nm1006976	Lindsey Fawcett	1979	\N	actress	tt0203248,tt14922966,tt0241383,tt0101114
nm1006977	Pilar Menendez	\N	\N	animation_department,writer	tt0357870,tt0181266,tt0118289,tt1235830
nm1006978	Detlev Felgentreff	\N	\N		\N
nm1006979	Clément Fenasse	\N	\N	actor	tt7124904,tt0287918,tt0423713
nm1006980	Lindsay Ferguson	\N	\N	actress,music_department,soundtrack	tt3384484,tt8410620,tt0215244
nm1006981	Edward Ferraro	\N	\N	miscellaneous	tt0095690
nm1006982	Charles Ferrera	\N	\N		\N
nm1006983	Bill Fertik	\N	\N	director,writer	tt2747054,tt3399948,tt0288335
nm1006984	Julia Fetterman	\N	\N	make_up_department	tt0109831
nm1006985	Michael Feuerhelm	\N	\N	miscellaneous,producer	tt0376295,tt0278504,tt0120188
nm1006986	Russell Fewtrell	\N	\N	camera_department,miscellaneous	tt1343092,tt0121765,tt0455824,tt0116654
nm1006987	Ben Field	\N	\N	actor	tt0027724
nm1006988	Sergio Filesi	\N	\N	miscellaneous	tt0049508
nm1006989	Nicholas Filippi	\N	\N	art_department,director,producer	tt0283754,tt3807022,tt5515212,tt0892700
nm1006990	Susanne Filkins	\N	\N	producer,actress,miscellaneous	tt2435458,tt5726616,tt9741526,tt5910344
nm1006991	Jack Anson Finke	\N	\N	writer	tt0045449,tt0042167,tt0042159,tt0041040
nm1006992	Federico Finkielstain	\N	\N	assistant_director,director,writer	tt6466888,tt2342233,tt22486756,tt11160900
nm1006993	Donatella Finocchiaro	1970	\N	actress,writer,director	tt1071214,tt0287914,tt1071785,tt0433624
nm1006994	C.P. Fisher	\N	\N	actor	tt0027724
nm1006996	April Fissell	\N	\N	actress,miscellaneous	tt1858513,tt0419922,tt0092325,tt0287795
nm1006997	Steven A. Fitzgerald	\N	\N		\N
nm1006998	Tone Fjereide	\N	\N	miscellaneous	tt0125507,tt0268845
nm1006999	Helga Synnøve Flateland	1964	\N	make_up_department	tt0197392,tt0125507,tt0103453,tt0172160
nm1007000	Stanley Fleischman	\N	\N		tt0185609
nm1007001	J.C. Fletcher	\N	\N	actor	tt0221320
nm1007002	Fletch	\N	\N	actor	tt0288320
nm1007003	Todd Flinchbaugh	1945	1994	animation_department,producer	tt0392133,tt0288888
nm1007004	Flemming Flindt	1936	2009	miscellaneous,actor,writer	tt11179026,tt0192073,tt7787616,tt11123400
nm1007006	Ty Flynn	\N	\N		tt0287908
nm1007007	Frank Fockstyn	\N	\N	actor	tt0231082
nm1007008	Oswald Foerderer	1911	1985	actor	tt0047174,tt0045806,tt0230550,tt0230742
nm1007009	Josh Fogel	\N	\N	miscellaneous	tt3896070,tt0403728,tt0121955,tt0268077
nm1007011	Bistra Fol	\N	\N	actress	tt0287948,tt0287947,tt0331362,tt0331317
nm1007012	Aida Folch	1986	\N	actress,art_department,camera_department	tt1990217,tt2586134,tt1176928,tt0319769
nm1007013	Yolanda Fontal	\N	\N	editor,editorial_department	tt0788115,tt0102627
nm1007014	Friederike Forcher	\N	\N	art_department,production_designer,set_decorator	tt0307786,tt0100887,tt0119149
nm1007015	Candy Ford	\N	\N	actress	tt0264235,tt0276033,tt0298038,tt1321805
nm1007016	Danilo Fornaciari	\N	\N	editor	tt0198320
nm1007017	Mira Fornay	1977	\N	director,writer,producer	tt11718264,tt0349780,tt2654428,tt1272022
nm1007018	Jeevan Fortier	\N	\N	art_department	tt1038693,tt0262776,tt0366532,tt0304328
nm1007019	Adrien Fortis	\N	\N	camera_department,actor	tt0078338,tt0249270,tt0103442,tt1332636
nm1007021	Dimitris Frangioglou	\N	\N	actor,miscellaneous,writer	tt1321389,tt0257326,tt6250432,tt0344163
nm1007022	Gabriela Fraire	\N	\N	actress	tt0395429,tt0288849,tt0369345,tt1419606
nm1007023	Joseph Paul Franklin	1950	2013		tt0182552,tt0288039,tt2979638
nm1007024	Ferrie Franssen	\N	\N	actor	tt0060699
nm1007025	J.J. Franzen	\N	\N	miscellaneous,visual_effects,animation_department	tt2133326,tt0790810,tt0372588,tt0158983
nm1007026	Simon Freestone	\N	\N	actor	tt0209967,tt0163924
nm1007027	Letizia Frezza	\N	\N	actress	tt0059223,tt0287857,tt0874432,tt0299352
nm1007028	Jenna Friedenberg	\N	\N	actress,producer,miscellaneous	tt0408851,tt0823667,tt0381842,tt1070887
nm1007029	Klaus-Dietrich Friesenhausen	\N	\N	production_manager,actor,assistant_director	tt0088803,tt0806901,tt0096514,tt0399964
nm1007030	Henning Friis	\N	\N	writer	tt0288526
nm1007031	Line Frilseth Enge	\N	\N	production_manager,miscellaneous,producer	tt0125507,tt12217152,tt11429572,tt0378255
nm1007032	Tatu Friman	\N	\N	actor	tt0249261
nm1007033	Merlina Froelich	\N	\N	actress	tt0286169
nm1007034	Carmen Frosali	\N	\N	costume_department,costume_designer	tt0066980,tt0061019,tt0139879,tt0203093
nm1007035	Guy Frégault	\N	\N	miscellaneous	tt0222968,tt0224397,tt0223664,tt0224021
nm1007036	Rigoberto Fuentes	\N	\N	actor	tt0288469
nm1007037	Liliana Fugagnolo	\N	\N	script_department	tt0054068
nm1007039	Kyôzô Fuyuki	\N	\N	actor	tt2735992,tt0063392,tt0256686,tt5872170
nm1007040	Siri Fyen Brun	1961	\N	miscellaneous,make_up_department	tt0276675,tt1846499,tt0125507,tt0103453
nm1007042	Lisa Gabaldon	\N	\N	casting_department,casting_director	tt0224821,tt0300176,tt0203755,tt0282543
nm1007043	Eli Gabe	\N	\N		\N
nm1007044	Marianne Gaillard	\N	\N	actress,editor	tt0187181,tt3063026,tt0288839
nm1007046	Tony Galaviz	\N	\N	make_up_department	tt0287669
nm1007047	Gianni Galavotti	1921	1993	actor	tt1616357,tt0157413,tt0159319,tt1062992
nm1007048	Marlone Gallerta	\N	\N	actor	tt0288320
nm1007049	Richard Ganniclifft	\N	\N	camera_department,cinematographer	tt0078571,tt14104126,tt0123360,tt6232592
nm1007051	José G. Gaona	\N	\N	actor	tt0288469
nm1007052	Fabio Garbani	\N	\N	camera_department	tt1654523,tt0806910,tt0392799,tt1069235
nm1007056	Sheldon Gardner	\N	\N	visual_effects	tt0241223
nm1007057	Liane Garneau	\N	\N	costume_department	tt0159851,tt0323944,tt0262776,tt0414993
nm1007058	Réjean Garneau	\N	\N	composer	tt0283831
nm1007060	Joe Garson	\N	\N	actor	tt0043052
nm1007061	Francis Gasparini	\N	\N	producer,writer,miscellaneous	tt0306370,tt0494722,tt0190171,tt2244923
nm1007062	Gloria Gasper	\N	\N	actress	tt0044769
nm1007063	Gautier-Sylla	1901	1980	actor	tt0201516,tt0197771,tt0199040,tt0288486
nm1007064	Daniyar Gaynulin	\N	\N	producer	tt0288611
nm1007065	Max Geldray	1916	2004	actor,composer,music_department	tt0145634,tt0163493,tt0272978,tt0990935
nm1007066	Zhana Gendova	1899	1976	actress	tt0331456,tt0249769,tt0287947,tt0287948
nm1007068	Plamen Georgiev	\N	\N	actor,miscellaneous	tt0288899,tt0338668
nm1007072	Sarkis Gevorkov	\N	\N	camera_department,cinematographer	tt0275509,tt0274930,tt0068993,tt0170301
nm1007073	Taymour Ghazi	1974	\N	actor,director,assistant_director	tt3560084,tt0452046,tt1378167,tt1420425
nm1007074	Gilio Gherardini	\N	\N	actor	tt0156529
nm1007075	Annalisa Giacci	\N	\N	costume_department,costume_designer	tt1616357,tt0216393,tt0287857
nm1007076	Sara Gibbings	1974	\N	producer,director,miscellaneous	tt12264512,tt13407110,tt3868052,tt3868094
nm1007077	Dato Gigolashvili	\N	\N	actor	tt0288475
nm1007078	Christine Giguere	\N	\N	art_department,music_department,animation_department	tt0217621,tt0313300,tt0450314,tt0215526
nm1007079	Jesse Gil	\N	\N	actor,miscellaneous	tt1290475,tt0288320
nm1007080	Delores Gilbeaux	\N	\N	actress,miscellaneous	tt0335438,tt0255819,tt0333780
nm1007081	Julie Gilchrist	\N	\N	art_department,miscellaneous	tt0383574,tt0449088,tt0244244,tt1772288
nm1007082	John Gillanders	\N	\N	editor,actor,music_department	tt3520714,tt0485301,tt2322215,tt1954363
nm1007083	Anne-Marie Gilles	\N	\N	actress	tt0193806
nm1007084	Gaëlle Gilliéron	\N	\N	actress	tt0229297
nm1007085	Daniel Gilmore	\N	\N	special_effects,art_department	tt0367882,tt0325710,tt1843866,tt0181689
nm1007086	Jean-Marie Gimel	\N	\N	editor,editorial_department,production_manager	tt0085316,tt0059131,tt0060140,tt0235976
nm1007087	Renato Giomini	\N	\N	actor	tt0056586
nm1007088	Rémi Giroux	\N	\N	camera_department	tt0324554,tt0945513,tt0475944,tt0450314
nm1007091	Diane Glosson	\N	\N	producer,miscellaneous,writer	tt0458485,tt1007809,tt0199248,tt0447337
nm1007092	Norah Goddard	\N	\N	actress	tt0225526
nm1007093	Diana Godomski	\N	\N	miscellaneous	tt0095690
nm1007094	Mary Cruz Godínez	\N	\N	actress	tt0288438
nm1007095	Mark Goff	\N	\N	actor	tt6083768,tt0236907
nm1007096	Dato Gogilashvili	\N	\N	cinematographer	tt0288028
nm1007098	Luther Golledge	\N	\N	producer	tt0287196
nm1007099	Aleksandr Golyshev	\N	\N	editor	tt0288611
nm1007100	Anthony Gomez	\N	\N	miscellaneous,actor,writer	tt1336607,tt5488982,tt0288428,tt0181421
nm1007101	Beatriz Gonzalez	\N	\N	make_up_department,producer	tt2235587,tt6944500
nm1007102	José González Capistramo	\N	\N	actor	tt0288438
nm1007103	José González Castillo	1885	1937	writer	tt0178702,tt0273697,tt0190498,tt0200005
nm1007104	Alexandro González	\N	\N	actor	tt0288438,tt0064663
nm1007105	Virginia González	\N	\N	actress	tt0355107,tt0288438,tt0329882,tt0378371
nm1007106	Jan Willem van Goor	\N	\N	actor	tt0100006
nm1007107	Gerda Gosepa	\N	\N	actress	tt0144778
nm1007108	Peggy Goss	\N	\N	actress,producer	tt0285333,tt4949708,tt1307926,tt0118276
nm1007110	Jean-Pierre Gosselin	\N	\N	art_department	tt0323944,tt0945513,tt0450314,tt0368794
nm1007111	Anne Gotaas	\N	\N	costume_department	tt0125507,tt0268845
nm1007112	Latchezar Gouchev	\N	\N	animation_department,art_department,visual_effects	tt0108783,tt0338464,tt0278866,tt0219458
nm1007113	Arnaud Goujon	\N	\N	actor	tt0097995,tt3887954,tt0287963
nm1007114	Gennadi Gukov	\N	\N	art_director	tt0282832
nm1007115	Jean Govaerts	\N	\N	art_director	tt0217117
nm1007116	Vanessa Goyanes	\N	\N	actress	tt0288634
nm1007117	Roger Goze	\N	\N	actor	tt0170027,tt0045617
nm1007118	Francisco Javier Granados	\N	\N	actor	tt0288438
nm1007119	Gilles Grandmaire	\N	\N	actor	tt0095097
nm1007120	Eloi de Grandmont	1921	1970	writer	tt0251536,tt5338628
nm1007122	Richard Grassick	\N	\N	director,writer,producer	tt1789905,tt0109708,tt0288102,tt0246967
nm1007123	Charlotte Grauers	\N	\N	actress	tt0288064
nm1007124	Bronwen Gray	\N	\N	actress,director,miscellaneous	tt0215407,tt1623137,tt0287858,tt1741287
nm1007125	Janie Grazia	\N	\N	actress	\N
nm1007126	Cecil Green	1900	2003	actor	tt0043052
nm1007127	Reuben Greenspoon	1899	1987		tt0032929
nm1007128	William John Gregory	\N	\N	actor	tt0082425
nm1007129	Fran Grela	\N	\N	actor	tt0433549,tt2227736,tt2381654,tt2344900
nm1007130	Douglas Gresham	1945	\N	producer,actor	tt0363771,tt0499448,tt0980970,tt1223947
nm1007131	Justin Griffiths	1977	\N	art_department,miscellaneous,camera_department	tt0259324,tt0382992,tt0458525,tt1343092
nm1007132	Bonnie Griggs	\N	\N	animation_department,art_department	tt0283754,tt0101178,tt0128890,tt0138967
nm1007133	Arsen Grigoryants	\N	\N		\N
nm1007134	Gene Grijalva	\N	\N	special_effects	tt0170016,tt0134154,tt0181689
nm1007135	Sandra Grimmer	\N	\N	make_up_department	tt0288097,tt0252299
nm1007136	Valeska Grisebach	1968	\N	writer,director,producer	tt0416213,tt0288115,tt5157326,tt4048272
nm1007137	L.D. Groban	\N	\N	actor,writer,costume_department	tt0284020,tt0354528,tt0301888,tt11251850
nm1007138	Ronald Groenink	\N	\N	producer	tt0288422
nm1007139	Mick Grondahl	\N	\N	soundtrack,actor,composer	tt0388150,tt0351127
nm1007140	Jarl Grantin Johnsen	\N	\N	camera_department,miscellaneous	tt1740707,tt7280898,tt1758810,tt1389072
nm1007141	Gerard de Groot	1921	1974	actor	tt0352077,tt1080854,tt0063463,tt0182651
nm1007143	Kelly Groucutt	1945	2009	actor,soundtrack	tt0098411,tt0097876
nm1007144	Jamie Grover	\N	\N	actor	tt0046641
nm1007145	Bjørn Grønnerud	\N	\N	art_department,art_director	tt1758810,tt1389072,tt2382320,tt1029235
nm1007146	Michelle Gucovsky	\N	\N	assistant_director	tt0287940
nm1007147	Roy Gudmundsen	\N	\N	art_department,miscellaneous,director	tt0313383,tt0125507,tt0276675,tt10934718
nm1007148	Alissa Guerrero Chávez	\N	\N	actress	tt0288849
nm1007149	Lorna Guess	\N	\N	producer,manager	tt2201271,tt0364151
nm1007150	Colette Guieu	\N	\N	actress	tt0288471,tt0187181,tt5209278
nm1007151	Oleg Gulyavskiy	\N	\N		\N
nm1007152	Franc Gunzer	\N	\N	actor	tt0175257
nm1007153	G. Guramishvili	\N	\N	actor	tt0288041
nm1007154	Giorgi Gurgulia	\N	\N	actor	tt0480702,tt0307294,tt2064728,tt2705440
nm1007155	Regan Gurr	\N	\N	actor	tt0265273
nm1007156	Marie-Marthe Guénette	\N	\N	director	tt0283664
nm1007157	Avto Gventsadze	\N	\N	cinematographer	tt0288028
nm1007158	Cathrine Gåre	\N	\N	miscellaneous	tt0125507,tt0268845
nm1007159	Seray Gözler	1961	\N	actress	tt0409502,tt1289763,tt3746902,tt17543520
nm1007162	Toby Hadoke	1974	\N	actor,miscellaneous,writer	tt0053494,tt1236223,tt11102276,tt1078267
nm1007163	Kosta Hadzhiminev	\N	\N	actor	tt0331362,tt0287948,tt0287947
nm1007164	Herman Hafkamp	\N	\N	actor	tt0100213,tt0096597,tt0486185,tt0179034
nm1007165	Daikichi Haibara	\N	\N	director	tt0288146
nm1007166	Eric Michael Halderman	\N	\N	actor,producer,miscellaneous	tt0805624,tt0435751,tt0302598,tt0451118
nm1007167	John Halfhide	\N	\N	camera_department,art_department	tt0115417,tt15232546,tt0288610
nm1007168	Henri Halkola	1973	\N	actor	tt0249261,tt8475274,tt0185819,tt0300730
nm1007169	Lari Halme	\N	\N	actor,soundtrack	tt0188135,tt1594409,tt0395406,tt10752812
nm1007170	Jori Halttunen	\N	\N	actor,miscellaneous	tt0249261,tt6816652,tt0170107,tt0183320
nm1007171	Jason M. Halverson	1969	\N	visual_effects	tt0234215,tt0121766,tt2015381,tt3040964
nm1007172	Malina Hamilton-Smith	\N	\N	actress,director,writer	tt2213322,tt11733492,tt0288649
nm1007173	André Hammesfahr	\N	\N	editor,editorial_department	tt0303898,tt14149744,tt20869000,tt0847709
nm1007174	Marie Lynn Hammond	\N	\N	actress	tt0083201,tt0196235,tt3882136
nm1007176	Mai Hana	\N	\N	actress	tt9225298,tt10080720,tt2358466,tt5086910
nm1007177	John 'Nancy' Hansen	\N	\N	production_manager,editorial_department,actor	tt7621200,tt2133326,tt0436078,tt0121955
nm1007178	Morten H. Hansen	\N	\N	miscellaneous,camera_department	tt0125507,tt0341739,tt0463276,tt0801012
nm1007179	Obi Hansson	\N	\N		tt0278191
nm1007180	Ellin Hare	\N	\N	miscellaneous,director,editor	tt16744250,tt0288102,tt0246967,tt0246918
nm1007181	Adam Hart-Davis	1943	\N	producer,miscellaneous,writer	tt1287866,tt0247885,tt0211146,tt0128884
nm1007182	Birçe Hasko	1942	\N	actor	tt0295549,tt0173193,tt0126622,tt0171575
nm1007183	Rod Humanlab Hatfield	\N	\N	cinematographer	tt0287992
nm1007184	Márcio Hathay	1947	\N	actor	tt0272050,tt0440397,tt0260815,tt0188044
nm1007185	Anna Hatzisofia	\N	\N	writer,actress,director	tt0259147,tt1091877,tt0301784,tt0294128
nm1007186	K. Hauert	\N	\N	actor	tt0029281
nm1007187	Remi Haugan	\N	\N	camera_department,art_department,miscellaneous	tt0125507,tt0353043,tt1788092,tt6185118
nm1007188	Ann-Kristin Haugen	\N	\N	set_decorator,art_department	tt0268845,tt0118785,tt0177446,tt0125507
nm1007190	Werner Hawelka	\N	\N	art_department	tt0120991,tt0288097
nm1007192	Spanky Hayes	1986	\N	actor,writer	tt10198952,tt13142366,tt0284674,tt2179936
nm1007193	Kelsy Haynal	\N	\N	producer,miscellaneous,production_manager	tt0254871,tt0288176,tt0186932,tt0254872
nm1007194	Kanpei Hazama	\N	\N	actor,director	tt2645290,tt0340280,tt0361668,tt1101039
nm1007195	Janine Heath	\N	\N	producer,production_manager,miscellaneous	tt0109705,tt2556666,tt3134462,tt1354663
nm1007196	John Heddles	\N	\N	actor,miscellaneous	tt0067408,tt0091964
nm1007197	Hana Hegedusic	1976	\N	actress,music_department	tt1135550,tt12524686,tt0329421,tt0464770
nm1007198	Gerlinde Heiduschka	\N	\N	make_up_department	tt0288887
nm1007199	David van der Heijden	\N	\N	actor	tt0100006
nm1007200	Corrie van Heijningen	\N	\N	actress	tt0144778
nm1007202	Toni Heittola	\N	\N	music_department	tt0240937
nm1007204	Ellen Heltzel	\N	\N	art_department,set_decorator	tt0321473,tt0366416,tt0488295,tt1149362
nm1007205	Roderik Henderson	\N	\N	director,cinematographer,art_director	tt0288837
nm1007206	Tanja Henderson	\N	\N	director,actress,cinematographer	tt0288837
nm1007207	Dolf Hendriks	\N	\N	actor	tt0288166
nm1007208	Sebastjan Henrickson	\N	\N	editorial_department,producer,camera_department	tt4653724,tt0241082,tt0255005,tt0255011
nm1007209	Fini Henriques	1867	1940		tt0288008
nm1007210	Joel Hepner	1934	\N	actor	tt0288520
nm1007211	Marco Antonio Hernández	\N	\N	actor	tt0062743,tt0288438
nm1007212	Uwe Herpich	\N	\N	production_manager,producer	tt1251351,tt1229790,tt1075116,tt0418238
nm1007213	Alfredo Herrera	\N	\N	transportation_department	tt0288876
nm1007214	Javier Herrera	\N	\N	actor	tt0288438,tt0105817,tt0441385,tt0341204
nm1007216	Stephan Herschung	\N	\N	writer,producer	tt0790569,tt0395405,tt0424720,tt0375267
nm1007217	Charles Hersee	\N	\N	actor	tt0037666,tt1646039,tt1586121,tt0424009
nm1007218	Carla Hesse	\N	\N	editor	tt0167946
nm1007219	Siegfried Hetzke	\N	\N	art_department	tt0117517,tt0806910
nm1007220	Juhana Hietala	\N	\N	miscellaneous	tt0249261
nm1007221	Chavarria Hilario	\N	\N	actor	tt0199421,tt0194368,tt0138959
nm1007222	Neil Hill	\N	\N	actor	tt0288847,tt0340401
nm1007223	Melcher Hillmann	\N	\N	director,writer,assistant_director	tt3005160,tt0288501,tt4532320,tt4092590
nm1007224	Doris Hindinger	1970	\N	actress	tt1173745,tt5966214,tt0806910,tt1897596
nm1007225	Hilary Hinkle	\N	\N	miscellaneous,writer,producer	tt2555576,tt0088622,tt0100192,tt0138834
nm1007226	Mayuko Hino	1959	\N	actress	tt5578798,tt0285554,tt9697476,tt9642404
nm1007227	I. Hirth	\N	\N	actor	tt0029281
nm1007228	Gary Ho	\N	\N	cinematographer,camera_department	tt0081652,tt0105620,tt0083696,tt0086446
nm1007229	Matt Hobbie	1974	\N	actor,writer,producer	tt0234829,tt0250224,tt15028214,tt6948712
nm1007230	Ronald Hodgson	\N	\N	camera_department	tt1558128,tt0158369,tt0492044,tt0156413
nm1007231	Adolph Hofner	1916	2000	soundtrack,composer,music_department	tt0081433,tt0288090,tt0954947
nm1007232	Leendert Hogerwerf	\N	\N	actor	tt0144778
nm1007233	Russell Holdaway	\N	\N	stunts	tt0159382
nm1007234	Rebecca Holler Barkley	\N	\N	art_director,art_department,set_decorator	tt0321044,tt0083444,tt0283830,tt1384795
nm1007235	Anne Kari P. Holli	\N	\N	make_up_department,miscellaneous,costume_designer	tt2535202,tt0112027,tt0837106,tt0468593
nm1007236	Jennifer Holliday Morrison	\N	\N	actress,producer,miscellaneous	tt4086032,tt1799585,tt1964570,tt0201739
nm1007237	Shane Holliday	\N	\N	sound_department	tt0288023
nm1007238	Sunny Holliday	\N	\N	make_up_department	tt0288023
nm1007239	Romeo Holloway	\N	\N	actor,writer	tt9618692,tt0255819,tt2012232
nm1007240	Darren Holsapple	\N	\N	composer	tt0288828
nm1007241	Joshua A. Holsen	\N	\N	editorial_department	tt0186014
nm1007242	Ivar Øystein Holt	\N	\N	set_decorator,art_department	tt0125507,tt0448189,tt1788092,tt0108980
nm1007243	Doris Homolka	\N	\N	costume_designer	tt0287922
nm1007244	Greg Hood	\N	\N	actor	tt0288023
nm1007245	Henk Hoogkamer	\N	\N	actor	tt0100006
nm1007246	Mary Rice Hopkins	\N	\N	composer,writer,actress	tt1454821,tt10173016,tt0288857,tt0162811
nm1007247	Silje Hopland Eik	1974	\N	producer,casting_department,writer	tt1255956,tt10163840,tt1648099,tt2865618
nm1007248	Nancy Horowitz	\N	\N	art_department	tt0095690
nm1007249	Andrew Hoskins	\N	\N	actor	tt0288610
nm1007250	Frances Humphrey Howard	1914	2002	actress	tt0061489
nm1007251	Nikole Hoyer	\N	\N	editor,editorial_department	tt0114453
nm1007252	Alan Hranitelj	1968	\N	costume_designer,make_up_department	tt3189054,tt0333701,tt0288440,tt0381683
nm1007253	Jiri Hrubes	\N	\N	art_department,transportation_department,location_management	tt1046173,tt0167190,tt0370263,tt0311429
nm1007254	Megan Huber	\N	\N	producer,director,actress	tt21223048,tt7631816,tt1144545,tt9218782
nm1007257	Tess Hunt	\N	\N	actress	tt2693610,tt0311850,tt3824458,tt3060718
nm1007258	Asondra Hunter	\N	\N	actress	tt0255819
nm1007259	Dug Huntman	\N	\N	actor	tt0288498
nm1007261	Constantino Hurtado	\N	\N	actor	tt0288469
nm1007262	Godofredo Hurtado	\N	\N	actor	tt0288469
nm1007263	José Luis Hurtado	\N	\N	actor	tt0283123,tt0288469
nm1007264	Karianne Huuse	\N	\N	casting_department	tt0125507,tt0268845
nm1007265	Piet Huysentruyt	\N	\N	actor,writer	tt1664627,tt1584845,tt0288386,tt1552917
nm1007266	Nicole Haeussermann	\N	\N	miscellaneous,assistant_director,production_manager	tt0462465,tt0346631,tt0375154,tt0360009
nm1007267	Roger Hédouin	\N	\N	actor	tt0210304,tt0191303,tt0204385,tt0287050
nm1007268	Zulkarnain Ibrahim	\N	\N	actor	tt0269131
nm1007269	Sibylle Illner	\N	\N	assistant_director,producer,art_department	tt0126547,tt1087833,tt7290228,tt0108829
nm1007271	Jan Arne Ingebretsen	\N	\N	art_department,camera_department,miscellaneous	tt0125507,tt8792746,tt0491302,tt0142034
nm1007272	Inka	\N	\N	actress	tt0358662,tt2837670,tt0288278
nm1007273	Analia Invernizzi	\N	\N	costume_designer	tt0143197,tt0204555,tt0288838
nm1007274	Sandra Iodice	\N	\N	actress	tt0139216
nm1007275	Nutzi Ipceanu	\N	\N	actress	tt0288627
nm1007276	Julia Iranzi	\N	\N	producer	tt0288838
nm1007278	Ifna Isenia	\N	\N	actress	tt0144778
nm1007279	Motomasa Ishii	\N	\N	actor	tt0288055,tt0102908,tt0257563,tt0286645
nm1007280	Neil Ishimine	\N	\N	animation_department,director,writer	tt4782144,tt2133326,tt0345754,tt0158983
nm1007281	Kenan Isik	1948	\N	actor,writer	tt7663950,tt0432807,tt0388189,tt0313802
nm1007282	Laurie Isola	\N	\N	miscellaneous,production_manager	tt0300295,tt0283707
nm1007283	Sakiko Ito	\N	\N	actress	tt0288069
nm1007284	Lois Ivanoff	\N	\N	assistant_director	tt0288812
nm1007285	Damyan Ivanov	\N	\N	actor	tt0288899
nm1007286	Stiliyan Ivanov	\N	\N	actor	tt0256533,tt0253722
nm1007288	Dag Ivarsøy	\N	\N	editorial_department,art_department	tt9045020,tt0125507,tt0268845
nm1007289	Grayston Ives	1948	\N	music_department,soundtrack	tt0120631,tt0108101
nm1007290	Al Izumi	\N	\N	transportation_department	tt0159097,tt0159797,tt0120255,tt0157000
nm1007291	Carey Jaccuzzo	\N	\N	actor	tt0288023
nm1007292	Wayne Colby Jackson	1980	\N	actor	tt0297541
nm1007293	Robert Jacobsen	\N	\N	actor,director	tt0332460,tt0310050,tt0293238,tt0293235
nm1007295	Marina Jagodzinski	\N	\N	make_up_department	tt1779447,tt0806901
nm1007296	Anika Jahn	\N	\N	actress	tt0288115
nm1007297	Jackie Jai	\N	\N	actor	tt0100006
nm1007300	John Albert Jansen	\N	\N	director,producer,writer	tt6238198,tt6160918,tt5671418,tt4720084
nm1007301	Tim Jansen	\N	\N	art_department,art_director	tt0401815,tt0167367,tt0207631,tt0349889
nm1007303	Patricia Jarosch	\N	\N	actress	tt0202327
nm1007304	Justin Jauk	\N	\N	actor	tt0288440
nm1007305	Bernardo Jauregui	1975	\N	visual_effects,talent_agent,actor	tt0371746,tt0319262,tt1093357,tt1046173
nm1007306	Jeanmarie	\N	\N	actress	tt10510282,tt2276770,tt0353065,tt0045431
nm1007307	Irène Jeanning	1903	1991	actress	tt0191981,tt0143946,tt0198467,tt0193313
nm1007308	Regina Jehá	\N	\N	director,writer,producer	tt8772198,tt8772482,tt4532634,tt1859636
nm1007310	Pete Jensko	\N	\N	director,writer	tt0288060
nm1007311	Suncica Jergovic	\N	\N	director,writer	tt14895146,tt0288754,tt0498139
nm1007312	Jennifer Jesperson	\N	\N	music_department	tt1046947,tt1935179,tt1179817,tt1368440
nm1007313	Joel Jessup	\N	\N	writer	tt7688260,tt1388822,tt1397341,tt0262147
nm1007314	Lisa Jesswein	\N	\N	actress,writer	tt5862740,tt7336100,tt0288040,tt10520066
nm1007315	Vaso Jimshiashvili	\N	\N	actor	tt0288556
nm1007316	Kristin Johannessen	\N	\N	miscellaneous	tt0268845,tt0125507,tt0119658
nm1007317	Steffen Johanssen	\N	\N	producer	tt0125507,tt0268845
nm1007318	Vicki Daniels Johnson	\N	\N	miscellaneous	tt0128445
nm1007319	Rajan Johri	\N	\N	writer,director,actor	tt0288273,tt0315777,tt1985058,tt1023138
nm1007320	Ilse Johé	\N	\N	make_up_department	tt0478439,tt0302026,tt0081860,tt15611188
nm1007321	Els Joling	\N	\N	actress	tt0060699
nm1007322	Candace Jones-Sutton	\N	\N	producer,director,writer	tt0297638,tt0294157,tt0290364,tt0124174
nm1007323	Tor Jostein Sørle	\N	\N	miscellaneous	tt0268845,tt0125507
nm1007325	Kazi Joven	\N	\N	actress	tt0133832
nm1007326	Sasha Jude	\N	\N	actress	tt0288023
nm1007327	Brigitte Juergenson	\N	\N	actress	tt0288847,tt0340401
nm1007328	Pepito Juez	\N	\N	make_up_department	tt0367193,tt0275491,tt0264571,tt0809533
nm1007329	Sandra Junnikkala	\N	\N	make_up_department	tt0249261
nm1007330	Antti Jussila	\N	\N	music_department,soundtrack	tt1842426,tt0408389,tt0240937
nm1007331	Jaroslaw Kaczynski	1949	\N	actor	tt2338071,tt0484502,tt15275848,tt0060771
nm1007332	Lech Kaczynski	1949	2010	actor	tt1483780,tt0060771,tt0766242,tt8278574
nm1007333	Jelena Kadijevic	\N	\N	actress	tt0288754
nm1007334	Tarek Kahn	\N	\N	miscellaneous	tt0159097
nm1007335	Ju Kakamoto	\N	\N	actress	tt0288846
nm1007336	Douglas Kalberg	\N	\N	art_department	tt0306021,tt0257570
nm1007337	Tapio Kalliomäki	\N	\N	assistant_director,actor,art_department	tt1339549,tt0249261,tt8290978,tt0107970
nm1007338	Kamalakant	\N	\N	actor	tt0044769,tt0215983,tt0414504,tt0048479
nm1007339	Elias Kambitis	\N	\N	director,writer	tt0288682
nm1007340	Georgi Kamenski	\N	\N	actor	tt0288899
nm1007341	Nato Kandelaki	\N	\N	art_director,costume_designer	tt0176926,tt0287943
nm1007342	Yvonne Kaniowski	\N	\N	actress	tt0092405
nm1007343	Shogo Kano	\N	\N	actor	tt0287919,tt0216964,tt0095309
nm1007344	Kantz	1959	2021	director,writer,producer	tt1883303,tt1045673,tt0235553,tt1395783
nm1007345	Niko Kanxheri	1947	\N	actor,director	tt0170209,tt0173193,tt0353174,tt0353499
nm1007346	Giannis Kapetanios	\N	\N	actor	tt7153460,tt0257326,tt11351238,tt6777446
nm1007347	Thomas Kappler	\N	\N	actor	tt1104005,tt0288320,tt0400681,tt1078597
nm1007348	Svetoslav Karaboikov	\N	\N	actor	tt0289754,tt0338506,tt0376699,tt0344952
nm1007349	Apostolos Karamanos	\N	\N	camera_department	tt0125507,tt0268845
nm1007350	Diamantis Karanastasis	1974	\N	actor,producer,director	tt1117554,tt8220786,tt1754241,tt4660248
nm1007351	Yukitomo Karano	\N	\N	actor	tt0288326
nm1007352	V. Karpov	\N	\N	actor	tt0081924,tt0383137,tt0174464
nm1007353	Richard Karpyshin	\N	\N	art_department	tt0156413,tt0201732,tt0149448,tt0158369
nm1007354	Annette Karsenti	\N	\N	actress	tt0058702
nm1007355	Gerasimos Karvounis	\N	\N	art_department	tt1976000,tt0258463,tt0795421,tt0403508
nm1007356	Docho Kasabov	\N	\N	actor	tt0331313,tt0323991,tt0287948,tt0331362
nm1007357	M. Kasabova	\N	\N	actress	tt0287948
nm1007358	Zbigniew Grala Kasztan	\N	\N	actor	tt0092405,tt0102019,tt0090440
nm1007359	Dimitris Kataliakos	\N	\N	camera_department,writer,cinematographer	tt0238112,tt0291141,tt0245013,tt0159420
nm1007360	Ragga Katla	\N	\N	costume_designer	tt0288309
nm1007361	James Kats	\N	\N	art_department	tt0114918
nm1007362	Stathis Katsaros	\N	\N	director,writer,actor	tt1534424,tt0288731,tt1197517,tt1494944
nm1007363	Eugene Katsman	\N	\N		\N
nm1007364	Tomoko Katsura	\N	\N	actress	tt0288328,tt0227051
nm1007365	Narinder Kaur	1972	\N	actress	tt14682078,tt2427002,tt0373642,tt0225515
nm1007366	Ernesto Kavanagh	\N	\N	writer	tt0251492
nm1007367	Mirjam Kavcic	\N	\N	make_up_department,special_effects	tt0283509,tt1966571,tt0288092,tt1114690
nm1007368	Markos Kavoyrakis	\N	\N	art_department	tt0125507,tt0268845
nm1007369	Mikhail Kavtaradze	\N	\N		\N
nm1007370	Jay Kay	1969	\N	soundtrack,actor,composer	tt0889573,tt0120685,tt0120913,tt0432291
nm1007371	J. Keith Butler	\N	\N	actor	tt0250181
nm1007372	Kenneth Keithlin	\N	\N		\N
nm1007373	Bernhard Keller	\N	\N	cinematographer,camera_department	tt1616194,tt1204773,tt5157326,tt1342412
nm1007374	Heath Kenny	\N	\N	director,writer,producer	tt3508674,tt1684813,tt5869342,tt0482870
nm1007375	Meina Kentner	\N	\N	actress	tt0207274,tt0242726,tt0179034
nm1007376	Tzocho Kerkenezov	\N	\N	actor	tt0288181,tt0372550,tt0289754,tt0279440
nm1007377	Michele Kesten	\N	\N	actress	tt0062369
nm1007378	Lieve Ketelsleghers	\N	\N		tt0287876
nm1007379	Disa Ketils	\N	\N	costume_designer	tt0288309
nm1007380	Greg Khabner	\N	\N		\N
nm1007381	Tanveer Khan	\N	\N	writer,director,actor	tt0430328,tt0946999,tt2104937,tt0133024
nm1007382	Aleksandre Khojava	\N	\N	director,writer	tt0288494
nm1007384	Darya Khudyakova	\N	\N	actress	tt0282832,tt1386477,tt0318034,tt2465266
nm1007385	Igor Khutsiev	\N	\N	writer,director	tt4016446,tt0447265,tt2231411,tt0288611
nm1007386	Giorgi Khvadagiani	\N	\N	cinematographer,camera_department	tt0288494,tt0115755
nm1007387	Roelof Kiers	\N	\N	director,actor,producer	tt0060699,tt12132870,tt4365880,tt0882777
nm1007388	Leen Kievit	\N	\N	actor	tt0100006
nm1007389	Tracy Kilbourne	\N	\N	camera_department,miscellaneous,cinematographer	tt0360295,tt0374366,tt0138956,tt0439544
nm1007390	John S. Kilner III	\N	\N	art_department,costume_department	tt0095690,tt0094512
nm1007391	Heejung June Kim	\N	\N		\N
nm1007392	Kyle Kim	\N	\N	actor	tt0240780
nm1007393	Marc Kim	\N	\N	camera_department,cinematographer,director	tt0226093,tt0360821,tt0289705,tt0280203
nm1007395	Sun Hee Kim	\N	\N	miscellaneous	tt0240494
nm1007396	Diundi Kinosita	\N	\N	writer	tt0287840
nm1007397	Cheyenne Kitchikake	\N	\N	actor	tt0331111,tt0288344
nm1007398	Walter Kittredge	\N	\N	soundtrack	tt0036888,tt0800308,tt0049279,tt0046593
nm1007399	Ayu Kiyokawa	\N	\N	actress	tt10218502,tt10208170,tt0288130,tt0224038
nm1007400	Henriette Klautz	\N	\N	actress	tt0060447
nm1007401	Adam Klein	\N	\N	animation_department,visual_effects,miscellaneous	tt2660888,tt1431045,tt0343818,tt1856101
nm1007402	Sydney Knight	\N	\N	actor	tt0072960
nm1007403	Bep Knijtijzer Blokker	\N	\N	actress	tt0060044
nm1007404	Per Henry Borch	1970	\N	location_management,producer,miscellaneous	tt3480822,tt1160419,tt2382320,tt6723592
nm1007405	Allone Koffkinski	\N	\N	actor,art_department	tt0288896
nm1007406	Kalle Koivisto	\N	\N	music_department,composer,soundtrack	tt0231971,tt0342689,tt0268711,tt8193512
nm1007407	Hideki Kojiya	\N	\N		\N
nm1007408	Vasja Kokelj	1966	\N	production_designer,art_department,actor	tt3078718,tt0476323,tt1156528,tt0333874
nm1007409	Sini Kolari	\N	\N	actress	tt0435121,tt0249261
nm1007410	Cor Kolenbrander	\N	\N	producer	tt0288164
nm1007411	Roman Kolinka	1986	\N	actor,assistant_director	tt4120176,tt1459012,tt6297258,tt0827713
nm1007412	Aljosa Koltak	\N	\N	actor	tt7797196,tt2137063,tt6061558,tt5008540
nm1007413	Daniel Peter Kolton	\N	\N	composer,music_department,soundtrack	tt0292429,tt0288040,tt0272207,tt0238463
nm1007414	Tetsuo Komatsu	\N	\N	actor	tt0288270,tt0287695,tt0329018
nm1007415	Yoko Kon	\N	\N	actress	tt0288269,tt0415357,tt1949188,tt1529642
nm1007416	Michal Kondracki	1902	1984	composer	tt1158896,tt0287994
nm1007417	Chanel Kong	\N	\N	miscellaneous,actress	tt0240780
nm1007418	Alexa Testa	\N	\N	actress	tt0149825
nm1007419	Laura Korkoian	\N	\N	producer,director,casting_director	tt5219042,tt0103520,tt0398571,tt0362153
nm1007420	James Korloch	\N	\N	special_effects,make_up_department,writer	tt2197802,tt1190910,tt1107394,tt11183790
nm1007422	Nikola Kovachev	1926	2005	director,writer,actor	tt0455224,tt0290579,tt0467983,tt0290696
nm1007423	Pavla Kovic	\N	\N	actress	tt0295933,tt0175257
nm1007424	Caroline Krabach	1977	\N	producer,miscellaneous	tt0421470,tt0292772,tt0364900,tt0287898
nm1007425	Mara Kralj	\N	\N	make_up_department	tt0040634,tt0175257
nm1007426	Slavica Krasevec	\N	\N	actress	tt0175257
nm1007427	Veselin Krastev	\N	\N	camera_department,editorial_department	tt0253627,tt0192475,tt0372550,tt0279440
nm1007428	Milos Václav Kratochvíl	1904	1988	writer,miscellaneous,actor	tt0171892,tt0047128,tt0054780,tt0052958
nm1007429	Ari Krepostman	\N	\N	producer,production_manager,miscellaneous	tt1056411,tt1719547,tt1557607,tt0808319
nm1007431	Casey Kretzmer	\N	\N	actress	tt0133832
nm1007432	Tadeusz Krolikiewicz	\N	\N	writer	tt0287994
nm1007433	Brenda Kruzik	\N	\N	actress	tt0288320
nm1007434	K.S. Kuang	\N	\N	actor	tt0100006
nm1007435	Lori Kuffner	\N	\N	producer,director	tt0362961,tt0296112,tt0353944,tt0296204
nm1007436	Meglena Kuneva	\N	\N	writer	tt0480279,tt0255548
nm1007437	W. Kunicki	\N	\N	camera_department	tt0287994
nm1007438	Eva Kupiec	\N	\N	music_department	tt0268845,tt0125507
nm1007439	Matsutaro Kuroiwa	\N	\N	director	tt0288050
nm1007440	Casey Kurtti	\N	\N	writer	tt0202179,tt0278785
nm1007441	Charlit Kurup	\N	\N	special_effects	tt0240494
nm1007442	Johan Kustus	\N	\N	actor	tt0245385,tt0907683
nm1007443	Masamichi Kusunoki	\N	\N	actor	tt9809974,tt9695854,tt9619740,tt9723362
nm1007444	Anica Kuznik	\N	\N	actor	tt0175257
nm1007448	Giovanna La Placa	\N	\N	costume_designer	tt2580858,tt1616357,tt5251198,tt0287857
nm1007449	Annika La Rue	\N	\N	actress	tt1426979,tt0288824,tt0268521,tt0288643
nm1007450	Natalie M. LaSalle	\N	\N		tt0287209
nm1007451	Erika Laansalu	\N	\N	production_manager,producer	tt1668102,tt0459877,tt0194345,tt0834170
nm1007452	Gerowyn Lacaze	\N	\N	actress	tt0288841
nm1007454	Yiannis Lambrou	1954	2011	director,writer,producer	tt1566472,tt0288673,tt1534464,tt1645056
nm1007455	Nina Landey	\N	\N	actress	tt0197182,tt0285331,tt0203259,tt0356159
nm1007456	Jurek Laniorski	\N	\N	actor	tt0092405
nm1007457	Valérie Lapierre	\N	\N	miscellaneous	tt2287307,tt1159995,tt0348836,tt1029234
nm1007458	Marta Larralde	1981	\N	actress,assistant_director	tt0369702,tt0297174,tt1925488,tt0414225
nm1007459	Jenny Larsen	\N	\N	actress	tt0288526,tt0307265
nm1007460	J.H. Lartique	\N	\N		\N
nm1007461	S.P. Larussa	\N	\N	actor	tt0288023
nm1007462	Nikos Laskaris	\N	\N	actor,sound_department,director	tt0288757,tt1404006,tt1380203,tt0257377
nm1007463	Nathalie Rose	\N	\N	actress	tt0460677,tt0246464
nm1007464	Martino Latupeirissa	\N	\N	actor	tt0100006
nm1007465	Marius Laufer	\N	\N	actor	tt0149825
nm1007466	D. Laurence	\N	\N	actor	tt0288308
nm1007467	Patrick Laurendeau	\N	\N	location_management,stunts,actor	tt1840417,tt1877832,tt3672742,tt6565702
nm1007468	Cornelia Laux	\N	\N	editor,producer	tt0288097
nm1007469	Fanny Lauzen	\N	\N	actress	tt3805856
nm1007470	Puteh Lawak	\N	\N	actor	tt0051421,tt9898504,tt0050304,tt6420684
nm1007471	Ellen Lazerow	\N	\N	miscellaneous	tt0095690
nm1007472	Toni Laznik	1966	\N	cinematographer,camera_department,miscellaneous	tt1252513,tt0367959,tt0348166,tt0288092
nm1007473	Alyson Le Borges	1986	\N	actress	tt15566816,tt13989952,tt0288334
nm1007474	Corby Le Gault	\N	\N	actor	tt0288320
nm1007475	T-Spect Le	\N	\N	miscellaneous,cinematographer,camera_department	tt0288428,tt1887847,tt1456115,tt5220724
nm1007476	Monique LeMaire	1934	\N	actress,soundtrack	tt0059968,tt0057798,tt0060036,tt0060018
nm1007477	Shawn LeNoble	\N	\N	actor	tt0170691
nm1007478	Charles Lederlé	\N	\N	writer	tt0288486
nm1007479	Gustavo Ledezma	\N	\N	actor	tt0288469
nm1007480	Jang Soo Lee	\N	\N	director,producer	tt0457542,tt2075350,tt2479216,tt0226093
nm1007481	Kyung Nam Lee	\N	\N	animation_department,actress	tt0122804,tt0306274,tt0112197,tt0141560
nm1007482	Marco Legemaate	\N	\N	actor	tt0100006
nm1007483	Nicole Lehmann	\N	\N	actress	tt0320389,tt0288115
nm1007484	Dede Leiber	\N	\N		\N
nm1007485	Daniel H. Leimeter	\N	\N	miscellaneous	tt0288407
nm1007486	Halvard Leirvik	\N	\N	costume_department	tt0125507,tt0268845
nm1007487	Túlio Lemos	\N	\N	writer	tt0288354
nm1007489	Ruthann Lentz	\N	\N	make_up_department,actress	tt1800734,tt0288865,tt1830617,tt3663490
nm1007491	Henri Lesieur	\N	\N	actor	tt0202224,tt0198377,tt0288839,tt0197329
nm1007492	Helen Lesnick	\N	\N	actress,director,writer	tt0439628,tt0109098,tt0113826,tt0288520
nm1007495	Misho Leviev	\N	\N	actor	tt0287947,tt0331362,tt0287948
nm1007496	Guy Levin	\N	\N	director,writer,editor	tt0288303
nm1007497	Alissa Levisohn	\N	\N	miscellaneous,assistant_director	tt0159876,tt10313336,tt1092447,tt5850440
nm1007498	Marc Levitt	\N	\N	production_manager,location_management,art_department	tt0076459,tt0176357,tt0090730,tt0095690
nm1007499	Melanie Gray Lewis	\N	\N	actress	tt0287956
nm1007500	Rosendo León	\N	\N	actor,composer	tt0288438,tt0283553
nm1007501	Chrissy Li	\N	\N	actress	tt0477651,tt0360491,tt1259012,tt1160753
nm1007502	Tana Li	\N	\N	actress	tt1616357
nm1007503	Louie Liberti	\N	\N	actor,miscellaneous	tt0250224,tt0134974,tt11311754,tt0108757
nm1007505	Ole Morten Lien	\N	\N	art_department,special_effects,production_designer	tt0113557,tt1337366,tt11548668,tt2377081
nm1007506	Lester Lightstone	\N	\N	camera_department,cinematographer,sound_department	tt0811596,tt0464836,tt2488550,tt1415143
nm1007507	Birgit Lilienthal	\N	\N	actress	tt0311926
nm1007508	Bård Lillefjære	\N	\N	art_department,set_decorator	tt0113557,tt0116480,tt0114075,tt4515928
nm1007509	Tone Lind Jørgensen	\N	\N	miscellaneous,producer	tt0268784,tt0268845,tt0125507,tt0179275
nm1007510	Ørjan Lindahl	\N	\N	editorial_department	tt0268845,tt0125507
nm1007511	Gerd Lindner	\N	\N	assistant_director,writer,director	tt0121027,tt0806901,tt0068144,tt1779405
nm1007512	Daniel Lindsey	\N	\N	animation_department,miscellaneous,visual_effects	tt1735898,tt1259521,tt0429493,tt0372588
nm1007513	Marijan Lipovsek	1910	1995	composer	tt0052743,tt0175257,tt0303027
nm1007514	Marek Liven	\N	\N	actor	tt0288908
nm1007515	Lesley Livingston	\N	\N	actress	tt0284786,tt14430560,tt0835242,tt0284984
nm1007517	Oriol Llopis	\N	\N	camera_department,cinematographer	tt2055287,tt0338623,tt3751240,tt2076135
nm1007518	Kathy Lloyd	1967	\N		tt0106131,tt0294016,tt0300071,tt0349021
nm1007519	Alma Lluvia	\N	\N	actress	tt0288438
nm1007520	Frank Lodeizen	1931	2013	actor	tt0060447
nm1007522	V. Logne	\N	\N	actor	tt0288308
nm1007523	Ho Ah Loke	1901	1982	producer	tt8670592,tt22498526,tt6578552,tt0043364
nm1007524	Lolo Muñoz	\N	\N	editor	tt0288814,tt0288668
nm1007525	Álvaro Longoria	1968	\N	producer,writer,director	tt4964788,tt1661263,tt4206218,tt0892255
nm1007526	Gaspar López Campuzano	\N	\N	actor	tt3185588,tt2780380,tt0107435
nm1007528	Mitch Lopez	\N	\N	animation_department,art_department	tt0141560,tt0136658,tt2571344,tt0138967
nm1007529	Vivian Lord	1929	2021	actress	tt0081856,tt0288074,tt0077003,tt0073972
nm1007530	Cyril Loreau	\N	\N	location_management,transportation_department,miscellaneous	tt10339052,tt0215785,tt5090568,tt0149367
nm1007531	Danielle Lorek	\N	\N	actress	tt0288535
nm1007532	Lori	\N	\N	actress	tt0208204
nm1007533	Jen Losey	\N	\N	actress,assistant_director	tt5862740,tt0288040
nm1007534	Gustavo Louchard	\N	\N	actor	tt0288353
nm1007535	Paul Lovetall	\N	\N	actor	tt0191124,tt0288908
nm1007536	Nichol Lovett	1977	\N	miscellaneous,script_department,make_up_department	tt5639976,tt3921180,tt0488849,tt2189461
nm1007537	Genevieve Lovitt	\N	\N	visual_effects	tt0112173
nm1007538	Juan Lozano	\N	\N	actor,editor	tt0288469,tt0493812
nm1007539	Saturnino Lozano	\N	\N	actor	tt0288469
nm1007540	Ella Luansing	\N	\N	actress	tt0312863,tt0164792,tt0499621,tt0125009
nm1007541	T.J. Lubinsky	1972	\N	producer,director,writer	tt1062942,tt1321257,tt0395738,tt1227532
nm1007542	Rebecca Lumianski	\N	\N	actress,producer	tt0433345,tt6086114,tt1591071,tt0286197
nm1007543	Marcelo Luna Tejada	\N	\N	actor	tt0288469
nm1007544	Else Lund	\N	\N	costume_designer,costume_department	tt12410842,tt8466968,tt0125507,tt0190910
nm1007545	Pål Lunde Aarnset	\N	\N	camera_department	tt0382134,tt0366090,tt3160336,tt0353043
nm1007547	Natalia Lusinski	\N	\N	miscellaneous,script_department,writer	tt2520946,tt0224025,tt0410975,tt6388952
nm1007548	Simon J. Lycett	\N	\N	art_department	tt5935284,tt3692102,tt0109831,tt0103243
nm1007549	Nikola Lyubomirov	1944	\N	director,actor	tt0103093,tt0288692,tt0306180,tt0356080
nm1007550	Robert Légrenet	\N	\N		\N
nm1007551	Erik Lønnås	\N	\N	art_department	tt0108980,tt0125507,tt1055674,tt0429433
nm1007552	Subrahmanya Raju M.	\N	\N	composer	tt0287990
nm1007553	Chris van Maasdijk	\N	\N	actor	tt0100006
nm1007554	Sunny Mabrey	1975	\N	actress	tt6772802,tt0417148,tt0329774
nm1007555	Judy MacPhail	\N	\N		tt0226095
nm1007556	Milka Madjura	\N	\N	editor	tt0175257
nm1007557	José Luis Madrigal	\N	\N	actor	tt3766486,tt0288438
nm1007558	Mariela Madzharova	\N	\N	actress	tt0288899
nm1007560	Louis Magnifico	\N	\N	producer,director,writer	tt2662100,tt1764149
nm1007561	Pierre-Henry Magnin	\N	\N	art_director	tt0288147
nm1007562	Catrin Magnusson	\N	\N	art_department,cinematographer,set_decorator	tt1554513,tt0420087,tt0411545,tt0288370
nm1007563	Karim Magomedov	\N	\N	actor	tt0282832
nm1007564	Jane Malaquias	\N	\N	cinematographer,director,camera_department	tt0318341,tt0371013,tt6238620,tt4724278
nm1007565	Valeriya Malaya	\N	\N	actress	tt0288457
nm1007566	O'Neil Malbrough Jr.	\N	\N	actor	tt0288023
nm1007567	Tim Mallett	1964	\N	editor,producer,director	tt0283478,tt1323540,tt0424291,tt0306872
nm1007568	Iso Malman	\N	\N	cinematographer	tt0288268
nm1007569	Diana Malmstrom	\N	\N	actress	tt0276717,tt5080670
nm1007570	Nito Manalo	\N	\N	animation_department	tt0138967,tt0389571,tt5174504,tt6906666
nm1007571	Appa Rao Manapuram	\N	\N	director,writer	tt0369708,tt0288162,tt0297378
nm1007572	Giuseppe Mancini	\N	\N	actor,music_department,sound_department	tt1616357,tt0076207,tt0239493,tt0071883
nm1007573	Jessica F. Manera	\N	\N	actress,soundtrack	tt0292734,tt0290910,tt0288878
nm1007574	Dina Manet	\N	\N	costume_designer	tt0282832
nm1007576	Art Manjarez	\N	\N	actor	tt0288320
nm1007577	Fred Manjarez	\N	\N	actor	tt0288320
nm1007578	Juan Manjarez	\N	\N	actor	tt0288320
nm1007579	Reg Mankin	\N	\N	actor	tt0380872,tt0159863,tt0163432
nm1007580	Lauri Mannerma	\N	\N	art_department	tt0240494
nm1007581	Manobala	\N	\N	actor,director,writer	tt0320728,tt3711164,tt2187153,tt10127712
nm1007582	Mindy Manolakes	\N	\N	actress	tt0289875,tt0288498
nm1007583	Aleksandre Mantskava	\N	\N	writer	tt0814599,tt0283629,tt0288631,tt0821813
nm1007584	Geneviève Maranda	\N	\N	costume_department	tt0308383,tt0262776
nm1007585	Marie Marcilly	\N	\N	actress	tt0454103,tt0288456,tt0953611
nm1007586	Gabriel Marfaing	\N	\N	actor	tt0288013,tt0176373
nm1007587	Madeline Margaret	\N	\N	make_up_department	tt1609153,tt0288812
nm1007588	Jean Margatt	\N	\N	actor	tt0178901,tt0288813
nm1007589	Jean-Marie Marguet	\N	\N	actor,writer,assistant_director	tt0067950,tt0169468,tt0284849,tt0288013
nm1007593	Serena Mariani	\N	\N	actress	tt0156026
nm1007594	José Serrano	\N	\N	miscellaneous	tt0242285,tt0117131
nm1007595	Igor Markovski	\N	\N	actor	tt0288903,tt0375741,tt0247025,tt0348585
nm1007596	Plamen Markovski	\N	\N	actor	tt0288899
nm1007597	Douglas Marland	1935	1993	writer,actor	tt0048845,tt0085049,tt0057731,tt0044265
nm1007598	Peggy Marmuth	1970	\N	actress	tt0806901,tt0121027,tt0094568
nm1007600	Paula Lockner Marquez	\N	\N	script_department,miscellaneous,producer	tt9782202,tt0299261,tt0306305,tt0092317
nm1007601	Ana Louise Marsh	\N	\N	actress	tt0288847,tt0340401
nm1007602	Jay Martel	\N	\N	writer,producer,actor	tt1981558,tt2513862,tt2561572,tt3975368
nm1007604	Romolo Martino	\N	\N	costume_designer	tt0054068
nm1007605	Eric Martsolf	1971	\N	actor,producer	tt0279600,tt1688612,tt0192917,tt0058796
nm1007606	Novi Maruni	\N	\N	director,writer,editor	tt0293231,tt0308740,tt0291920,tt0288014
nm1007607	Nadine Marziano	\N	\N	actress	tt0179084
nm1007609	Diego Mas Trelles	\N	\N	producer,director,writer	tt1819607,tt0219365,tt0378453,tt5777700
nm1007610	Anna Masoti	\N	\N	producer	tt0288074
nm1007611	Paul Masque	\N	\N	actor	tt0287050
nm1007612	Jennifer Ann Massey	1973	\N	actress	tt0369179,tt1536051,tt0472954,tt0313043
nm1007613	Benedetta Massola	1978	\N	actress	tt0426683,tt0288229,tt0204094,tt4156664
nm1007614	Florencia Mata Valencia	\N	\N	actress	tt0288469
nm1007615	Nutsa Mataradze	\N	\N	writer	tt0288028
nm1007616	Maurice Mathiev	\N	\N	actor	tt0288023
nm1007617	Yûko Matsumoto	\N	\N	actress	tt0288033
nm1007618	Miyuki Matsushima	\N	\N	actress	tt0258713,tt0288071,tt12494574,tt0213247
nm1007620	Matthieu Belghiti	\N	\N	producer,writer,assistant_director	tt11789934,tt2109191,tt7680918,tt9192942
nm1007621	Mr. Mattman	\N	\N	actor	tt0288846
nm1007624	R.F. Maury	\N	\N	writer	tt0043232
nm1007625	Manolis Mavromatis	\N	\N	actor	tt0123833,tt0931795,tt0350442,tt10034620
nm1007626	Alex R. Mayer	\N	\N	director,actor,producer	tt0367835,tt0287992,tt0765519
nm1007627	Georgia Mazetti	\N	\N	actress,stunts	tt0020503
nm1007628	Brian M. McGinn	\N	\N	producer	tt0243339,tt0338221
nm1007629	Mick McCallion	\N	\N	art_department	tt0257570
nm1007630	Spider McCoy	\N	\N	actor	tt0034560
nm1007631	Warwick McDonald	\N	\N	miscellaneous	tt0091964
nm1007632	Tara McGinley	\N	\N	costume_designer	tt0288584
nm1007635	Tim McGurk	\N	\N	composer	tt0288232
nm1007636	Bryan McInnes	\N	\N	art_department,miscellaneous	tt0443348,tt0158369
nm1007637	Sylvia McKay	\N	\N	actress	tt0036065,tt0036309
nm1007638	Carolyn McKnight	\N	\N	actress	tt0250224
nm1007639	Shawn McNulty	\N	\N	actor,art_department	tt0265864,tt1403981
nm1007640	Andrew McPhillips	\N	\N	visual_effects,director,producer	tt1234721,tt2039338,tt0181689,tt1790864
nm1007641	Randy McQuaid	\N	\N	actor	tt0190294,tt1278021
nm1007642	Dawn-Rae Mclaren	\N	\N	miscellaneous	tt0117112,tt0093483,tt0117557
nm1007643	Jean-Jack Meccati	\N	\N	actor,producer	tt0034354
nm1007644	Jamice Medhurst	\N	\N	miscellaneous	tt0108101
nm1007645	Heriberto Medina	\N	\N	actor	tt0288438
nm1007646	Jesús Medina	\N	\N	actor	tt0288469
nm1007647	Donavan Meher	\N	\N	actor,composer,sound_department	tt0288320
nm1007648	Alan Melikdjanian	1980	\N	director,producer,writer	tt0389311,tt21873074,tt10478502,tt0826712
nm1007649	Pep Melià	\N	\N	actor	tt0102627
nm1007650	Yaron Melloul	\N	\N	composer	tt0288303
nm1007651	Noa Menhaim	\N	\N	script_department,editor,producer	tt17074098,tt0288303
nm1007652	Daphne Meningen van	\N	\N	actress	tt0288166
nm1007654	Zura Meqvabishvili	\N	\N	director,writer	tt0843266,tt0288082
nm1007655	Julia Mercado	\N	\N	make_up_department	tt0288192
nm1007656	Nicole Mercier	\N	\N	casting_director	tt0311850,tt0287956
nm1007657	Joaquín Sánchez Merino	\N	\N	camera_department	tt0207919,tt1629319,tt0252781
nm1007659	Orren Merton	\N	\N	composer	tt0288192
nm1007660	Cesar Messemaker	\N	\N	producer,editor	tt0461541,tt0102808,tt0210863,tt0257401
nm1007661	Joseph Metcalfe	1973	\N	composer,music_department,actor	tt0462329,tt1090018,tt3343136,tt2328678
nm1007663	Janelle Micallef	\N	\N	actress	tt0288610,tt0118406
nm1007664	Marcello Micheli	\N	\N	actor	tt0175257
nm1007665	Børge Michelsen	\N	\N	writer	tt0288019
nm1007666	Guro Midtgarden	\N	\N	camera_department,art_department,miscellaneous	tt0107176,tt0490538,tt0113113,tt0125507
nm1007667	Joe Midyett	\N	\N	actor	tt0156529
nm1007668	Madoka Mika	\N	\N	actress	tt0288118
nm1007669	Anastasi Mikhalov	\N	\N	cinematographer	tt0288114,tt2194517,tt1653649
nm1007670	Suzanne Mikirtitcheff	\N	\N	actress	tt0288099
nm1007671	Warren Milaneo	\N	\N	assistant_director	tt0114918
nm1007672	Sally Milgrim	\N	\N	costume_designer	tt0027065
nm1007673	Gerasimos Miliaresis	\N	\N	composer,actor,music_department	tt0236190,tt0135597,tt0135506,tt0264573
nm1007674	Nancy Miller Elliot	\N	\N		tt0288074
nm1007675	Angela Milonaki	1974	\N	assistant_director,director,writer	tt1029262,tt1726159,tt1690479,tt1319578
nm1007676	Ben Milward-Bason	\N	\N	cinematographer,camera_department,sound_department	tt0240377,tt2298237,tt4344786,tt7613194
nm1007677	Reika Minami	\N	\N	actress	tt0257280,tt0261133,tt0288050
nm1007679	Frank Minyard	\N	\N	actor	tt0288023,tt0123338,tt0496360,tt0133302
nm1007680	Gabriel Miralrio	\N	\N	actor	tt0288438
nm1007681	Alexander Mircev Roshkov	\N	\N	make_up_department	tt0287708
nm1007682	Mark Mirin	\N	\N	actor	tt3022466,tt1727265,tt0288831,tt1801832
nm1007683	Assaf Mirza	\N	\N	composer	tt0283588
nm1007684	Mikhail Mirzaaliyev	\N	\N	editor	tt0288611
nm1007685	Mayo Miyamoto	\N	\N	actress	tt0288217,tt0287675,tt0287674,tt0287291
nm1007686	Charlee Miyohshi	\N	\N	actress	tt0255819,tt0472989,tt0330804
nm1007687	Mayuko Mizushima	\N	\N	actress	tt0288283,tt3398162
nm1007688	Vasiko Mkheidze	\N	\N	actor	tt0288494
nm1007689	Terri Modjallal	\N	\N	miscellaneous	tt0115675,tt0138541,tt0159097,tt0259288
nm1007690	Rene Mohandas	\N	\N	miscellaneous,director,writer	tt0285769,tt0432279,tt0307673,tt0307130
nm1007691	Zet Molas	1896	1956	writer,director,actress	tt1234563,tt0217595,tt0312971,tt1090247
nm1007692	Kendall Monaghan	1980	\N	actress	tt0316973,tt0093719,tt0097025,tt0136490
nm1007693	Sergio Monroy	\N	\N	miscellaneous	tt0288876
nm1007694	Ilse Monsanto	\N	\N	actress	tt0060447
nm1007695	Mr. Montana	\N	\N	actor	tt0288133,tt0207490
nm1007696	Raul Mora	\N	\N	actor	tt0288320
nm1007697	Viuda de Mora	\N	\N	miscellaneous	tt0057205
nm1007698	Mário de Jesús Morales	\N	\N	actor	tt0288666
nm1007699	Rogelio Morales	\N	\N	actor	tt0288438
nm1007700	Jirí Moravcík	\N	\N	assistant_director,miscellaneous,actor	tt0230183,tt0167644,tt0086629,tt0100393
nm1007701	Juan Miguel Moreno	\N	\N	actor	tt0288547
nm1007702	Isao Morishima	\N	\N	actor	tt0288027
nm1007703	Miyako Morita	\N	\N	actress	tt0288845
nm1007704	Martine Morneau	\N	\N	set_decorator,art_department	tt10181572,tt0139465,tt0218783,tt0262776
nm1007705	Jennifer Morris	\N	\N	actress,producer,writer	tt0098844,tt0108757,tt0115322,tt1519931
nm1007706	Tyler Morrow Smith	\N	\N	actor	tt0288320
nm1007708	Ronald G. Muhammad	\N	\N	producer,miscellaneous,executive	tt1408253,tt0120188,tt0368578,tt2869728
nm1007709	Mark Muheim	\N	\N	editor,cinematographer,editorial_department	tt0319679,tt0419878,tt0319678,tt0258706
nm1007710	Susan Muirhead	\N	\N	editor,director,actress	tt0288498,tt0814190,tt1039963,tt1377122
nm1007713	Andrew Mulligan	\N	\N	actor	tt2983796,tt2398126,tt0288352,tt1485449
nm1007714	June Munger	\N	\N	actress	tt0288040
nm1007715	Bonnie Murallo	\N	\N	transportation_department	tt0095690
nm1007716	Marilyn Murphy	\N	\N	writer	tt0043232
nm1007717	Stephen D. Murphy	\N	\N		\N
nm1007719	Myria	\N	\N	actress	tt0287983,tt0288636,tt0147377,tt0290787
nm1007720	Andrea Myshkowsky	\N	\N	location_management,miscellaneous	tt0158369,tt0149448
nm1007721	Mieczyslaw Myszkiewicz	1892	1943	actor	tt0924242,tt0287994
nm1007722	Hyo Myung Park	\N	\N	production_manager	tt0138967
nm1007723	Kari Myöhänen	\N	\N	soundtrack,actor	tt0249261,tt0342689,tt0231971
nm1007724	Momchil Nachev	\N	\N	actor	tt0288899
nm1007725	Debra Naclerio	\N	\N	actress	tt0401545,tt0288320
nm1007726	Soso Nadiradze	\N	\N	actor,art_director	tt0288041,tt0288084
nm1007727	Gia Nadirashvili	\N	\N	actor	tt0287921
nm1007728	Lars Nafstad	\N	\N	art_department	tt0268845,tt0118785,tt0125507
nm1007729	Shihori Nagasaka	\N	\N	actress	tt0228955,tt0228360,tt0226661,tt0291573
nm1007730	Carrie Lou Nahigan	\N	\N	make_up_department,costume_designer	tt0288859,tt0288857,tt0288858
nm1007731	Jackie Napal	\N	\N	actor	tt0250224
nm1007732	Andrew Napolitano	1950	\N	actor	tt5043258,tt2218646,tt1799244,tt0378600
nm1007733	Jeanine Nardell	\N	\N	actress	tt0062709
nm1007734	Poli Nardi	\N	\N	director,writer	tt0287984
nm1007736	Valeria Narváez	\N	\N	actress,miscellaneous	tt0247556
nm1007737	Jamie Nauwelaerts	1979	\N	actor	tt0466415,tt0287849,tt0235139,tt0162076
nm1007738	Julio Nava	\N	\N	actor	tt0288470
nm1007739	Julie Navarro	\N	\N	casting_director,assistant_director,casting_department	tt2231472,tt1550312,tt0354899,tt1646974
nm1007740	Mike Nawrocki	1966	\N	actor,writer,soundtrack	tt0395293,tt0298388,tt0865856,tt0475998
nm1007741	Abbey Nayor	\N	\N	actress	tt0109087,tt0103380,tt0092400
nm1007742	Robert Ndrenika	1942	\N	actor	tt0172173,tt0346912,tt0171377,tt0173191
nm1007743	Ebbe Neergaard	1901	1957	actor	tt0123118,tt0035108,tt0288526,tt0308718
nm1007744	Augusto Negrelly	\N	\N	actor	tt0289033,tt0288353
nm1007745	Jolanta Nejman	\N	\N	costume_designer,art_department	tt0285751,tt0097025,tt0138981,tt0190698
nm1007746	Vladislav Nekrasov	\N	2003	assistant_director	tt0282832,tt0096126
nm1007747	Paul Jan Nelissen	\N	\N	writer,script_department	tt1714193,tt0795441,tt0140056,tt0288861
nm1007748	Léopold Netter	\N	\N	writer	tt0288604
nm1007749	Gil Nevo	\N	\N	miscellaneous,animation_department,art_department	tt0158983,tt1377702,tt2261781,tt5278464
nm1007750	Tracee Newberry	\N	\N	actress	tt0288040,tt0372960
nm1007751	Durim Neziri	\N	\N	costume_designer,make_up_department,art_director	tt0171564,tt0347802,tt0287708,tt0171346
nm1007752	Norman Low Ng	\N	\N		\N
nm1007753	Karan Nguyen	\N	\N	actress	tt0288428
nm1007754	Maire Ni Chonlain	\N	\N	producer	tt0288110,tt13710598
nm1007755	Stefanie Nichols	\N	\N	actress	tt0985040
nm1007756	Onika Nicole Craven	\N	\N	actress	tt0288192
nm1007757	Pierre Nicolle	\N	\N	composer	tt0201945,tt0288879
nm1007758	Teresa Nienhaus	\N	\N	actress	tt0156529
nm1007759	Stef de Niet	\N	\N	actor	tt0102808
nm1007760	Nihat Nikerel	1950	2009	actor	tt0190418,tt0421384,tt0426789,tt0361670
nm1007761	Stephanie Nikolaidis	\N	\N	actress	tt0385905,tt0286708
nm1007762	J.B. Nikolaisen	\N	\N	miscellaneous	tt0288021
nm1007763	Rezo Nikolaishvili	\N	\N	producer	tt0288475,tt0470746,tt0282654
nm1007764	Sadie Nius	\N	\N	actress	tt0288023
nm1007765	Manuel Nochebuena	\N	\N	actor	tt0288438
nm1007766	Bjarne Nordbeck	\N	\N	art_department	tt0129225,tt0125507,tt0137224,tt0276675
nm1007767	Joonas Nordman	1986	\N	actor,writer,director	tt15788132,tt1581071,tt15415296,tt0249261
nm1007768	Teemu Nordman	\N	\N	soundtrack,actor	tt0342689,tt0231971,tt0249261
nm1007769	Kikki Noren Løwgren	\N	\N	art_department	tt0268845,tt0125507
nm1007770	Jean-Paul Normand	\N	\N	writer	tt0288604
nm1007771	Natasha North	\N	\N	visual_effects,animation_department	tt1840309,tt1093357,tt0318627,tt1637688
nm1007772	Vera Northcote	\N	\N	actress	tt0287053
nm1007773	Robert E. Norton	\N	\N	miscellaneous,producer	tt1214962,tt1276104,tt2140379,tt0844286
nm1007774	Dietmar Noss	\N	\N	director,actor,writer	tt0288097,tt0380371,tt0806910,tt0791374
nm1007775	Grigoris Noulelis	\N	\N	director,writer	tt0288733
nm1007776	Sean Wohland	1975	\N	actor,stunts	tt0088559,tt0086734,tt0287992,tt5435234
nm1007778	Jackie Nusco	\N	\N	miscellaneous,assistant_director	tt0210429,tt0288215,tt0288584,tt0259144
nm1007779	Sándor Németh	1942	\N	actor	tt0343814,tt0068616,tt0077480,tt0158570
nm1007780	Ragnar Nøkleby	\N	\N	miscellaneous	tt0125507,tt0268845
nm1007781	Louise O'Donnell	\N	\N	producer	tt0287196
nm1007782	Samuel John O'Donnell	\N	\N	actor,assistant_director,miscellaneous	tt0094481,tt2106641,tt2193214,tt0288610
nm1007783	Chris O.	\N	\N	art_department	tt0240780
nm1007784	Octagon	1961	\N	actor,transportation_department	tt0420636,tt0289287,tt0210437,tt0405153
nm1007786	Teresa Odum	\N	\N	miscellaneous	tt0288192
nm1007787	Mücap Ofluoglu	1920	2012	actor	tt0376149,tt0388189,tt0303905,tt0335135
nm1007788	Kei Ogawa	\N	\N	actress,producer	tt0341506,tt0182576,tt7224794,tt0997032
nm1007790	Toru Ohe	\N	\N	actor,composer	tt0286439,tt0288118,tt0070277,tt0288083
nm1007791	Katsushi Ohnogi	\N	\N	actor	tt0288083,tt0226257,tt0285849
nm1007792	Berit Ohrvik	\N	\N	art_department,location_management	tt0163129,tt0193592,tt0091762,tt0125507
nm1007794	Arne Heiberg Okkenhaug	\N	\N	location_management,assistant_director	tt1127904,tt6796742,tt11116912,tt0366090
nm1007795	Helena Olafsson	\N	\N	actress	tt0288309,tt1634524,tt1500230
nm1007796	Brett Olenick	\N	\N	miscellaneous	tt0283707
nm1007797	Genaro Olivares	\N	\N	miscellaneous	tt0288438
nm1007798	Carlos Augusto Oliveira	\N	\N	director	tt0288864
nm1007799	Matthew Clifton Olsen	\N	\N	miscellaneous,actor	tt0388230,tt0395287,tt0282543,tt0260596
nm1007800	Guadalupe Olvera	\N	\N	cinematographer,director,writer	tt0449446,tt0288876,tt0448415,tt0449260
nm1007801	Bernal Ontiveros	\N	\N	actor	tt0288469
nm1007802	Roxanna Ontiveros	\N	\N	actress	tt0288849
nm1007803	Maasja Ooms	\N	\N	cinematographer,editor,director	tt0932560,tt15891966,tt11300198,tt7704614
nm1007804	Johan Op de Beeck	\N	\N	director,producer,writer	tt0290358,tt0848333,tt0848437,tt0288856
nm1007805	Alex Orellana	\N	\N	producer,writer,director	tt8075074,tt10059762,tt7321904,tt0120188
nm1007806	Rinaldo D. Orifice	\N	\N	transportation_department	tt0095690
nm1007807	Kathleen Orillion	\N	\N	writer	tt0283535,tt2265080
nm1007808	Arturo Orogel Martínez	\N	\N	actor	tt0288469
nm1007809	Rita Ortese	\N	\N	miscellaneous	tt1616357
nm1007810	Herman Osorio	\N	\N	actor	tt0250224
nm1007811	Bernd Out	\N	\N	producer,director,cinematographer	tt0889185,tt0367568,tt0428922,tt10296296
nm1007812	Ane Øverås	\N	\N	art_department,set_decorator	tt0268845,tt0986332,tt0479937,tt0125507
nm1007813	David Oxford Jr.	\N	\N	art_department,miscellaneous	tt1399092,tt0257570
nm1007814	Gila Ozroso	\N	\N	make_up_department	tt0288303
nm1007815	Alicia Pacheco	\N	\N	actress	tt0288438
nm1007816	Maya Pachuashvili	\N	\N	actress	tt5515786,tt0288041
nm1007817	Adrian Padmore	\N	\N	producer	tt0287271,tt0978822
nm1007818	Fortuné Paillot	\N	\N	writer	tt0288908
nm1007819	Madan Pal	\N	\N	music_department,soundtrack,writer	tt0114337,tt0217351,tt0395802,tt0459423
nm1007820	P.K. Palmer	\N	\N	writer,producer,director	tt0050023,tt0055661,tt0051301,tt0042100
nm1007821	Kristin Palmiter	\N	\N	miscellaneous,camera_department	tt0090730,tt0099546,tt0095690
nm1007823	Gaurav Pandey	\N	\N	writer,director,actor	tt4105550,tt0357208,tt0814012,tt2452224
nm1007824	Luciana Pandolfelli	1969	\N	editor,editorial_department,sound_department	tt11154906,tt8661868,tt12617312,tt14759406
nm1007825	Sneha Pant	\N	\N	music_department,soundtrack	tt0248216,tt0337578,tt0495034,tt1236470
nm1007826	Giorgio Pantaleone	\N	\N	set_decorator	tt5567202,tt1616357,tt1058565,tt1523401
nm1007827	Yiorgos Papadeoyeorgis	\N	\N	director,writer,producer	tt9108168,tt0288775,tt4557780
nm1007828	Harris Papadopoulos	\N	\N	director,casting_director,writer	tt0811786,tt1332573,tt0288770,tt1204949
nm1007829	Alkis Papas	1922	\N	writer,actor,director	tt0137164,tt0206706,tt0288779,tt1111863
nm1007830	Siegfried Pappelbaum	1937	2020	actor	tt0067226,tt0079860,tt0152923,tt0806910
nm1007832	Yoo Kyung Park	\N	\N	editor	tt3840102,tt0330225,tt2292676,tt0276818
nm1007834	Ram Parsadramdass	\N	\N	composer	tt0283588
nm1007835	Karen Partington	1970	\N	actress	tt2281287,tt0433858,tt0369306,tt0364306
nm1007836	Lisa Pasinelli	\N	\N	actress,stunts	tt0240780,tt0308506,tt0426369
nm1007837	Doug Passarelli	\N	\N	special_effects,art_department,miscellaneous	tt0181689,tt0133152,tt1464540,tt2103281
nm1007838	Pierre Passeron	\N	\N	actor	tt0287050
nm1007839	Navin Patel	\N	\N	actor	tt0229193
nm1007841	Smally Paulie	1967	\N	actor,director	tt0302858,tt0288278,tt0299561,tt0308787
nm1007842	Stoyne Pavlin	\N	\N	actor	tt0288903,tt0363385,tt0376699
nm1007843	Paddy Payne	\N	\N	editor,editorial_department	tt0355678,tt1796520,tt0436099,tt0288431
nm1007845	Chavita Perez	\N	\N	actor	tt0288320
nm1007846	Maria Lourdez Perez	\N	\N	costume_designer	tt0288634
nm1007847	Teddy Perivolaris	\N	\N	actor	tt0288426,tt1855138,tt0313301
nm1007848	Yevgenia Perlassova	\N	\N	actress	tt0254193
nm1007849	Karin Perrotta	1975	\N	production_manager,producer,miscellaneous	tt1195935,tt0182576,tt0121955,tt1790914
nm1007850	Averill Perry	\N	\N	miscellaneous,director,visual_effects	tt0098740,tt0283830,tt0056758,tt0295842
nm1007851	Walter Persereau	\N	\N	actor	tt0288023
nm1007852	Lene Bruun Petersen	\N	\N	costume_department	tt0130907
nm1007853	G. Peterson	\N	\N	editor	tt0051421
nm1007854	P. Wally Peterson	\N	\N	actor	tt0288320
nm1007855	Enzo Petriglia	\N	\N	actor	tt0205430
nm1007856	Grigoris Petriniotis	\N	\N	director,cinematographer,actor	tt6146128,tt1498963,tt4983202,tt0480959
nm1007857	Marjorie Petrona	\N	\N	actress	tt0144778
nm1007858	Göran Pettersson	\N	\N	sound_department,actor	tt0328551,tt0426277,tt0325006,tt0454606
nm1007859	Philip Pettway	\N	\N		\N
nm1007860	Mário Peña	\N	\N	camera_department	tt0288876
nm1007861	Marie Pfeiffer	\N	\N	writer	tt0124238,tt0240780,tt0289157
nm1007863	David C. Phillippi	1962	\N	assistant_director,producer,miscellaneous	tt0467472,tt0234829
nm1007864	Adriano Piacitelli	\N	\N	writer	tt0216353,tt0287952
nm1007865	Richard J. Piccini	\N	\N	editor,editorial_department	tt0124047,tt1068797,tt0296534,tt0285021
nm1007866	Valerie Pichney	\N	\N	producer,casting_director,location_management	tt0439628,tt0288520
nm1007867	Anne Pick	\N	\N	producer,director,writer	tt1218513,tt1363297,tt0435005,tt1111821
nm1007868	William L. Pierce	1933	2002	writer	tt0123338,tt2189508,tt0101479,tt6333090
nm1007869	Elaine Pigden	\N	\N	actress	tt0158369
nm1007870	Debbie Piglia	\N	\N	miscellaneous	tt0288023
nm1007871	Jake Pike	\N	\N	assistant_director	tt0240780
nm1007872	Ignacio Pimentel	\N	\N	actor	tt0288438
nm1007873	Sandy Pine	1970	\N	script_department,music_department,miscellaneous	tt0472023,tt0217969,tt0820001,tt0138968
nm1007874	A. Piriashvili	\N	\N	actor	tt0288041
nm1007875	Margaret Pitawawnakwat	\N	\N	miscellaneous	tt0288344
nm1007876	Dwayne Pitre	\N	\N	actor	tt0288023
nm1007877	Steven Pitsenbarger	\N	\N		\N
nm1007878	Jindrich Plachý	\N	\N	actor	tt0217595
nm1007879	Nan Plasick	\N	\N	make_up_department	tt0095690
nm1007880	Boots Plata	\N	2011	director,sound_department,assistant_director	tt0343397,tt5538796,tt0354753,tt0343843
nm1007881	Debra Plotkin	\N	\N	producer	tt0288561
nm1007882	Daniela Podcaminsky	\N	\N	art_director,actress	tt3686990,tt1018944,tt0365479,tt0247556
nm1007883	Sarah Podemski	\N	\N	actress,producer,writer	tt8593252,tt3743068,tt8690918,tt13623580
nm1007884	Elizabeth Podolinsky	\N	\N	miscellaneous	tt0288023
nm1007885	Lyudmila Pogorelova	\N	\N	actress	tt0288457,tt5845856,tt0413972,tt4020982
nm1007886	Vagelis Politis	\N	\N	camera_department	tt0268845,tt0125507
nm1007887	Laura Pons Vidal	\N	\N	actress	tt0287984,tt0346383
nm1007888	Mihail Popov	\N	\N	actor	tt0287947
nm1007889	Jamie Poppingo	\N	\N	actress	tt0284189
nm1007891	Kim Posnett	\N	\N	actress	tt0433680,tt0287956
nm1007892	Tony Postma	\N	\N	art_department,animation_department	tt0121955,tt0397306,tt2133326
nm1007894	Dominique Pottier	\N	\N	art_department	tt0414993,tt2034800,tt1596345,tt1588173
nm1007895	Michael Prevette	\N	\N	camera_department,cinematographer	tt1436557,tt0477656,tt0287992,tt0860452
nm1007896	Paskal Prifti	1945	2013	actor,assistant_director	tt0295993,tt0296097,tt0287708,tt0308148
nm1007897	Antonin Priolet	\N	\N	actor	tt0939857,tt0039166,tt0151635
nm1007898	Gerhard Probst	\N	\N	actor	tt0288029
nm1007899	Micheline Promeyrat	\N	\N	actress	tt0034354
nm1007900	Promise	1977	\N	actress	tt0288639,tt0463914,tt0288830
nm1007901	Cedric Proust	1975	\N	stunts,miscellaneous,actor	tt1375666,tt3480822,tt0947810,tt0816711
nm1007902	Mateja Pucko	\N	\N	actress	tt6061558,tt11703266,tt2959352,tt0288440
nm1007903	Alwin Pulinckx	\N	\N	actor	tt0306413,tt1668189,tt1978200,tt5622836
nm1007904	Tony Pulham	1961	\N	art_director,animation_department,art_department	tt0120800,tt0108526,tt0211284,tt0181739
nm1007906	Mansor Puteh	\N	\N	director,writer	tt0280099
nm1007907	Roland Pégurier	\N	\N	actor	tt0034354,tt0034477
nm1007908	Ricardo Pérez Calderón	\N	\N	actor	tt0288469
nm1007909	Lupe Pérez García	\N	\N	director,editor,miscellaneous	tt13395272,tt3782666,tt0480673,tt1857431
nm1007910	Andrée Quentin	\N	\N	actress	tt0169854
nm1007911	Efraín Quiroz	\N	\N	actor	tt0288469
nm1007912	Malkhaz Kvrivishvili	\N	\N	actor	tt0288475,tt22095236,tt5597084
nm1007913	Atanas Radev	\N	\N	cinematographer,camera_department,writer	tt0459436,tt0234803,tt1370180,tt1263779
nm1007914	Pandit Radheshyam	\N	\N	composer,music_department	tt0044769
nm1007915	Asha Radwan	\N	\N	miscellaneous,editorial_department,producer	tt0455590,tt9639470,tt6141246,tt0463854
nm1007916	Jean Rafa	1910	1998	actor,soundtrack,writer	tt0247517,tt0187388,tt2176786,tt0251536
nm1007917	Angela Sciddurlo Rago	\N	\N	writer	tt2622128,tt0207554
nm1007918	J'aril Rainwater	\N	\N	miscellaneous	tt0288407
nm1007919	Shyam Raj	\N	\N	writer,music_department,soundtrack	tt2398340,tt0217351,tt0283911,tt3563156
nm1007921	K. Rajoo	\N	\N	art_department,art_director	tt0051421,tt0278065,tt22498526
nm1007922	Janko Rakos	1974	\N	actor	tt0210629,tt1305794,tt0329083,tt0810500
nm1007923	Cordula Rakowski	\N	\N	miscellaneous,make_up_department	tt0806910,tt2158455,tt8716162,tt0291167
nm1007925	Françoise Rambot	\N	\N	actress	tt0046751,tt0192355
nm1007926	Margaret Ramsey	\N	\N		\N
nm1007927	Seru Rando	\N	\N	actress	tt0287607,tt0288118,tt9805106,tt9908694
nm1007928	Mat Ranillo III	1956	\N	actor	tt0336820,tt0474912,tt0313549,tt0359487
nm1007929	Rakesh Ranjan	\N	\N	sound_department,actor,music_department	tt0289845,tt0418460,tt1280558,tt4535650
nm1007930	Deanna Cheng	\N	\N	actress,writer,producer	tt6149182,tt5363872,tt7406334,tt5770786
nm1007931	Marie Katrine Rasch	1991	\N	actress	tt0320961,tt0286953,tt0347016,tt0366804
nm1007932	Tarek Rashid	\N	\N	actor	tt0437365,tt5504834,tt0334237,tt0288440
nm1007933	Ninna Assentoft Rasmussen	\N	\N	actress	tt0320961,tt0286953
nm1007934	Dina Nicki Rassias	\N	\N	actress	tt0192917,tt0252019,tt1403225
nm1007935	Schell Rasten	\N	\N	actor	tt0069385,tt0062591,tt0063954,tt0063927
nm1007936	Teemu Raudaskoski	\N	\N	music_department	tt0240937
nm1007937	Mariana Raycheva	\N	\N	actress	tt0288899,tt0396816
nm1007938	A. Razak	\N	\N	writer	tt0051421
nm1007939	Aljosa Rebolj	\N	\N	actor	tt0288739,tt5953688,tt5975206,tt0122387
nm1007940	Jan Reddin	\N	\N	actor	tt0060028,tt0061595
nm1007941	Nicole Redenbach	\N	\N	producer	tt0287196
nm1007942	Haig Redge	\N	\N	actor	tt0190106
nm1007944	Chopi van der Ree	\N	\N	actress	tt0144778
nm1007945	Shipherd Reed	\N	\N	cinematographer,producer,director	tt0288183,tt1509114
nm1007947	Paige Reeves	\N	\N	make_up_department	tt1790864,tt1517260,tt0453467,tt1583421
nm1007948	Maarten Regtien	\N	\N	actor	tt0100006
nm1007949	Kimi Reichenberg	\N	\N	actress	tt0250224,tt2426266,tt0364955,tt0295529
nm1007951	Jean-Michel Renaitour	\N	\N	writer	tt0288515
nm1007953	Renée Reney	\N	\N	actress	tt0179085,tt0034354,tt0033528,tt0178901
nm1007954	Dinhora Retes Topete	\N	\N	actress	tt0288438
nm1007955	Lionel Retif	\N	\N	art_department	tt0094662,tt0250265,tt0108686
nm1007956	Aida Riyad	1954	\N	actress	tt0461927,tt0332529,tt1589417,tt8756018
nm1007957	René Reynoso Adelón	\N	\N	producer	tt0288849
nm1007958	Alfredo Reynoso	\N	\N	actor	tt0288849,tt0288585,tt0320466
nm1007959	Gustavo Reynoso	\N	\N	actor	tt0288849
nm1007960	Francisco Ribas	\N	\N	actor,visual_effects	tt3701160,tt0122961,tt9209886,tt0265752
nm1007961	Julia Ribbeck	\N	\N	actress	tt0268653
nm1007962	Nils Rich	\N	\N	actor	tt0037379
nm1007963	Laurence Richard	\N	\N	actress	tt0150485
nm1007964	Annette Richter	1963	\N	actress	tt0094285,tt0091308,tt0806901,tt0949068
nm1007965	Henriette Richter-Röhl	1982	\N	actress	tt0391774,tt13514366,tt0479846,tt13087796
nm1007967	Breayle Riess	1978	\N	miscellaneous	tt0121955
nm1007968	Kim Rife	\N	\N	actress	tt2872488,tt0276717,tt1546360,tt4539506
nm1007969	Eleanor Sanger Riger	\N	\N	producer	tt1433261,tt0288335,tt2400265,tt12712780
nm1007971	Rischa	\N	\N	costume_designer	tt0288428
nm1007972	Vassilis Ritsos	\N	\N	director	tt0288767
nm1007973	María Ofelia Rivas	\N	\N	actress	tt0288438
nm1007974	Joan Rizza	\N	\N	actress,miscellaneous	tt1838596,tt4585000,tt2002907,tt3178442
nm1007975	Roau	\N	\N	actor	tt0061096
nm1007976	Moye Rob	\N	\N	actor	tt0288847,tt0340401
nm1007977	Sylvester Robinson	\N	\N	actor	tt0217910,tt0275848,tt0244926,tt0255819
nm1007978	Magdaleno Robles Jr.	\N	\N	actor,music_department,composer	tt0250224,tt0934951,tt1585257,tt0232500
nm1007979	Odilon Rocha	\N	\N	director,writer,producer	tt0109831,tt1336592,tt1885344,tt4459772
nm1007980	Blanca Rodarte	\N	\N	production_manager,miscellaneous	tt0229008,tt0089901,tt0257543,tt2254520
nm1007981	Kristine Barlow	\N	\N	costume_designer,costume_department	tt0801012,tt0125507,tt11542758,tt7766104
nm1007982	Jan Erik Rødningsby	\N	\N	art_department,set_decorator	tt0125507,tt0276693,tt0142034,tt0106139
nm1007984	Arthur Roffelsen	\N	\N	actor	tt1213647,tt0393354,tt0920448,tt0113059
nm1007985	Bruce Holland Rogers	\N	\N	writer	tt0253425
nm1007987	Daliah Rogow Nichols	\N	\N	miscellaneous,producer,production_manager	tt0111932,tt0106017,tt0289976,tt0165598
nm1007988	Ismael Rojas	\N	\N	actor,miscellaneous	tt0288438,tt8926594,tt0085860
nm1007989	María de Jesús Rojas	\N	\N	actress	tt0344285
nm1007990	Anna Rombach	\N	\N	producer,actress	tt0784155,tt0149825,tt8304434,tt10107208
nm1007991	Molly Rome	1979	\N	actress	tt0354200,tt0294593,tt0353468,tt0353895
nm1007994	Olwen Roose	1900	\N	actress	tt0022483,tt0329756
nm1007995	Sanderien van Rooy	\N	\N	actress	tt0102808,tt0286347
nm1007996	Zippora Roozendaal	\N	\N	actress	tt0288166
nm1007997	Bjørn Roppen	\N	\N	miscellaneous	tt0268845,tt0125507
nm1007999	Chalito Rosas	\N	\N	actor	tt0288850
nm1008000	Moshe Rosenzveic	\N	\N	camera_department	tt0288610
nm1008002	Roy Rosholt	\N	\N	art_department,miscellaneous,set_decorator	tt0125507,tt0448189,tt5157290,tt2377081
nm1008004	Aldo Rotella	\N	\N	production_designer,set_decorator	tt0139879
nm1008005	Brad Roth	\N	\N	producer,writer,director	tt0288835,tt2193265,tt1265548,tt0444187
nm1008006	Nunzio Rotondo	\N	2009	music_department,composer	tt0060261,tt1616357
nm1008007	Pantelis Roumeliotis	\N	\N	miscellaneous,cinematographer	tt1763267,tt0125507,tt0268845
nm1008008	Pete Rousseau	\N	\N	transportation_department	tt0095690
nm1008009	Finn Rovold	\N	\N	producer	tt0268845,tt0125507
nm1008011	Sarah Rubenstein	\N	\N	miscellaneous	tt1764183,tt0343737,tt1932718,tt2118624
nm1008012	Stefan Ruissen	\N	\N	producer,miscellaneous	tt0288589,tt0215510,tt0288826
nm1008013	Fabrizio Ruiz Velazco	\N	\N	actor	tt0288438
nm1008014	Kirby Russell	\N	\N	actor,miscellaneous	tt0158369
nm1008015	Bas Rutten	1965	\N	actor,miscellaneous	tt1114740,tt3450650,tt1222817,tt1648179
nm1008016	Joris Ruys	\N	\N	actor	tt0242726
nm1008017	Annick Ruyts	\N	\N	actress	tt0380937,tt0315716,tt0287851,tt1630593
nm1008018	Radovan Ruzdjak	1977	\N	actor	tt0483754,tt0289473,tt0250445,tt2994904
nm1008019	Sallyanne Ryan	\N	\N	actress,producer,writer	tt0389911,tt4542726,tt0278597
nm1008020	Urszula Rybicka	1951	\N	editor,editorial_department	tt3858736,tt0092713,tt0288500,tt0089432
nm1008021	Jana Rybárová	1936	1957	actress	tt0409422,tt0047533,tt0172713,tt0172291
nm1008022	Dave Rygalski	\N	\N	writer,assistant_director,miscellaneous	tt0287898,tt0259128,tt0083441,tt0206508
nm1008023	Rogelio Ríos Trejo	\N	\N	actor	tt0380347,tt0288666
nm1008025	Kristine Sabat	\N	\N	producer,miscellaneous,writer	tt4677444,tt1543137,tt0450359,tt1586155
nm1008026	Jenny Sackin	\N	\N	actress	tt0340401,tt0288847
nm1008027	Michael Sackler-Berner	\N	\N	music_department,actor,soundtrack	tt0808232,tt0098844,tt8206668,tt1124373
nm1008031	Zubir Said	\N	\N	composer	tt0051421,tt15087066,tt0277631
nm1008032	Mary Saint Peter	\N	\N	actress	tt0084661
nm1008033	Eliane Saint-Jean	\N	\N	actress	tt0045798,tt0149783,tt0170858,tt0138731
nm1008034	Maud Saintange	\N	\N	actress	tt0035667
nm1008035	Hitomi Sakae	\N	\N	actress	tt0288096,tt2381338
nm1008036	Mamoru Sakurada	\N	\N	actor	tt0288071
nm1008037	Jaime Salas Valencia	\N	\N	actor	tt0288438
nm1008038	Miguel Angel Saldaña	\N	\N	actor,director,producer	tt14661256,tt1833761,tt0399651,tt0869979
nm1008039	Tex Sale	\N	\N	actor	tt0027724
nm1008040	Francisco A. Salgado	\N	\N	art_department	tt0288428
nm1008041	Frank Salgado	\N	\N	actor	tt0288428
nm1008042	Jaakko Salovaara	1975	\N	soundtrack,actor,composer	tt6921996,tt1450321,tt0308208,tt0369441
nm1008043	Cristen Salter	\N	\N	costume_designer,editorial_department	tt0172619,tt0186014,tt0186547,tt0243650
nm1008044	Fábio Saltini	\N	\N	actor,art_director,costume_department	tt6868820,tt6433122,tt1463154,tt0327451
nm1008045	Kay Salz	\N	\N	miscellaneous	tt0287898
nm1008046	Sevval Sam	1972	\N	actress,soundtrack,composer	tt8045936,tt1636833,tt0880502,tt4309356
nm1008047	Yoichiro Sanada	\N	\N	actor	tt0288322,tt2884318
nm1008048	Nuria Sanjuan	\N	\N	art_director,art_department	tt0107315,tt0118926,tt0252781
nm1008049	Rey Santayana	\N	\N	writer	tt0138623
nm1008050	Rod Santiano	1973	\N	cinematographer,editor,camera_department	tt0265273,tt9139556,tt1413068,tt5093310
nm1008051	Mauro Santoyo	\N	\N	actor	tt0041742,tt0271500
nm1008053	Kenny Sargeant	\N	\N	actor	tt0118437,tt0115275,tt0092083,tt0109087
nm1008054	Marconia Satterfield	\N	\N	actor	tt0276717,tt4401574
nm1008055	Hank Sauer	1917	2001	actor	tt1170385,tt0041928,tt1171216,tt0045332
nm1008056	Réal Saulnier	\N	\N	camera_department	tt0414993,tt1798603,tt2543164,tt2378507
nm1008057	Cathrine Sauvé	\N	\N	art_department	tt0262776,tt0278304
nm1008058	Scott Savage	\N	\N	actor,writer	tt1593621,tt0222968,tt5531570
nm1008059	Shane Savanapridi	\N	\N	actor,art_director,editor	tt0269037,tt0288601,tt0295889
nm1008060	Giannis Savvidakis	1963	\N	actor,composer	tt0257326,tt0259147,tt1258954
nm1008061	Mila Savova	\N	\N	actress	tt0287947,tt0323665
nm1008062	Noel Saw	\N	\N	art_department,miscellaneous	tt5488982
nm1008063	Mimi Sawaki	1956	\N	actress,music_department	tt9722664,tt0163030,tt0239739,tt0285502
nm1008064	Christina Sawyer	\N	\N	miscellaneous	tt0159097
nm1008065	Ahmet Adnan Saygun	1907	1991	music_department,composer	tt9495798,tt0288036
nm1008067	Tom Schachte	\N	\N	editor	tt0119940,tt7131704,tt2328069,tt0288865
nm1008068	Suvi Schedewie	\N	\N	art_department,production_designer,script_department	tt0249261,tt0445498
nm1008069	George Schembri	\N	\N	miscellaneous	tt0111666,tt0100530,tt1781769,tt0109831
nm1008070	Dwight Schiffner	\N	\N	actor	tt0254257
nm1008071	Mike Schimanowsky	\N	\N	visual_effects,editor,sound_department	tt0288176
nm1008072	Kevin Schlack	\N	\N	camera_department,art_department,miscellaneous	tt0472200,tt0443706,tt0294870,tt0364961
nm1008073	Joanna Schochet	\N	\N	actress	tt0416681,tt1195935,tt0285698
nm1008074	Corrie Schogt	\N	\N	actress	tt0292347,tt0241082
nm1008075	Kyoko Scholiers	1981	\N	actress	tt10840330,tt8388460,tt0473492,tt0331175
nm1008076	Benno Schramm	\N	\N	actor	tt2553970,tt1974244,tt0806901,tt0180385
nm1008077	Dick Schulte Nordholt	\N	\N	actor	tt0100006
nm1008078	Gregor Schönstein	\N	\N	actor	tt0094497,tt1510724,tt0288029
nm1008079	Laura Jayne Scott	\N	\N	producer,miscellaneous,production_manager	tt2560780,tt2948566,tt4138490,tt9308682
nm1008081	Randy Scruggs	1953	2018	soundtrack,composer,music_department	tt0119123,tt0477392,tt1175709,tt0106400
nm1008082	H. Sculze	\N	\N	actor	tt0029281
nm1008083	Gemma Sealey	\N	\N	actress,casting_department,production_manager	tt2237012,tt4302504,tt4033496,tt0288343
nm1008084	Saulo Sedano Medina	\N	\N	actor	tt0288666,tt0480783
nm1008085	Udo Seedorf	\N	\N	production_manager	tt9521744,tt0312078,tt0288632
nm1008088	Dinara Seidova	\N	\N	writer	tt3974274,tt0288457
nm1008089	Mattijn Seip	\N	\N	director,actor,cinematographer	tt6178454,tt0060699
nm1008091	Mia Serene	\N	\N	actress	tt0288637,tt0288133,tt0288638
nm1008092	Franco Serpilli	1936	\N	actor	tt0039966
nm1008093	Irina Serpoukervitina	\N	\N	editorial_department	tt0288023
nm1008094	Jessica Serrano	\N	\N	actress	tt0387199,tt1843329,tt0288023
nm1008095	Andre Settembrini	1955	\N	actor	tt0110272,tt0077076,tt0149825,tt0401506
nm1008096	Erik Settemsdal	\N	\N	assistant_director	tt0453383,tt1105734,tt0808185,tt0371589
nm1008098	Hans Erich Seuberlich	\N	\N	writer	tt0287832
nm1008099	Sevvone	\N	\N	actress	tt0171298,tt0288639
nm1008100	Emile Seylis	1881	1963	actor	tt0157685,tt0169963,tt0199408,tt0198467
nm1008101	Jodi Shapera	\N	\N	miscellaneous,casting_department	tt0454848,tt0388795,tt0240890,tt0368447
nm1008102	Andrew Sharrat	\N	\N	art_department	tt0257570
nm1008103	Elena Shatalova	\N	\N	director,writer	tt0288299
nm1008104	Gena Shaw	\N	\N	actress,director,producer	tt12574708,tt7221388,tt8762206,tt9174558
nm1008105	Andrei Shchepochkin	1956	\N	actor,director,assistant_director	tt0318034,tt0116468,tt4163880,tt0451996
nm1008106	Sergey Sherbin	\N	\N	actor	tt0282832
nm1008107	Shailesh Shetye	\N	\N	editor	tt1086690,tt0229193,tt1339312
nm1008108	Viktor Shevtsov	\N	\N	actor	tt0288225,tt0170835
nm1008110	Michele Shigoka	\N	\N	camera_department	tt0186014
nm1008111	Jack Shih	1974	\N	animation_department,director,producer	tt1839641,tt0121955,tt2133326,tt1458443
nm1008112	Velentina Shkolnik	\N	\N	casting_director,assistant_director	tt0439581,tt0282832,tt0166097
nm1008113	Dimitar Shkumbata-Tudzharov	\N	\N	actor	tt0256533
nm1008114	Boris Shpak	\N	\N		\N
nm1008115	Daria Shuali Hartal	\N	\N	actress	tt0288303
nm1008116	Bonnie Shum	\N	\N	production_manager,actress,producer	tt0369060,tt0324518,tt0115693,tt0338564
nm1008117	Alecia Shyngle	\N	\N	miscellaneous,make_up_department	tt0121955
nm1008118	Ralf Siebenhörl	\N	\N	production_manager	tt0806901
nm1008119	Yiorgos Sifianos	\N	\N	director,writer,animation_department	tt0262511,tt13151082,tt0288731,tt1197517
nm1008120	Johann Sigfússon	\N	\N	cinematographer,director,producer	tt13200826,tt1882427,tt2799064,tt0249261
nm1008121	Sigur-Björn	\N	\N	writer,director,editor	tt1950106,tt0288309,tt1019957,tt1955095
nm1008122	Lia Sijberden	\N	\N	actress	tt0100006
nm1008123	Silas Serafeim	\N	\N	actor,writer	tt1198137,tt0196738,tt0288371,tt1014066
nm1008126	Edwina Silver	\N	\N	producer	tt5935284,tt3463686,tt2950766,tt5455122
nm1008127	Mme. Simkie	\N	\N	miscellaneous	tt0044769
nm1008128	C.P. Simon	\N	\N	composer	tt0193806,tt0030180,tt0199986
nm1008129	Simon Simonovic	\N	\N	writer	tt0286656
nm1008130	Burt Sims	\N	\N	writer	tt0043232,tt0050039,tt0296342,tt0046660
nm1008131	Terranza Sims	\N	\N	actor	tt1290475,tt0288320
nm1008132	Cleopatra Singleton	\N	\N	actress	tt0255819,tt8245904
nm1008133	Maasai Singleton	\N	\N	writer,miscellaneous,actor	tt0255819,tt7945066,tt8891990,tt14298658
nm1008134	Devraj Sinha	\N	\N	director,miscellaneous	tt8769668,tt1422734,tt0229193
nm1008135	Valentin Sinlao	\N	\N	miscellaneous,visual_effects	tt1075417,tt1273678,tt0121955,tt0158983
nm1008136	Elaine Sipos	\N	\N	visual_effects	tt0255605,tt0249326,tt0118480,tt0210294
nm1008137	John Sirabella	\N	\N	producer,director,actor	tt1183732,tt1050160,tt0398563,tt0102293
nm1008139	Rosa Sironi	\N	\N	actress	tt0204094,tt0288229,tt1900959,tt0891660
nm1008140	Sherrill Sirrs	\N	\N	miscellaneous,camera_department	tt0216620,tt5790218,tt4340720,tt3139756
nm1008141	Ahmet Sisman	\N	\N	actor,production_manager,set_decorator	tt0314589,tt1151808
nm1008142	Thorbjørn Sitre	\N	\N	miscellaneous	tt0125507,tt0268845
nm1008144	Ulla Severin	\N	\N	actress	tt0253256
nm1008145	Jutra Skamperle	\N	\N	actress	tt0288440
nm1008146	Skin	1967	\N	soundtrack,actress,writer	tt0480255,tt0179626,tt0114558,tt0164052
nm1008147	Kari Skjolden	\N	\N	production_designer,art_department,set_decorator	tt5157290,tt0415023,tt0453383,tt2377081
nm1008148	Kristine Skottedal	\N	\N	costume_department,actress	tt0479937,tt0106139,tt0125507,tt0268845
nm1008149	Dusan Skredl	\N	\N	actor	tt0175257
nm1008150	Lisa Slagle	\N	\N	actress	tt0061489
nm1008151	Vera Slapar	\N	\N	costume_designer	tt0175257
nm1008152	Dan Smiczek	1975	\N	visual_effects,director,actor	tt0167261,tt0290334,tt0319343,tt0363771
nm1008153	Alexander Smirnoff	\N	\N	actor	tt0282832,tt0077082
nm1008154	Daniel Blake Smith	\N	\N	writer,producer,actor	tt0995055,tt3392740,tt0364151,tt0449591
nm1008156	Laurel A. Smith	\N	\N	visual_effects	tt0454876,tt0268695,tt1677720,tt0800369
nm1008157	Jacob Smolders	\N	\N	actor	tt0100298
nm1008159	Amy Sobol	\N	\N	actress	tt0324554,tt0282552,tt0944849,tt0292172
nm1008160	Sandor Soeteman	1970	\N	editor,editorial_department,actor	tt0111887,tt1895315,tt1870949,tt0436986
nm1008161	Jaroslaw Sokól	1960	\N	writer,producer,actor	tt1783244,tt0414947,tt0896977,tt15067856
nm1008162	Sebastiano Soldati	\N	\N	actor,costume_designer,production_designer	tt15822644,tt0062707,tt0205430
nm1008163	Ane Solum	\N	\N	costume_department,costume_designer	tt0125507,tt0083487,tt0108980,tt9303758
nm1008164	Amaryllis Sommerer	\N	\N	writer,actress,assistant_director	tt0115347,tt0091720,tt0149825,tt0882767
nm1008165	Nak Won Song	\N	\N	actor	tt0240780
nm1008166	Olga Sonis	\N	\N		\N
nm1008167	Federico Sotarriba	\N	\N	actor	tt0288438
nm1008168	Alkis Sotiriadis	\N	\N	camera_department,miscellaneous,sound_department	tt0125507,tt1298464,tt1144927,tt1095218
nm1008169	Marko Soukka	\N	\N	actor,soundtrack	tt0231971,tt0342689,tt0249261
nm1008170	Theodoros Soumas	\N	\N	writer,director,producer	tt1117601,tt0288727,tt1185678,tt1289790
nm1008171	Claudia Soundy	\N	\N	actress	tt0250224
nm1008172	Caroline Southey	\N	\N	miscellaneous	tt0109831
nm1008173	Sara J Southey	\N	\N	actress	tt9844086,tt10014926,tt8712204,tt0460681
nm1008174	Gus Souza	\N	\N	actor	tt0288023
nm1008175	Andy Sowerwine	\N	\N	miscellaneous,assistant_director,sound_department	tt0250687,tt1060277,tt0244244,tt0425061
nm1008176	Alain Spaak	\N	\N	cinematographer	tt0288308
nm1008177	Alf Spaeth	\N	\N	special_effects	tt0441734,tt0288632,tt0115448,tt0114010
nm1008178	Fani Spanou	\N	\N	actress	tt0288371,tt0259791,tt0388628,tt1291084
nm1008179	Jacky Spears	\N	\N	actress	tt0288164,tt0177164
nm1008180	George Sperti	1900	1991		tt0288752
nm1008182	Heinz Spira	1938	\N	actor	tt0057322,tt0207257,tt0060859,tt0249290
nm1008183	Margit Sponheimer	1943	\N	actress	tt0128003,tt0208617,tt10467632,tt15485494
nm1008184	Mark Sposato	\N	\N	art_department	tt0095690
nm1008185	Christopher Sprinkle	\N	\N	producer,director,writer	tt1357073,tt1378795,tt1411697,tt1702407
nm1008186	Gilles St-Onge	\N	\N	sound_department,producer,director	tt0083296,tt0088848,tt0081578,tt0288560
nm1008187	Sabella St. Hilaire	\N	\N	actress	tt0288320,tt1094166,tt0945334,tt1709785
nm1008188	Ken Stach	\N	\N	actor	tt0178916,tt0288320,tt0114447,tt0383760
nm1008189	Elaine Stafford	\N	\N	camera_department	tt0288407
nm1008190	Tim Stainton	\N	\N	producer,actor,writer	tt0315677,tt10019624,tt1467392,tt0284984
nm1008191	Matthew R. Staley	1978	\N	stunts,actor,miscellaneous	tt3315342,tt1276104,tt1345836,tt1458175
nm1008192	Kliment Stamenov	\N	\N	cinematographer	tt0288901,tt0314093,tt0290696
nm1008194	Peter Starcevic	\N	\N	cinematographer	tt0287922
nm1008195	Marvin Starkman	\N	\N	actor,director,producer	tt0288257,tt2620736,tt0447603,tt1827541
nm1008196	Ramiro Starosta	\N	\N	art_department,location_management,actor	tt0145480,tt0379944,tt0314197,tt1316616
nm1008197	Dakota Staton	1930	2007	actress,soundtrack	tt11938868,tt9330114,tt0128004,tt1709201
nm1008198	Thorvald Stauning	1873	1942	actor	tt0024203,tt0326264,tt0326263,tt0326262
nm1008199	Grigor Stavri	\N	\N	assistant_director,director,actor	tt0346637,tt0287708,tt0346524,tt0347665
nm1008200	D'Angela Proctor	\N	\N	producer,miscellaneous,production_manager	tt0313532,tt6850862,tt4459162,tt0156376
nm1008201	John Steffensen	\N	\N	music_department	tt0288016
nm1008202	Katarina Stegnar	\N	\N	actress	tt0288440,tt3826814,tt10739214,tt11218428
nm1008203	Jeffery Steiger	\N	\N	actor	tt0288040,tt0238463
nm1008204	Timothy Stempien	\N	\N	actor	tt0284086,tt0305000,tt0290028,tt15853444
nm1008205	Craig Stephens	\N	\N	actor	tt0083201
nm1008206	Peter Stern	\N	\N	miscellaneous,visual_effects,editor	tt21832948,tt2838922,tt0288428
nm1008207	Leslie Stevens Suhy	\N	\N	miscellaneous	tt0283707
nm1008208	Yolande Stewart	\N	\N	script_department	tt0222968,tt0223661,tt0224397
nm1008209	Øyvind Stiauren	1972	\N	editorial_department,production_manager,visual_effects	tt11062632,tt2197926,tt8446886,tt1364479
nm1008210	Jacques Sticque	\N	\N	actor	tt0288308
nm1008211	Melanie Stimmell	\N	\N	miscellaneous,animation_department	tt0158983,tt0121955
nm1008212	Nathaniel Stini-Lark	\N	\N	art_department	tt0284642,tt0941372
nm1008213	Jelena Stojanovic	\N	\N	visual_effects	tt0296572,tt0373889,tt0370263,tt1060277
nm1008214	Shantilata Stone	\N	\N	actress	tt0284189
nm1008215	Michael Stopenopolos	\N	\N	editor	tt0288417
nm1008217	James Patrick Stoteraux	\N	\N	producer,writer,miscellaneous	tt1758772,tt8712204,tt3749900,tt0120188
nm1008218	Kerri Stoughton-Jackson	\N	\N	producer,assistant_director,production_manager	tt0288417,tt0416263,tt0420620,tt11686618
nm1008219	Mascha van Straaten	\N	\N	actress	tt0060447
nm1008220	Tillbert Strahl	1977	\N	actor	tt2844130,tt0899231,tt0939821,tt0115088
nm1008221	Strangefruit	\N	\N	composer,soundtrack	tt0114558,tt0288812
nm1008222	Dimitar T. Strashimirov	\N	\N	writer	tt0287947
nm1008223	Neomi Straul	\N	\N	actress	tt0288320
nm1008224	Benjamin Straus	\N	\N	actor	tt0288013
nm1008226	Robb Stringle	\N	\N		\N
nm1008228	Janne Stømner	\N	\N	miscellaneous	tt0125507,tt0268845
nm1008229	Kyoko Subaru	\N	\N	actress	tt5832134,tt0288116
nm1008230	Mireia Subirá	\N	\N	miscellaneous	tt0102627
nm1008232	Miwako Sugihara	1964	\N	actress	tt0288296,tt0286525
nm1008233	Jeremy Sullivan	\N	\N	producer,actor	tt0866435,tt12607910,tt1331044
nm1008234	Acne	\N	\N	director,actor	tt0432463
nm1008235	Frederick M. Supper	\N	\N		\N
nm1008236	Maree Susic	\N	\N	camera_department	tt0288887
nm1008237	Swan	\N	\N	actress	tt0288438
nm1008238	Mary Kaye Sweeny	\N	\N	miscellaneous	tt0288370
nm1008240	Stanislaw Szablowski	1942	\N	cinematographer,camera_department	tt1029326,tt0078763,tt0288500,tt0078065
nm1008241	Ernst Szebedits	\N	\N	producer	tt0285802,tt1722516,tt0408120,tt2716554
nm1008242	Gerardo Sánchez Valencia	\N	\N	actor	tt0288469
nm1008243	Pablo Sánchez Valencia	\N	\N	actor	tt0288469
nm1008244	Virginia Sánchez	\N	\N	actress	tt0250224,tt4205164
nm1008245	Villy Sørensen	1929	2001	writer	tt1090807,tt0497728,tt0298980,tt0288531
nm1008246	Liv Sørlien	\N	\N	art_department,set_decorator	tt0276675,tt0125507,tt12580682,tt0142034
nm1008248	Marios Tagaris	\N	\N	actor	tt0264573,tt0258543
nm1008249	Kunihara Toshiaki	\N	\N	director	tt0288152
nm1008250	Ryan Tajali	\N	\N	actor	tt0468916,tt0288831
nm1008251	Hironobu Takahashi	\N	\N	actor	tt0288323,tt3390714,tt0223091,tt0287592
nm1008252	Annalisa Talamayan	\N	\N	art_department	tt0240780
nm1008254	Mick Tarff	\N	\N	actor	tt0088604,tt0090400
nm1008255	Arya Tariverdi	\N	\N	producer,director	tt3667412,tt3349078,tt3351206,tt3351428
nm1008256	Andreas Tarnanas	\N	\N	editor,actor,director	tt1329507,tt0288660,tt1244541,tt1807907
nm1008257	Arben Tasellari	\N	\N	producer	tt0395489,tt0287708,tt1050710,tt1426360
nm1008258	Sophokles Tasioulis	\N	\N	producer,production_manager,miscellaneous	tt0393597,tt1945228,tt1417582,tt0365109
nm1008259	Tiina Tauraite	\N	\N	actress	tt14295590,tt19731008,tt0834170,tt1247696
nm1008260	Rick Teagarden	\N	\N	actor	tt0061595
nm1008261	Ralph Teasdale	\N	\N	actor	tt0028387
nm1008262	Serese Teate	\N	\N	actress,composer	tt0255819,tt0471397
nm1008263	Jo Hedwig Teeuwisse	1972	\N	art_department,miscellaneous,director	tt0795441,tt1406143,tt0389557,tt0288826
nm1008264	Stephen Tenenbaum	\N	\N	producer	tt0416320,tt1605783,tt2334873,tt0795493
nm1008265	Ari-Pekka Tervahauta	\N	\N	actor	tt0249261
nm1008266	Christina Renee Thanstrom	\N	\N	miscellaneous	tt0095690
nm1008267	Jelle Thaysen	\N	\N	producer,location_management,cinematographer	tt0276435,tt0288809,tt22325798,tt0430809
nm1008268	Will Theakston	1984	\N	actor,music_department	tt10553930,tt0241527,tt0281444,tt0310523
nm1008269	David Thergood Jr.	\N	\N	animation_department	tt0158983,tt0121955
nm1008270	Jocelyn Therrien	\N	\N	composer	tt0283412,tt0237740,tt5574936
nm1008271	Robin Thibodeaux	\N	\N	actress	tt0288023
nm1008272	Jessica Thomack	\N	\N	actress,miscellaneous	tt0288585
nm1008273	Verónica Thomack	\N	\N	actress	tt0288849
nm1008274	Crissy Thomas-Taylor	\N	\N	miscellaneous	tt0212720,tt0163025
nm1008275	Keo Thongkham	\N	\N	art_department,animation_department,producer	tt0121955,tt0158983,tt2133326,tt1641384
nm1008276	Arnar Thor Thorisson	\N	\N	cinematographer,director,editor	tt2177370,tt4356104,tt4457042,tt8103296
nm1008277	Spencer Thorpe	\N	\N	actor	tt0117112
nm1008278	Zachary Thorpe	\N	\N	actor	tt0117112,tt3868860
nm1008279	Allen R. Throolin	\N	\N		\N
nm1008280	Vidar Thune	\N	\N	art_department,set_decorator	tt0105123,tt0157984,tt0097594,tt0151868
nm1008282	Paul G. Thuriot	\N	\N	visual_effects,animation_department	tt0311429,tt0187738,tt1228705,tt0167190
nm1008283	Gavin Thurston	\N	\N	cinematographer,camera_department	tt1806234,tt9253866,tt0123360,tt11989890
nm1008284	Éva Thury	1930	\N	actress	tt4299084,tt2394406,tt2198998,tt0343814
nm1008285	Danielle Thévenot	\N	\N	make_up_department	tt0213566,tt0235976
nm1008286	Rik Tijhuis	\N	\N	actor	tt0100006
nm1008287	John Tilford	\N	\N	actor	tt0288498
nm1008288	Louis Timalot	\N	\N	miscellaneous	tt0120188
nm1008289	John Timbers	1933	2006	camera_department,miscellaneous,cinematographer	tt0092353,tt0288436,tt0097152,tt1895526
nm1008290	Roland Timsit	\N	\N	actor,producer	tt1952642,tt0825239,tt0477507,tt0288013
nm1008291	Strahil Titirinov	\N	\N	actor	tt0287947
nm1008293	Frederico Tizzot	\N	\N	actor	tt0236463
nm1008294	Thiago Tizzot	\N	\N	actor	tt0236463
nm1008295	Nro Tlahapi	\N	\N	actress	tt0158051
nm1008296	Ana Todorov	\N	\N	producer,production_manager,miscellaneous	tt0192346,tt6518776,tt6518742,tt14895146
nm1008297	Viktoria Todorova	\N	\N	actress	tt0288899
nm1008298	Toinon	\N	\N		\N
nm1008299	Raffaello Tolfo	\N	\N	art_director,set_decorator	tt0044000,tt0043373
nm1008300	Samantha Tolkacz	\N	\N	actress	tt0190211
nm1008301	Boris Tolstykh	\N	\N		\N
nm1008302	Hynek Toman	\N	\N	composer,actor,soundtrack	tt0238427
nm1008303	Petar Topalov	\N	\N	actor	tt0287947
nm1008304	Alberto Torres Lapham	\N	\N	actor	tt0038371,tt0041742
nm1008305	Raymundo Torrez	\N	\N	actor	tt0288320
nm1008307	Malcolm Townsend	\N	\N		\N
nm1008308	Camilla Trampe-Kindt	\N	\N	art_department	tt0125507,tt0268845
nm1008309	Vinnie Travino	\N	\N	actor	tt1094633,tt0190294
nm1008310	Eldora Traykova	1956	\N	director	tt0470519,tt0461824,tt13620070,tt5353138
nm1008311	Tien Tren	\N	\N	make_up_department	tt0240780
nm1008312	Rogelio Tretto	\N	\N	actor	tt0288438
nm1008313	Nikos Triantafyllopoulos	\N	\N	art_department,miscellaneous,actor	tt0368619,tt0865559,tt0156794,tt0255959
nm1008314	Frederic Tribolet	\N	\N	special_effects,art_department,cinematographer	tt6593240,tt0287918,tt5717484,tt20249446
nm1008315	Maurice Tricard	\N	\N	actor	tt0204385,tt0191398,tt0158320
nm1008316	Trier	\N	\N	actor	tt0288650
nm1008317	Mike Trippiedi	1957	\N	actor,writer,director	tt0288498,tt1708375,tt0289875,tt0290081
nm1008318	Sue Trippiedi	\N	\N	actress,special_effects,producer	tt1708375,tt5258202,tt2559878,tt0290081
nm1008319	Tadej Troha	1979	\N	actor	tt0283509,tt0288092,tt0466561,tt1085400
nm1008320	Leroy Trosclair	\N	\N	actor	tt0288023
nm1008321	Andrew Trosmans	\N	\N	production_designer,miscellaneous,actor	tt0387808,tt0413300,tt0311429,tt0800369
nm1008322	Tsing Tong Tsai	\N	\N	actor	tt0499571,tt0380452,tt2334601,tt2207449
nm1008323	Kostas Tsangaris	\N	\N	director,cinematographer,producer	tt1111863,tt0288776,tt1097252,tt1070849
nm1008324	Stamatis Tsarouchas	\N	\N	director,writer,producer	tt1321357,tt0164094,tt0819900,tt0312393
nm1008325	Stefanos Tsigas	\N	\N	camera_department,producer,miscellaneous	tt0368619,tt0970946,tt2209418,tt3909336
nm1008326	Rezo Tskhovrebadze	\N	\N	cinematographer,camera_department	tt0848483,tt0288082,tt0852561,tt0491413
nm1008327	Kôhei Tsuzaki	1928	1995	actor,director	tt10824776,tt8987256,tt8976344,tt0220974
nm1008328	Bob Tuli	1968	\N	producer,production_manager	tt0117537,tt0285744
nm1008329	Anders Tullberg	\N	\N	actor	tt0466539,tt0311926
nm1008331	Jacques Turgeon	\N	\N	producer,production_manager	tt3316048,tt14920776,tt5248512,tt5190634
nm1008332	Maya Turiashvili	\N	\N	actress	tt0288084
nm1008333	Mariam Turnashvili	\N	\N	actress	tt0288041
nm1008335	Nastimir Tzachev	\N	\N	animation_department,producer,director	tt0259308,tt0471655,tt0356423,tt0473271
nm1008336	Gavril Tzonkov	\N	\N	actor	tt0355839,tt0355661,tt0298350,tt0288181
nm1008337	Ruben Uitvlugt	\N	\N	actor	tt0102808
nm1008338	Reno Ulava	\N	\N	art_director	tt0288041
nm1008339	Ulla Ulkrans	\N	\N	actress	tt0139879
nm1008340	Alejandro Uriegas	\N	\N	location_management,miscellaneous,actor	tt4630562,tt0331953,tt0472043,tt2058673
nm1008341	Alison Uttley	1884	1976	writer	tt0177448,tt0288372,tt0361249
nm1008342	Anette Uziel	\N	\N	cinematographer,producer	tt0419412,tt0288184,tt0325816,tt0427105
nm1008343	Ankireddy V.	\N	\N	editor	tt0288258,tt0850352,tt0263831,tt7428602
nm1008344	Anne Vaagen Nestande	\N	\N	miscellaneous,costume_department	tt0125507,tt0106139,tt0268845
nm1008345	Lou Vadino	\N	\N	director	tt0288301
nm1008346	Ventzislav Valchev	\N	\N	actor	tt0256533,tt0320153,tt0375152,tt0372402
nm1008347	Sergio Valdovinos	\N	\N	actor	tt0263811,tt0288438
nm1008348	Alejandro Valdés Peña	\N	\N	editor,production_manager	tt0288470
nm1008349	Narciso Valencia	\N	\N	actor	tt0288469
nm1008351	Yvette Valkering	\N	\N	actress	tt0100213
nm1008352	Kirsten Valkinburg	1961	\N	producer,miscellaneous,casting_department	tt1231535,tt0361254,tt1395384,tt1514112
nm1008353	Carmencita Vallejo	\N	\N	actress	tt0288627
nm1008354	Martin Vallière	\N	\N	actor	tt0283412
nm1008355	Oriol Valls	\N	\N	actor,editor,editorial_department	tt7398864,tt0447898,tt0102627
nm1008356	Calvin L. Valrie Jr.	\N	\N	actor	tt0255819
nm1008357	Jerry Valuri	\N	\N	music_department,actor	tt0240937
nm1008358	Randy Vampotic	\N	\N	writer,director,producer	tt0271285,tt1533088,tt0282589,tt3770230
nm1008359	Peter Van De Veire	1971	\N	actor,director,writer	tt0288378,tt0287841,tt0288920,tt10338050
nm1008360	Fran van Hartesveldt	1912	1970	writer	tt0052445,tt0048890,tt0050032,tt0050009
nm1008361	Kiersten Van Horne	1973	\N	producer,actress,writer	tt6156584,tt12785720,tt4276624,tt5191110
nm1008362	Gitte Van Hoyweghen	\N	\N	editor	tt8269328,tt0310475,tt0288378
nm1008363	Lauren Van Nuys	\N	\N	actress	tt0348545,tt0288868
nm1008364	Pam Van Sant	1955	\N	actress,producer,miscellaneous	tt0364151
nm1008365	Steven C. Van Singel	\N	\N	actor,assistant_director,producer	tt0091933,tt0288023
nm1008366	Monte Van Vleet	\N	\N	actor	tt0288192
nm1008368	Bart Van den Bossche	\N	2013	actor	tt0149412,tt0287853,tt0756272,tt0320853
nm1008369	Louise VanPatten	\N	\N	producer,production_manager,executive	tt0406462,tt1674776,tt3748704,tt4287478
nm1008370	Rosemary Vandebrouck	1982	\N	actress	tt1519640,tt2064628,tt0288480,tt4327752
nm1008371	Gella Vandecaveye	\N	\N	actress	tt0287861,tt14174540,tt1815066,tt1753340
nm1008372	Claudie Vandenbroucque	\N	\N	make_up_department	tt0452608,tt0319262,tt1166094,tt0338097
nm1008374	Rossen Varbanov	\N	\N	art_department,animation_department,visual_effects	tt0423621,tt6264782,tt0278866,tt0198181
nm1008375	Jeff Varga	\N	\N	visual_effects,director,special_effects	tt0364343,tt0343818,tt0120667,tt0414993
nm1008376	Pamela Lynn Varga	\N	\N	editor	tt0287938
nm1008377	Florindo Varzi	\N	\N	camera_department	tt0300850,tt1616357,tt3416514,tt0287857
nm1008379	Matija Vastl	\N	\N	actor	tt1361326,tt11186654,tt5769238,tt1085445
nm1008380	Cindy E. Vaughn	\N	\N	producer	tt0364151
nm1008381	Merlijn van Veen	\N	\N	actor	tt0099715
nm1008382	Arben Vehbiu	\N	\N	production_manager,producer	tt0346838,tt0309030,tt0287708
nm1008383	Oscar Velasquez	\N	\N	camera_department,miscellaneous	tt0240780,tt0417336,tt0418373
nm1008384	Cuitlahuac Morales Velazquez	\N	\N	art_department,special_effects,visual_effects	tt0478970,tt0371746,tt2015381,tt0145487
nm1008385	Rob Veldhuijsen	\N	\N	actor	tt0099715
nm1008386	Olga Velez	\N	\N	actress	tt0047736,tt0061263
nm1008387	Marina Velloso	\N	\N	actress	tt0286462
nm1008388	Yanny Velázques	\N	\N	actor	tt0288585
nm1008389	Henri Vendresse	1894	1967	writer,soundtrack,production_manager	tt0026660,tt0201816,tt0160594,tt0202344
nm1008390	Julie Venerus	\N	\N	miscellaneous,writer,actress	tt0329227,tt0443190,tt1327810,tt0133832
nm1008391	Alexander Ventura	\N	\N	actor	tt0144778
nm1008392	John Verbruggen	\N	\N	cinematographer	tt0288166
nm1008393	Viola Vergani	\N	\N	miscellaneous,actress,production_manager	tt0325030,tt0327919,tt0117185,tt0324464
nm1008394	Adriana Verges	\N	\N	producer	tt0287196
nm1008395	Patricia Vergeylen-Tassinari	\N	\N	editor,editorial_department	tt14739680,tt0237737,tt0237348,tt0284473
nm1008396	David Vernali	\N	\N	art_department,camera_department	tt0369436,tt1013753,tt1153040,tt0914797
nm1008397	J.P. Vernu	\N	\N	writer	tt0100298
nm1008398	Oof Verschuren	\N	\N	actor	tt0102808
nm1008399	José Verstappen	1939	\N	actor	tt0060699
nm1008400	Aurélio Vianna Jr.	\N	\N	producer	tt0241683,tt0459228
nm1008401	Beatriz Vianna	\N	\N	actress,producer	tt0305320,tt0241683,tt2956394,tt2182085
nm1008402	Jules Vibert	\N	\N	actor	tt0217482,tt0159676
nm1008403	Vibha	\N	\N	make_up_department	tt0135393
nm1008404	Ken Viola	\N	\N	producer,director,miscellaneous	tt2918070,tt2876022,tt0288619
nm1008405	Slaven Vidakovic	1977	\N	actor	tt0464770,tt1471017,tt1059884,tt0210629
nm1008406	Kari Vidø	\N	\N	writer,director,script_department	tt1045779,tt0853228,tt1505281,tt0220261
nm1008407	Jacques Vigneron	\N	\N	camera_department	tt0094662,tt0172046,tt0110665,tt0099607
nm1008408	Mr. Villa	\N	\N	actor	tt0002183
nm1008409	Pascual Villa	\N	\N	camera_department	tt0288438,tt0080485,tt0093773,tt0082146
nm1008411	Janet Villella	\N	\N	actress	tt0081522,tt0052447,tt0082425
nm1008412	Marlena Villers	\N	\N	editorial_department,sound_department	tt0091834,tt0090675,tt0288023
nm1008413	Mario de Jesus	\N	\N	actor,animation_department	tt0787157,tt0772748,tt0438053,tt0393169
nm1008414	Teropekka Virtanen	\N	\N	soundtrack,composer	tt0965400,tt0472536,tt1380130,tt0249261
nm1008415	Phil Vischer	1966	\N	actor,writer,soundtrack	tt0284611,tt0298388,tt0865856,tt10233662
nm1008417	Miroslav Vitous	1947	\N	soundtrack,composer	tt0239161,tt6856352,tt0104201,tt0283300
nm1008418	Annemiek van Vlerken	\N	\N	actress	tt0100006
nm1008419	Milan Vodopivec	\N	\N	actor	tt3213392,tt5251814,tt5046672,tt0429440
nm1008420	Drew Vodrey	\N	\N	actor	tt0225769,tt0401456
nm1008421	Ludmila Volf	\N	\N	art_department	tt0268845,tt0125507,tt1715356
nm1008423	Ror Volmar	\N	\N	actress	tt0177912
nm1008425	Tomas Vota	\N	\N	actor	tt0109087
nm1008426	Maurice Vrijdag	\N	\N	actor	tt0060447
nm1008427	Isabel Vázquez 'La Chichimeca'	\N	\N	actress	tt0288666,tt0283282,tt0087523,tt0229450
nm1008428	Tuomas Välimäki	\N	\N	music_department	tt0240937
nm1008430	Richard Waddy	\N	\N	miscellaneous	tt0091964
nm1008431	S.M. Wahid	\N	\N	actor	tt0051421,tt8670592,tt0050304
nm1008432	Sabine Wahrmann	\N	\N	art_department	tt0283160
nm1008433	Mark Waldorf	\N	\N	actor,production_manager,miscellaneous	tt0288230,tt0304458
nm1008434	Nadelia Walfenzao	\N	\N	actress	tt0144778
nm1008435	Brad Wall	\N	\N	editorial_department,miscellaneous	tt0252781,tt0295405,tt0493094
nm1008436	Derek Walmsley	\N	\N	actor	tt0398529,tt0115305,tt0098913,tt0288102
nm1008437	Tiffany Walmsley	\N	\N	actress	tt0300483,tt0288894
nm1008438	Amy Walter Richards	\N	\N	writer,producer,director	tt0123379,tt9715712
nm1008439	Karoliina Waltzer	\N	\N	actress	tt0249261
nm1008440	Ellen S. Wander	\N	\N	producer,executive	tt5616294,tt5301662,tt3658772
nm1008441	Otto Wannemacher	\N	\N	special_effects	tt0013572
nm1008442	Judith Ann Warren	\N	\N	miscellaneous,costume_designer	tt0288812,tt0896232,tt0199248
nm1008443	Gretchen Warthen	\N	\N	camera_department,cinematographer,director	tt0176095,tt1718807,tt6432466,tt0164974
nm1008444	Swetlana Wassilenko	\N	\N	writer	tt0288457,tt4020982
nm1008445	Mototsugu Watanabe	1957	\N	director,assistant_director,writer	tt2338058,tt0288130,tt10255726,tt2094902
nm1008446	Greg Waterfield	\N	\N	miscellaneous	tt0108101
nm1008447	Joady Weatherup	\N	\N	producer,writer	tt0297023,tt1753888,tt0287196
nm1008448	Katie Weekley	\N	\N	camera_department,producer,writer	tt0220506,tt0454082,tt4667084,tt1652400
nm1008449	Rachel Weinberg	1929	\N	director,writer,actress	tt0284849,tt0259352,tt0288013,tt0254687
nm1008450	Nathaniel Weiss	\N	\N	director	tt0288821
nm1008451	Robby Welles	\N	\N	actor	tt0298015,tt0288406,tt0250934,tt0307817
nm1008453	Welvin	\N	\N	actor	tt0288320
nm1008454	Julius Wendrich	\N	\N	actor	tt0100213,tt0096597
nm1008455	Randal Wendt	\N	\N	transportation_department	tt0095690
nm1008456	Rune Wennberg	\N	\N	actor	tt0311926,tt1366792
nm1008457	Ulla Werbrouck	1972	\N		tt0397203,tt0287861
nm1008458	Shirley Wershba	1922	\N	producer,miscellaneous,writer	tt0355068,tt0247880,tt0355110,tt0433383
nm1008459	Georgina West	\N	\N	actress	tt0288844,tt0426698,tt0380106,tt0069262
nm1008460	Suzanne Westenhoefer	1961	\N	actress,miscellaneous	tt1436295,tt6554398,tt0126179,tt0288520
nm1008461	Robert Westlind	\N	\N	actor,composer,producer	tt8633060,tt0288520,tt0109369
nm1008462	Camilla Wexels Riser	\N	\N	art_department	tt0268845,tt0125507
nm1008463	Westley Whitehead	\N	\N	casting_director	tt0288194
nm1008464	Andy Whitehill	\N	\N	actor	tt0340401,tt0288847
nm1008465	Barbara Whitehill	\N	\N	actress	tt0340401,tt0288847
nm1008466	Daniel Whitehill	1977	\N	director,producer	tt0321976,tt0288417
nm1008467	Jo Whitehill	\N	\N	actress	tt0288847,tt0340401
nm1008469	Randi Wilens	\N	\N	producer,manager,miscellaneous	tt0080913
nm1008470	Haywood Wilkerson	\N	\N	actor,make_up_department	tt0247823,tt1037476,tt0133832
nm1008471	Sir Hondes D. Williams Sr.	\N	\N	actor	tt0255819
nm1008472	Kurt D. Williams	\N	\N	visual_effects	tt0405469,tt0448694,tt1078912,tt0284978
nm1008473	André Wilmart	\N	\N	cinematographer	tt0288099
nm1008474	Heide Wilsher	\N	\N	miscellaneous,producer	tt0098833,tt0108101,tt0144729
nm1008475	Earl Wilson Jr.	\N	\N	composer,writer,producer	tt16409852,tt0063985,tt2369543,tt7153396
nm1008476	S.J. Wilson	\N	\N	writer	tt0069385
nm1008478	Daun Windover	\N	\N	director,writer,producer	tt0288540,tt0168002,tt1358803
nm1008479	Graeme Windsor	\N	\N	miscellaneous	tt0091964
nm1008480	Jasper de Windt	\N	\N	actor	tt0144778
nm1008481	Mercedes Winkel	\N	\N	actress	tt0144778
nm1008482	Ron Winterstein	\N	\N	writer	tt0288812
nm1008483	Worm Winther	\N	\N	miscellaneous	tt0268845,tt0125507
nm1008484	Chris Wolcott	\N	\N	producer,camera_department,actor	tt0288192,tt0903132,tt1347334,tt3038034
nm1008485	Ingo Wolf	\N	\N	composer,production_manager	tt0906094,tt0288256
nm1008486	Gary Wolkowitz	\N	\N	costume_designer	tt0288890
nm1008487	F. Alton Wood	1912	2001	actor	tt0050012
nm1008489	Keith E. Wright	\N	\N	actor,miscellaneous	tt0404186,tt0438002,tt1050231,tt0288520
nm1008490	John Wulp	1928	2018	art_department	tt0334884,tt0195105,tt0328807
nm1008491	Bruno Wyndaele	1965	\N	producer,writer	tt0300801,tt5920174,tt5148132,tt3622330
nm1008492	D. Xanopolos	\N	\N	music_department	tt0268845
nm1008493	Luiza Xhuvani	1964	\N	actress	tt15190402,tt0287708,tt0297893,tt0298133
nm1008494	Kate Yacula	1987	\N	actress	tt0201732,tt9119200,tt1558128,tt1536410
nm1008495	Don Yaka	\N	\N	miscellaneous	tt0288845,tt16419554
nm1008496	Arkadiy Yakhnis	\N	\N	director,writer	tt1053941,tt1054587,tt0288457,tt2023616
nm1008497	Kuninori Yamazaki	\N	\N	writer,director,actor	tt1165342,tt3089260,tt0288228,tt1163299
nm1008498	Igor Yan	\N	\N	actor	tt0371388,tt0254193
nm1008499	Hiroyuki Yanagisawa	\N	\N	actor	tt0183869
nm1008500	Petar Yandov	\N	\N	animation_department	tt0356873,tt0363517,tt0360887,tt0245179
nm1008501	Tina Yang	\N	\N	miscellaneous	tt0428441,tt0288441
nm1008502	Loukas Yannatos	\N	\N	production_manager,producer,location_management	tt0098983,tt0102043,tt0257623,tt0107999
nm1008503	Nozomi Yasuda	1952	\N	actress	tt0288321,tt0229204,tt0860465,tt0227157
nm1008504	Yoendris Yauner	\N	\N	actor	tt0288634
nm1008505	Aaron Yelin	\N	\N	editor,director,writer	tt0441964,tt0384671,tt0288257
nm1008506	Yem	\N	\N	actor,costume_department	tt6578304,tt6573580,tt22498526,tt0278053
nm1008507	Sung Hi Yoo	\N	\N	art_director	tt0240780,tt0280203
nm1008508	Ichiro Yoshikawa	\N	\N	actor	tt0288146
nm1008509	Rose Yssa	\N	\N	actress	tt0288908
nm1008510	Iraida Yussupova	\N	\N	composer	tt6573182,tt1054587,tt22440618,tt0288457
nm1008511	Selçuk Yöntem	1953	\N	actor	tt0421384,tt0109357,tt1282139,tt0431476
nm1008512	Aytaç Yörükaslan	1937	2015	actor	tt0388189,tt0262307,tt0183961,tt0263074
nm1008513	Hezi Saddik	1939	\N	actor	tt3163304,tt0431197,tt0288303,tt0176650
nm1008514	Yaron Zagury	\N	\N	art_department,set_decorator,production_designer	tt0366090,tt0353043,tt0341739,tt0125507
nm1008515	Sylvia Zaradic	\N	\N	sound_department,actress,casting_department	tt0270933,tt4047038,tt2872518,tt0765446
nm1008516	Josef Zeitlinger	1884	\N	cinematographer,director	tt0491953,tt0357696,tt1275569,tt0012649
nm1008517	Giorgos C. Zervas	\N	\N	director,writer,producer	tt18070396,tt3693040,tt0288689,tt2298311
nm1008518	Tomas Zettergården	\N	\N	actor	tt0311926
nm1008519	Pyotr Zherdev	\N	\N	actor,editor	tt0288611
nm1008520	Chavdar Zhivkov	\N	\N	actor,director,writer	tt4211022,tt0355787,tt7734664,tt0288899
nm1008521	Serena Zilliacus	\N	\N	actress	tt0097025
nm1008522	Anna Ziss-Patton	\N	\N	miscellaneous	tt1314715,tt0095690
nm1008523	Petar Zivadinovic	\N	\N	writer	tt0247467
nm1008524	Ronald Zlabur	1976	\N	actor	tt0277919,tt5898218,tt0472908,tt1305794
nm1008525	Laura Zone	\N	\N	actress	tt0288538
nm1008527	Zovek	\N	\N	actor	tt0288438
nm1008528	Wil Zuidema	1927	1990	actress	tt1149631,tt0125647,tt0073635,tt0100213
nm1008529	Mirko Zupancic	1925	2014	actor	tt0175257,tt0052743
nm1008530	Sheldon Zwerling	\N	\N	miscellaneous	tt0120188
nm1008531	Gabriel Zúñiga Ramírez	\N	\N	actor	tt0288469
nm1008532	Daniel Zühlke	\N	\N	actor	tt0288115
nm1008533	Jacques d'Auray	\N	\N	production_manager	tt0288515
nm1008534	Paul Émile d'Entremont	\N	\N	director,writer,camera_department	tt10318842,tt5248512,tt8943678,tt0284473
nm1008535	Philippe d'Hauterive	\N	\N	director,writer,camera_department	tt0283831
nm1008536	Marcel d'Orval	\N	\N	actor	tt0270115,tt0492513,tt0052964,tt0175503
nm1008537	Nela da Rocha	\N	\N	writer	tt0108810,tt0112183
nm1008538	Maria Isabel de Carvalho	\N	\N	producer	tt0288198,tt0288056
nm1008539	Pippa de Launay	\N	\N	actress	tt1451638,tt0250181
nm1008541	Christophe de Ponfilly	1950	2006	director,cinematographer,writer	tt6501498,tt0825348,tt0430342,tt0428422
nm1008542	Bernard de Ragnies	\N	\N	writer	tt0288308
nm1008543	Carmen Deraisy	\N	\N	actress	tt0250381,tt0489812,tt0445479,tt0199732
nm1008544	Thomas de Sambi	\N	\N	location_management,actor,production_manager	tt1565958,tt2531336,tt1139328,tt3296908
nm1008545	Marlène de Wouters	1963	\N	actress	tt0807910,tt2139425,tt4104958,tt2337285
nm1008546	Galación de la Cruz	\N	\N	actor	tt0288469
nm1008547	Giandomenico de' Medici	\N	\N	camera_department	tt0287857,tt3416514,tt1616357,tt0300850
nm1008548	Flavio della Noce	\N	\N	actor	tt0175257
nm1008549	Franco di Francescantonio	1952	2005	actor	tt1298542,tt0274757,tt0210717,tt1305010
nm1008551	Ralph von Raven	\N	\N	art_department,production_designer,set_decorator	tt0874740,tt0121027,tt0806901,tt0094420
nm1008552	Federico Álvarez del Toro	\N	\N	composer,music_department	tt0288438,tt0791363
nm1008553	Payende Çizmeci	\N	\N	actress	tt0287883
nm1008554	Christine Øby Litlekalsøy	\N	\N	miscellaneous,actress	tt0125507,tt1002892,tt0268845
nm1008555	Suat Ülhan	\N	\N	actor	tt4321754,tt9124840,tt1132171,tt0426672
nm1008557	Dan Anderson	1954	\N	actor,soundtrack,miscellaneous	tt0298388,tt0399837,tt0865856,tt0284610
nm1008558	Eric Law Anderson	\N	\N	writer,animation_department,producer	tt2436688,tt3042716,tt3529986,tt0284192
nm1008561	John Barber	\N	\N	actor	tt0288023
nm1008562	Thomas Bauer	1949	\N	actor	tt0144061,tt0291232,tt0896679,tt1529559
nm1008563	Wild Bill	\N	\N	actor	tt6684140,tt4229478,tt0287995
nm1008564	David Blake	\N	\N	actor	tt0102808
nm1008565	Richard Boyle	\N	\N	actor	tt0288023
nm1008566	Paul Brown	\N	\N	actor	tt0068711
nm1008567	Scott Brown	\N	\N	actor	tt0056552
nm1008568	Bruno	\N	\N	actor	tt0288320
nm1008569	Richard Butler	1918	2004		tt0433314,tt0217229,tt0288039,tt0396149
nm1008571	John Caldwell	\N	\N	actor	tt0027724
nm1008572	Glen Campbell	\N	\N	actor	tt0272173
nm1008574	Miguel Castro	\N	\N	actor	tt0311289,tt0286486,tt0446082,tt0250224
nm1008575	Jim Chadwick	\N	\N		tt0288164
nm1008577	Eddie Clark	\N	\N	actor	tt0342167,tt3322314,tt0203259,tt1839578
nm1008578	Kevin Clarke	\N	\N	actor	tt0288847,tt0340401
nm1008579	Robert Cooper	\N	\N	actor	tt0108885,tt0082201,tt0108709,tt0151594
nm1008580	Wayne Cooper	\N	\N	actor	tt0288610
nm1008581	Anthony Cordova	\N	\N	actor	tt0804246,tt2394099,tt0189856,tt0090938
nm1008582	Stephen Cox	1966	\N		tt1293405,tt0288622,tt10036104,tt0120974
nm1008583	Pablo Cruz	1984	\N	actor	tt3200960,tt0893412,tt10466302,tt5345934
nm1008584	Marcel Dumont	\N	\N	actor	tt0218154
nm1008585	Alberto Díaz	\N	\N	actor	tt0222600,tt7907384,tt0288469,tt0213356
nm1008586	Pablo Díaz	\N	\N	actor	tt0336838,tt0288469,tt0989663
nm1008587	John Evans	\N	\N	actor	tt0109087
nm1008589	Fernando Flores	\N	\N	actor	tt0288469
nm1008590	Rubén Flores	\N	\N	actor	tt0288850,tt0374891
nm1008591	Hans Frank	\N	\N	actor,writer	tt14688246,tt0288405
nm1008592	Shaun Franks	\N	\N	actor	tt0288428
nm1008593	Tom Fry	1969	\N	actor	tt0118290,tt0104430,tt0160838,tt0435493
nm1008594	Gilberto González	\N	\N	actor	tt0288438
nm1008595	John F. Gray	1968	\N	actor	tt2261391,tt2805096,tt0288040,tt2025586
nm1008596	Matthew Hale	1971	\N		tt0288039
nm1008597	Chris Harris	1969	\N		tt0287863,tt0813676,tt2331851,tt0432466
nm1008598	Phil Harrison	\N	\N	actor	tt0027724
nm1008599	Joe Hawthorne	\N	\N	actor	tt0046475
nm1008600	Paul Hernandez	\N	\N	actor	tt0065883
nm1008601	Joel Hernández	\N	\N	actor	tt0329645,tt0288438
nm1008602	Luis Hernández	\N	\N	actor	tt0290550,tt0231391,tt0217843,tt0288849
nm1008603	Lee Holmes	\N	\N	actor	tt0288023
nm1008604	Mark Hopkins	\N	\N	actor	tt0459228,tt0241683
nm1008605	Hristo Hristov	\N	\N	actor	tt0331362,tt0332263,tt0287947
nm1008606	Robert Jenkins	\N	\N	actor	tt0479950,tt0265773,tt1549106
nm1008608	Steve Johnson	\N	\N	actor	tt0070300
nm1008610	Jorge	\N	\N		tt0288182
nm1008612	Frank Kelly	\N	\N	actor	tt0018867,tt0034930
nm1008613	Ned Kelly	\N	\N	actor	tt0288102
nm1008614	Mark Kenny	\N	\N		tt0287873
nm1008616	Victor Kilian Jr.	1916	1981	actor	tt0032539
nm1008618	Don Kline	\N	\N	actor	tt0112111,tt0139873,tt0098351,tt0092312
nm1008619	Michael Knowles	\N	\N	actor,producer,editor	tt0455653,tt3243940,tt0847216,tt1483756
nm1008622	William Lowe	\N	\N		tt0278191
nm1008623	Jerry Martin	\N	\N	actor	tt0288320
nm1008624	Thomas Martin	1971	\N	camera_department,assistant_director,cinematographer	tt0849437,tt1328873,tt2083379,tt2905838
nm1008626	César Martínez	\N	\N	actor	tt0320466,tt0288849
nm1008627	John May	\N	\N		tt0288331
nm1008628	Robert May	\N	\N	actor	tt0288428
nm1008629	Michael Moerman	\N	\N	actor	tt0288520
nm1008630	Pedro Morales	\N	\N	actor	tt0288469,tt0464141,tt0794240,tt1698445
nm1008631	José Luis Moreno	\N	\N	actor	tt0288469
nm1008632	Stuart Morris	\N	\N	actor	tt0123355,tt0112004,tt0173902,tt0234265
nm1008633	Paul Morton	\N	\N	actor	tt0037380
nm1008635	Nikolai Nikitin	\N	\N	actor	tt0288843
nm1008636	Ben O'Brien	1970	\N	actor	tt0787985,tt1034389,tt1067774,tt3659388
nm1008637	Jack O'Brien	\N	\N	actor	tt0288538
nm1008638	Robert O'Neill	\N	\N	actor	\N
nm1008639	Sean O'Shea	\N	\N	actor	tt11853364,tt0305999,tt0115417,tt0118406
nm1008640	Stephen Payne	\N	\N	actor	tt0097025
nm1008641	Ken Perkins	\N	\N	actor	tt0288428,tt0217894,tt0302795
nm1008642	Stephen Price	\N	\N	actor	tt0288610
nm1008643	Patrick Quinn	\N	\N		tt0364151
nm1008644	Roland Ray	\N	\N	actor	tt0288845
nm1008645	Danny Reilly	\N	\N	actor	tt0133832
nm1008646	José Rivera	\N	\N	actor,production_manager	tt0288850,tt0341348,tt1375744
nm1008647	Keith Robinson	\N	\N	actor	tt0441782,tt7298596,tt0101953,tt0203009
nm1008648	Miguel Rodriguez	\N	1997	actor	tt0427637,tt0186229,tt0441253,tt0435799
nm1008649	Manuel Rojas	\N	\N	actor	tt0066230,tt0056729,tt0051648,tt0054819
nm1008650	Amador Rosas	\N	\N	actor	tt0288850
nm1008651	Chris Rose	\N	\N	actor	tt0240549
nm1008652	Roger Rosen	\N	\N	actor	tt0288839
nm1008653	Brian Ross	\N	\N	actor	tt0288102
nm1008654	Bill Runge	\N	\N	actor,location_management,sound_department	tt0163910,tt0288023
nm1008656	Joel Scott	\N	\N	actor	tt0109087
nm1008657	John Scott	\N	\N	actor	tt0288023,tt0093830,tt0405297,tt0219646
nm1008658	Howard Segal	\N	\N		tt0288591
nm1008659	Paco Serrano	\N	\N	actor	tt0288023
nm1008660	Don Short	\N	\N	actor	tt0125516,tt0147972,tt0118437,tt0109087
nm1008661	Graham Stewart	\N	\N	miscellaneous	tt4579708,tt8703840,tt14081440,tt9767314
nm1008662	Akio Suzuki	\N	\N	actor	tt0288117,tt0202152,tt0279901,tt0384246
nm1008663	Israel Sánchez	\N	\N	actor	tt0288469,tt0409248
nm1008665	Martin Taylor	\N	\N	actor	tt0429394,tt0056751
nm1008666	Mike Thomas	\N	\N	actor	tt0288023
nm1008667	Scott Thomson	\N	\N	actor	tt0039037
nm1008668	Brian Turner	1946	\N		tt5146140,tt0486538,tt6337938,tt16240050
nm1008669	Fernando Vásquez	\N	\N	actor	tt1240733,tt0288469,tt0099234
nm1008671	Greg Weber	\N	\N	actor,miscellaneous,casting_department	tt0432275,tt0401565,tt0344329,tt0284591
nm1008672	Michael Weldon	\N	\N	camera_department	tt1233611
nm1008675	Ryan Wilson	\N	\N	actor	tt0288320
nm1008677	Patrick Young	\N	\N	actor,editorial_department	tt0288428,tt5488982
nm1008678	Abigail	\N	\N	actress	tt0288466,tt0442472
nm1008679	Laura Ainsworth	\N	\N	actress	tt0288023
nm1008680	Andrea	1977	\N	actress	tt0288639
nm1008682	Anne Boyd	1946	\N	composer	tt0288519,tt7311688
nm1008683	Pauline Campbell	\N	\N	actress	tt0096555,tt0203248,tt0354318,tt18115470
nm1008684	Cathy	\N	\N	actress	tt0288544
nm1008685	Rama Devi	\N	\N	actor	tt0369929,tt0323766,tt0288258,tt0369241
nm1008686	Diana	\N	\N	actress	tt0288868
nm1008687	Eden	\N	\N	actress	tt0140467,tt0262316,tt0140318,tt2879726
nm1008688	Emily	\N	\N	actress	tt0288544
nm1008689	Karen Garrett	\N	\N	actress	tt0286179,tt1132153
nm1008690	María González	\N	\N	actress	tt0288469
nm1008691	Patricia González	\N	\N	actress	tt0382309,tt0319137,tt0288438
nm1008692	Linda Gordon	\N	\N		\N
nm1008693	Kelly Hughes	\N	\N	actress	tt0288428
nm1008694	Tracy Hughes	\N	\N	actress	tt0288520,tt0242733
nm1008695	Danielle James	\N	\N	actress	tt0210873,tt0328558
nm1008696	Kandie	\N	\N	actress	tt0290898,tt0288650
nm1008700	Billy Max	\N	\N	actress	tt0288813
nm1008701	Maxine	\N	\N	actress	tt0288544
nm1008702	Robin Morgan	\N	\N	actress	tt0288023
nm1008703	Jenny Morris	1959	\N	soundtrack,actress	tt0082956,tt0115417,tt0298868
nm1008704	Nathalie	\N	\N	actress	tt0288099,tt1034370,tt0963332
nm1008705	Nicole Mitsch	\N	\N	actress	tt0103520,tt2010976
nm1008706	Rachel	\N	\N	actress	tt1164552,tt0273659
nm1008707	Sabine Roller	\N	\N	actress	tt0489352,tt0081860,tt0806879,tt0478439
nm1008708	Roxanne	\N	\N	actress	tt0449971,tt0288446
nm1008709	Ashley Scott	1977	\N	actress	tt0378109,tt2140553,tt0312098,tt0212720
nm1008710	Cathy Wallace	\N	\N	actress	tt0288023
nm1008711	Cynthia Wright	\N	\N		tt0287209
nm1008712	Zoe Zane	1947	\N	actress	tt15061852,tt0389736,tt3060554,tt1732526
nm1008713	Steven Adams	\N	\N	art_department	tt0257570
nm1008714	Barry Baker	\N	\N	animation_department,art_department	tt6139732,tt2816044,tt0262147,tt0119282
nm1008715	Phil Baxter	\N	\N	art_department	tt0257570
nm1008717	Rick Clark	\N	\N	art_director,art_department	tt1276052,tt0095690,tt0210723
nm1008718	Tom Crowl	\N	\N	art_department	tt0080339
nm1008719	Federico González-Runnebaum	\N	\N	editor,director,sound_department	tt12643338,tt0347169,tt12624094,tt0770610
nm1008720	Robert Harper	\N	\N	art_department	tt0458339,tt0089489,tt0113492,tt1446714
nm1008721	Tim Hunt	\N	\N	animation_department	tt0138967,tt0389571,tt0141560,tt0112197
nm1008722	Carl Jackson	\N	\N	art_department,miscellaneous,writer	tt0164310,tt0824340,tt0257570
nm1008723	Ernie Johnson	1956	\N	producer,writer,actor	tt3554046,tt3231022,tt8009428,tt0784889
nm1008724	Cynthia Jones	\N	\N	actress,art_department	tt1129420
nm1008725	David McCarthy	\N	\N	art_department	tt0288023
nm1008727	Paul Newman	\N	\N	art_department,set_decorator	tt1129415,tt0111914,tt0878674,tt0971161
nm1008728	Robert Porter	\N	\N	art_department,animation_department,writer	tt1446192,tt0892782,tt3513498,tt0154061
nm1008729	Mike Andrews	\N	\N	set_decorator,art_director,production_designer	tt0369667,tt0288194,tt0437994,tt0407577
nm1008730	Arthur Clark	\N	\N	art_director	tt0288040
nm1008733	Emily Smith	\N	\N	casting_director,miscellaneous	tt0311850,tt0287956,tt0145503
nm1008734	George Adams	\N	\N	cinematographer	tt0288859,tt0288858,tt0288857
nm1008735	Vasil Mladenov	1924	2007	camera_department,cinematographer	tt0278098,tt0288300,tt0309555
nm1008736	Ray Baker	\N	\N	cinematographer	tt0288792
nm1008737	King Baggot	1943	\N	cinematographer,camera_department,director	tt0087597,tt0080365,tt0088000,tt0106455
nm1008738	David Fox	\N	\N	cinematographer,camera_department,producer	tt1193473,tt18277642,tt0291389,tt18814274
nm1008740	Joe Gibson	\N	\N	cinematographer	tt0308661,tt0241761,tt0223858,tt0258014
nm1008741	Bill Ginn	\N	\N	composer	tt0288023
nm1008742	Larry Reed	\N	\N	miscellaneous,director	tt0288085,tt0972844,tt5493034
nm1008744	Bruce Graham	\N	\N	composer	tt0288428
nm1008745	Brian Scott	\N	\N	miscellaneous,composer	tt0453398,tt0299682,tt0496598,tt0288428
nm1008746	Patrick Bird	\N	\N	composer	tt0283538,tt0330509
nm1008747	Rich Hall	\N	\N	writer	tt0861361
nm1008748	André Lambert	\N	\N	composer,writer	tt0467433,tt0381728,tt0225830,tt0387765
nm1008749	Rinaldo Rinaldi	\N	\N	composer	tt0166259,tt0197060,tt0189045,tt0169683
nm1008753	Michael Connolly	\N	\N	director	tt0287950
nm1008754	Philippe Durand	1932	2007	writer,director	tt0778613,tt1169245,tt1133589,tt5267944
nm1008757	Sean MacDonald	\N	\N	assistant_director,producer	tt0287940
nm1008758	Matt Marshall	\N	\N	director,camera_department	tt1985216,tt0288609
nm1008759	Chris Olsen	1970	\N	animation_department,director,producer	tt3125660,tt1301129,tt1620736,tt2224071
nm1008760	Gary Pennington	\N	\N	editor,director,assistant_director	tt0288379,tt4866866,tt5725682,tt0285335
nm1008761	Margaret Perry	\N	\N	director,producer,cinematographer	tt0308996,tt0237274,tt0258014,tt0308755
nm1008762	Scott Roberts	\N	\N	writer,director	tt0280490,tt2231691,tt0091853,tt0102178
nm1008763	Karen Thomas	\N	\N	producer,director,editor	tt0312758,tt4040090,tt1436342,tt0364151
nm1008764	Mark Baum	\N	\N	editor	tt2346169,tt0782165,tt0118510,tt1707374
nm1008765	Greg Harris	\N	\N	editor,editorial_department	tt0369056,tt1578606,tt14785090,tt1753843
nm1008766	Phil Lee	\N	\N	editor,director,editorial_department	tt0815230,tt0288798,tt4077072,tt0258854
nm1008767	Michael Poole	\N	\N	assistant_director,miscellaneous,editorial_department	tt0072562,tt5543284,tt3677742,tt0496424
nm1008768	Tim Clark	\N	\N	editorial_department,editor	tt0090081,tt0092400,tt0124047,tt0083455
nm1008769	Matt Davis	\N	\N	actor	tt0119456
nm1008770	Alex Rodriguez	\N	\N	miscellaneous	tt0143422
nm1008771	Alex Rodríguez	1971	\N	editor,editorial_department,director	tt9252468,tt8429374,tt0245574,tt0206634
nm1008772	Fabian	\N	\N	art_department	tt0372300
nm1008773	Barbara Kent	\N	\N	make_up_department	tt0288257,tt1472575
nm1008774	Peggy Taylor	\N	\N	make_up_department	tt0288023
nm1008775	Cindy Adams	\N	\N	transportation_department	tt0095690
nm1008776	John Adams	\N	\N	transportation_department	tt0095690
nm1008777	Tom Adams	\N	\N	transportation_department	tt0095690
nm1008778	Pamela Allen	\N	\N	miscellaneous	tt0099005,tt0158051
nm1008779	Bruce Andrews	\N	\N	miscellaneous	tt0091964
nm1008780	Tim Andrews	\N	\N	camera_department,transportation_department,miscellaneous	tt0176244,tt0186547,tt0184804,tt0186014
nm1008782	Eric Baker	\N	\N	transportation_department	tt0124298
nm1008783	Tom Baker	\N	\N	visual_effects,actor,producer	tt0242653,tt0227538,tt0190374,tt0246894
nm1008784	Andrew Bennett	\N	\N	camera_department	tt0119137,tt0234215,tt0230838,tt0120889
nm1008785	Daniel Brock	\N	\N	miscellaneous	tt0109021
nm1008786	Matt Brown	\N	\N	animation_department,visual_effects,miscellaneous	tt0952640,tt0800080,tt0450405,tt0454876
nm1008787	Nicole Brown	1980	\N	miscellaneous,assistant_director,editorial_department	tt0390221,tt0312881,tt0360295,tt0371101
nm1008788	Michael Bush	\N	\N	camera_department	tt0437741
nm1008789	Benito Cano	\N	\N	camera_department	tt0288438
nm1008790	David Carr	\N	\N	transportation_department	tt0109831
nm1008791	Herman Cohen	\N	\N	miscellaneous	tt0120188,tt0116324,tt0403017,tt0083441
nm1008792	Michael Crouch	\N	\N	miscellaneous	tt0118663
nm1008793	Manuel Delgado	\N	\N	transportation_department,miscellaneous	tt0057205
nm1008794	Jerry Dixon	\N	\N	camera_department,editorial_department	tt0091933,tt0288023
nm1008795	Robert Ellis	\N	\N	animation_department,art_department,actor	tt0298388,tt0086746,tt0312109,tt0301787
nm1008796	Daniel Ferreira	\N	\N	composer	tt0988997,tt1884301
nm1008798	Chris George	\N	\N	miscellaneous,production_designer	tt0284335,tt12122686,tt0101114,tt0068069
nm1008799	Linda Gillespie	\N	\N	miscellaneous	tt1582457,tt0160513,tt0758790,tt0324619
nm1008800	Mark Gonzales	\N	\N	camera_department,miscellaneous	tt0313038,tt0320037,tt0995865,tt6931604
nm1008801	Manuel González	\N	\N	miscellaneous	tt0373498,tt0092982
nm1008802	Robert Gray	\N	\N	music_department	tt0056589
nm1008803	Javier Guerrero	\N	\N	producer,miscellaneous	tt0288438
nm1008804	Barbara Hall	\N	\N	miscellaneous	tt1323574,tt0288851
nm1008805	Don Hannah	\N	\N	transportation_department	tt0092767,tt0091024,tt0092085,tt0095690
nm1008806	John Hickey	\N	\N	camera_department	tt4139588,tt1226681,tt1486834,tt2023587
nm1008808	Kalen Hoyle	\N	\N	miscellaneous	tt0128445
nm1008809	Catherine Hughes	\N	\N	miscellaneous	tt0349903,tt0310910,tt0367188,tt0120188
nm1008810	Christian James	\N	\N	miscellaneous	tt0109831,tt0100567,tt0105603
nm1008811	Gavin James	\N	\N	writer,miscellaneous,producer	tt18327110,tt14264256,tt1776193,tt4809834
nm1008812	Heather Jones-Pryor	\N	\N	visual_effects,animation_department,editorial_department	tt0449088,tt0396555,tt0331632,tt0952640
nm1008813	John Kramer	\N	\N	miscellaneous	tt0288023
nm1008814	Eddie Lambert	\N	\N		\N
nm1008817	Jason Lopez	\N	\N	animation_department	tt0158983,tt0121955,tt4782144,tt2133326
nm1008818	David Mahoney	\N	\N	location_management,miscellaneous	tt0156413,tt0158369
nm1008819	Tony Marshall	\N	\N	transportation_department	tt0109831
nm1008821	Salvador Martínez	\N	\N	miscellaneous	tt0288666
nm1008822	Antonio Mata	\N	\N	camera_department	tt0288438
nm1008823	Christopher May	\N	\N	editorial_department,miscellaneous	tt0109415,tt0106447
nm1008824	Penny McDonald	\N	\N	producer,miscellaneous,actress	tt0159097,tt0263734,tt1092082,tt4034452
nm1008825	Malcolm McKay	\N	\N	miscellaneous	tt0091964
nm1008826	Cathy Miller	\N	\N	miscellaneous	tt0095690
nm1008827	Dave Miller	\N	\N	miscellaneous	tt0080339,tt0072735
nm1008828	Stephanie Miller	\N	\N	script_department,miscellaneous	tt0132078,tt0306698,tt0438719,tt0159097
nm1008829	Bob Mills	\N	\N	transportation_department	tt0095690
nm1008830	Tim Morgan	\N	\N	editorial_department,art_department	tt0110500,tt0102721,tt0118826,tt0105275
nm1008831	Gary Morris	\N	\N		\N
nm1008832	Patrick Muldoon	\N	\N	location_management	tt0468569,tt1617661,tt0372784,tt0452694
nm1008833	Paddy O'Connor	\N	\N	miscellaneous	tt0249462
nm1008834	Terry O'Sullivan	\N	\N		\N
nm1008835	Dave Owen	\N	\N		\N
nm1008836	Jim Parker	1946	1998	miscellaneous	tt0444321,tt0120188
nm1008837	Scott Peterson	\N	\N	miscellaneous,script_department	tt0097607,tt0095690,tt0104134
nm1008838	Robert Reese	\N	\N	camera_department	tt0057731,tt0424406,tt0072562,tt0344303
nm1008839	John Reid	\N	\N		tt0190177
nm1008840	Daniel Rodgers	\N	\N	editorial_department	tt0236722,tt0186014
nm1008841	Lorenzo Rodríguez	\N	\N	camera_department,actor	tt0288585,tt0320466,tt0288849
nm1008842	George Ross	\N	\N		\N
nm1008843	Scott Ross	\N	\N	miscellaneous	tt0117202
nm1008844	Germán Salcedo	\N	\N	miscellaneous	tt0288438
nm1008845	Marc Scott	\N	\N	transportation_department	tt1464540,tt1650062,tt1843866,tt1291584
nm1008847	Peter Scott	\N	\N		\N
nm1008848	John Sharman	\N	\N	costume_department	tt0288263,tt0158051
nm1008850	Richard Siegel	\N	\N	assistant_director,miscellaneous	tt0082783,tt0078278,tt0076721,tt0075529
nm1008851	Barry Smith	\N	\N	miscellaneous,producer,legal	tt1596365,tt0108101,tt0454084,tt0280707
nm1008852	Cheryl Smith	\N	\N	miscellaneous	tt0089504
nm1008853	Craig Smith	\N	\N	camera_department	tt1084172
nm1008854	Ron Smith	\N	\N	animation_department,sound_department,writer	tt0442933,tt1014759,tt0480249,tt5814534
nm1008856	Mary Stone	1953	\N		tt0347482,tt1301232,tt2424484,tt1050539
nm1008857	Robert Strong	\N	\N	camera_department	tt0082783
nm1008858	Bill Taylor	\N	\N	miscellaneous	tt0091964
nm1008859	Tiffany Taylor	\N	\N	miscellaneous,casting_department	tt0157191,tt0158369,tt0847897,tt0446752
nm1008860	Mark Thompson	\N	\N		\N
nm1008861	Edith Thornton	\N	\N	camera_department,miscellaneous	tt0120188,tt0156106
nm1008863	Dick Webb	\N	\N	miscellaneous,special_effects	tt0079582,tt0064886,tt0080339,tt0073059
nm1008864	Dave Weber	\N	\N	miscellaneous	tt1331004,tt0249261
nm1008865	Ronald White	1966	\N	editorial_department,actor	tt0146316,tt0120188,tt0266915,tt0199753
nm1008866	Larry Wilson	\N	\N	actor,miscellaneous	tt8243302,tt0080339,tt0401003,tt3913128
nm1008867	Terry Wilson	\N	\N	camera_department	tt0158369,tt1356910
nm1008868	Mary Woods	\N	\N	miscellaneous	tt0089504
nm1008869	Scott Bradley	1972	\N	actor	tt0418897
nm1008870	Christopher Clark	\N	\N	make_up_department	tt3717490,tt0317676,tt1241317,tt1622979
nm1008871	Adam Cook	\N	\N	art_department,miscellaneous	tt0086815
nm1008872	George Flynn	\N	\N	actor,producer,writer	tt5554958,tt1161450,tt0235280,tt1874742
nm1008873	Christopher Frederick	\N	\N	actor,producer,miscellaneous	tt1578606,tt0078665,tt0829315,tt0486167
nm1008875	Peter Gregory	1974	\N	cinematographer,editor,producer	tt0288841
nm1008876	Kirk Johnson	\N	\N	producer	tt1318867,tt0331487,tt0330613,tt0287935
nm1008877	Gareth Jones	\N	\N	producer	tt0287196
nm1008878	Stephen Oliver	\N	\N	director,writer,producer	tt1513086,tt4501812,tt6198276,tt2551436
nm1008880	Jaime Reyes	\N	\N	writer	tt0494873,tt0436757
nm1008881	Ian Richter	\N	\N	production_manager,producer,writer	tt0874300,tt0377191,tt2054778,tt0481499
nm1008882	Bruce M. Smith	\N	\N	producer,writer,miscellaneous	tt0118346,tt3340712,tt1791530,tt0287893
nm1008883	Robert Stephenson	\N	\N	producer	tt1777618,tt1422818,tt8075604,tt8081144
nm1008885	Paul Wu	\N	\N	art_department,director,producer	tt1291048,tt5488982,tt2960790,tt0288428
nm1008886	Robin Caldwell	\N	\N	production_designer,art_department,costume_designer	tt0288184,tt3450528,tt2387618
nm1008887	Anton Antonov	1949	\N	set_decorator,actor,production_designer	tt0297689,tt0288899,tt0246558,tt0298350
nm1008888	Jeff Hall	\N	\N	production_designer,art_department,art_director	tt6392176,tt5447518,tt4816364,tt1740718
nm1008890	James Bain	\N	\N	sound_department	tt2235759,tt12785720,tt5180504,tt7049682
nm1008891	John Bloom	\N	\N	miscellaneous	tt4176370,tt9073722,tt2455546,tt7728344
nm1008892	George Brooks	\N	\N	sound_department	tt0247827,tt4853102,tt0343314,tt0118266
nm1008893	Andrew David	\N	\N	sound_department,composer,editor	tt3534836,tt0288896,tt2756176,tt2758732
nm1008894	Ben Davis	\N	\N	sound_department,composer	tt1426363,tt0240944,tt1138475
nm1008895	David Flowers	\N	\N	music_department	tt0118929
nm1008897	Brendan O'Brien	1950	\N	soundtrack,sound_department,music_department	tt4172430,tt0109506,tt0382992,tt0120685
nm1008898	Kate O'Neill	\N	\N	sound_department	tt0101404,tt0110377,tt0099816
nm1008899	Robert Espinoza	\N	\N	special_effects	tt0134154,tt0170016
nm1008900	Glenn Evans	\N	\N	special_effects,art_department,miscellaneous	tt0170016,tt0095654,tt0313627,tt0402096
nm1008901	Steve Hall	\N	\N	special_effects	tt0170016,tt0181852
nm1008903	John Marshall	\N	\N	visual_effects,special_effects,costume_department	tt0170016,tt0133152,tt0105698,tt0186804
nm1008904	Gary Snyder	\N	\N	special_effects	tt0120188
nm1008905	Kevin Stewart	\N	\N	special_effects	tt0266465,tt0170016,tt0134154
nm1008906	Ron Thompson	\N	\N	special_effects	tt0120188
nm1008909	Chet Thomas	\N	\N	producer,director,camera_department	tt1833829,tt1324034,tt0245891,tt0112697
nm1008910	Victoria Martin	\N	\N	visual_effects	\N
nm1008911	Chris Baker	\N	\N	writer,director,assistant_director	tt0251806,tt0291341,tt13919724,tt1327200
nm1008912	Louise Blanchard	\N	\N	writer	tt0288854,tt0288560
nm1008913	Georgi Bogdanov	1941	1987	writer	tt0288903,tt0374109,tt0379057,tt0381012
nm1008915	George Clark	\N	\N	writer	tt0287992
nm1008916	Andrew Day	\N	\N	writer	tt0243714,tt0291341
nm1008919	Hamza	\N	\N	writer	tt0051421
nm1008920	Douglas Johnson	\N	\N	writer	tt0043174,tt0043232
nm1008921	Tom Murray	\N	\N	writer	tt0043232,tt0050052,tt0053531
nm1008922	Charles Payne	\N	\N	writer,producer	tt5430618,tt0145845,tt0288428
nm1008923	Joe Richardson	\N	\N	writer	tt0047771,tt0051273,tt0046578,tt0049991
nm1008924	Michael Shapiro	\N	\N	writer,editorial_department	tt0398793,tt0238137
nm1008928	Alexander White	\N	\N	writer	tt0044180,tt0044129
nm1008930	Ricardo Alda	\N	\N	actor	tt0288023
nm1008931	David Aldana	\N	\N	actor	tt0288469
nm1008932	Edmundo Aldana	\N	\N	actor	tt0288469
nm1008934	Luka Aleksandric	\N	\N	actor	tt0288842
nm1008935	Alfredo Alexandro	\N	\N	actor	tt0353854,tt0429356,tt0288438
nm1008937	Joe Allaine	\N	\N	actor	tt1139638,tt0086262,tt0288407
nm1008939	Richard E. Allen	\N	\N	actor	tt0030875
nm1008940	Tomas Almgren	\N	\N	actor	tt0428457,tt0311926
nm1008941	Sergio Amaya	\N	\N	actor	tt0286197
nm1008942	Brandon Angle	\N	\N	actor	tt0095313
nm1008944	Aaron Appel	\N	\N	actor	tt0288407
nm1008945	Randy Appell	1976	\N	director,writer,producer	tt0288474
nm1008946	Carlos Arellano	\N	\N	actor	tt0288469,tt0777710,tt0764930
nm1008948	Steve Arroyo	\N	\N	actor	tt0288831,tt0058796,tt0106079,tt0112022
nm1008949	Mike Audley	\N	\N	actor	tt0288023
nm1008950	Patrick Babin	\N	\N	actor	tt0288023
nm1008951	Christian Bagot	\N	\N	actor	tt0057106
nm1008952	Bill Balleger	\N	\N	actor	tt0288320
nm1008953	Paul Baram	\N	\N	actor	tt0288610
nm1008954	Henri Bargin	\N	\N	actor	tt0169869,tt5170620,tt0193981,tt0020519
nm1008955	Herb Barnett	\N	\N	actor	tt0056768
nm1008956	Michel Baron	\N	\N	actor,production_manager	tt0288308
nm1008957	Kenn Bartlett	\N	\N	editorial_department,visual_effects,actor	tt0319512,tt3072482,tt1751634,tt1043813
nm1008958	Xavier Bautista	1955	\N	actor	tt3027716,tt9213176,tt0320466,tt6981638
nm1008959	Heiko Behrens	\N	\N	cinematographer,actor,casting_director	tt1274934,tt0288855,tt0288451,tt1041680
nm1008960	David Benitez	\N	\N	actor	tt0250224
nm1008961	Java Benson	\N	\N	actor	tt0328538,tt0106079,tt0255819,tt0165526
nm1008962	Hans van den Bergh	1931	2011	writer,actor	tt0934518,tt11702166,tt0060447,tt0934581
nm1008963	Bob Bergy	\N	\N	actor	tt0061595
nm1008964	Bob Berkowitz	\N	\N	actor	tt0481445,tt0123366,tt0287874,tt0360291
nm1008965	Tony Bernal	\N	\N	actor,music_department	tt0139873,tt0407782
nm1008966	Mr. Billington	\N	\N	actor	tt0287053
nm1008967	Boris Birman	1966	\N	actor	tt0366028,tt0439581,tt1502417,tt0284867
nm1008968	Genia Birman	\N	\N	actor	tt0282832
nm1008969	Vladimir Blumin	\N	\N		\N
nm1008970	Charles Bondi	\N	\N	actor	tt0057106
nm1008971	Jaksa Boric	1975	\N	actor,producer,director	tt0938342,tt0114206,tt1517248,tt0888034
nm1008972	Miguel Borines	1959	\N	actor	tt0319769,tt15618722,tt4093912,tt0475464
nm1008973	Sam Bornstein	\N	\N	actor	tt0253083,tt0149695,tt1764179,tt1470942
nm1008974	Pierre Bourdon	\N	\N	actor	tt0058702
nm1008975	Sylvain Bourguignon	\N	\N		\N
nm1008976	Mark Bowen	1974	\N	actor	tt15373800,tt4832288,tt14912666,tt3579464
nm1008978	David Bresson	\N	\N	actor	tt0198572,tt0063715
nm1008979	Marc Briones	\N	\N	actor,production_manager	tt1297435,tt0095097,tt0429328
nm1008980	Georges Brisset	\N	\N	actor	tt0038202
nm1008981	Ross Burden	1966	2014	actor	tt0354271,tt5013506,tt0288391,tt0291658
nm1008982	Philip Busby	\N	\N	actor	tt0288266
nm1008983	Stephen Butelo	\N	\N	actor	tt0397056,tt0288516
nm1008984	Richard Callender	1976	\N	actor	tt1779484,tt0956261,tt1987460,tt0288320
nm1008985	Jesús Cancino	\N	\N	actor	tt0288438
nm1008986	Víctor Carlone	\N	\N	actor	tt0991265,tt0288585
nm1008987	Raymond Carrel	\N	\N	actor	tt0037952,tt0151701,tt0288616,tt5352994
nm1008988	Lillian Carter	1898	1983		tt0272711,tt0344743,tt0055708,tt1110215
nm1008989	Daniel Carver	1948	\N	actor	tt0159879,tt0165319,tt0137006,tt0289974
nm1008990	Pablo Casanova	\N	\N	actor	tt0288585
nm1008992	Christian Casper	\N	\N	actor	tt0288417
nm1008993	Roberto Castro	\N	\N	actor	tt0288438
nm1008994	Peter Caton	\N	\N	actor	tt0139873,tt0338337
nm1008995	Richard Cawley	\N	\N		tt0497075,tt0233098,tt0166422,tt0118386
nm1008996	David Ceh	\N	\N	actor	tt0288440,tt10590094,tt4719438
nm1008997	Danny Chauvin	\N	\N	actor	tt0288023
nm1009000	Jon Chung	\N	\N	actor	tt0133832
nm1009001	Errin Clark	\N	\N	actor,miscellaneous	tt13021136,tt0950717,tt0344329,tt0326581
nm1009002	Tony L. Clark	\N	\N	actor	tt0225769
nm1009003	William Cliff	\N	\N	actor	tt0893604
nm1009004	Jaz Coleman	1960	\N	soundtrack,composer,music_department	tt3749900,tt0332379,tt0475944,tt0090305
nm1009005	Ray Coleman	\N	\N	actor	tt0288070
nm1009006	Terry Comer	\N	\N	actor	tt14369256,tt0156529
nm1009007	Gerry Cook	\N	\N	director,writer,cinematographer	tt0102016,tt0093675
nm1009009	Peter Cord	\N	\N	actor	tt0065883
nm1009010	Bill Cornwall	\N	\N	actor	tt0109087
nm1009011	John Crowford	\N	\N	actor	tt0283412
nm1009012	Bill Crowley	\N	\N	actor	tt0332489,tt0411909,tt0288192,tt1297282
nm1009013	César Cueto	\N	\N	actor	tt0288438
nm1009014	George Curiel	\N	\N	actor	tt0144778
nm1009015	Robert Cuthill	1973	\N	actor	tt6523526,tt0446768,tt1090695,tt0058796
nm1009017	Rio Dakin	\N	\N	actor	tt0288320
nm1009018	Anthony Damica	\N	\N	actor	tt0225196
nm1009020	Pierre Dargout	\N	\N	actor	tt0037715,tt0193811,tt0036665,tt0034643
nm1009021	Devon Davenport	\N	\N	actor	tt7167372,tt11422812,tt0190294,tt0263092
nm1009023	Phil De Barros	\N	\N	actor	tt0472954,tt0288428,tt0338093
nm1009024	Steve De Forest	\N	\N	actor	tt0296037,tt0260481,tt1298716,tt0288192
nm1009025	Ilke Decker	\N	\N	actor	tt0288847
nm1009026	Mike Deeney	\N	\N	actor,director,writer	tt0288244,tt0371819
nm1009027	John Deery	\N	\N	producer,director,actor	tt0939516,tt1739293,tt0308129,tt0789779
nm1009028	Morris Dees	1936	\N		tt0925316,tt1244646,tt2366474,tt0367565
nm1009029	Matt Dempsey	\N	\N	actor,miscellaneous	tt1235124,tt2567026,tt1014759,tt1320261
nm1009030	Jonathon Dent	\N	\N	actor	tt0288102
nm1009031	Ihsan Devrim	1914	2010	actor	tt5350968,tt2311504,tt0263737,tt2561522
nm1009033	Jeremy Dillon	\N	\N	writer,director,actor	tt2043522,tt0395056,tt4434532,tt0948102
nm1009034	Jerome Dillon	1969	\N	composer,soundtrack,actor	tt0242193,tt0844479,tt1763264
nm1009035	Christophe Donner	\N	\N	writer,actor	tt0379078,tt0354471,tt0296139,tt21256038
nm1009036	Steve Duell	\N	\N	actor,sound_department,miscellaneous	tt0284591,tt0401565,tt0354920,tt0432275
nm1009037	Walton Dull	\N	\N	actor	tt0288023
nm1009038	Scott Dunn	\N	\N	actor	tt0276717
nm1009039	John Dupree	\N	\N	actor	tt0074601
nm1009041	Isain Dávila	\N	\N	actor	tt0337555,tt0360123,tt0288438,tt0427865
nm1009042	Edwin Edwards	1927	2021	actor,soundtrack	tt2296527,tt0291481,tt5454502,tt0075773
nm1009043	Shannon E. Egan	\N	\N	actress	tt0126260
nm1009044	Paul Egbers	\N	\N	actor	tt0100006
nm1009045	Marcel Eichelberger	\N	\N	actor	tt0288115
nm1009046	Kevin Ellis	\N	\N	actor,miscellaneous	tt0340401,tt0165058,tt0129685,tt0288847
nm1009048	Rafael Enríquez	\N	\N	actor	tt0288438
nm1009049	Joe Estrada	\N	\N	actor	tt0288023,tt0105077
nm1009050	Cal Evans	\N	\N	actor,camera_department,director	tt1176251,tt0985040,tt5083572,tt0086765
nm1009051	Casey Evans	\N	\N	actress	tt0288320,tt0492890,tt0494260,tt1734069
nm1009052	Bryan Everett	\N	\N	actor,editor	tt0113332,tt5762764,tt0288320
nm1009053	George Eykyn	\N	\N		tt0262152
nm1009054	Dan the Fan	\N	\N	actor	tt0288637
nm1009056	Matthew Fennelly	\N	\N	actor	tt0288040
nm1009057	Pepe Fernan	\N	\N	actor	tt0069016,tt0066791
nm1009059	Josip Fiser	1926	2012	actor	tt14895146,tt0175257,tt1527166
nm1009060	Dan Fitzpatrick	\N	\N	actor	tt0036005,tt0031857,tt0027724
nm1009061	Bryan Flora	\N	\N	actor	tt0274911
nm1009062	Simon Fowler	1965	\N	soundtrack,director,actor	tt0120735,tt10077034,tt0153032,tt1071880
nm1009063	Andrés Fraga	\N	\N	actor	tt0277797,tt0267180
nm1009064	Jason Frahm	\N	\N	actor	tt0165400,tt0353483,tt0286197,tt0295446
nm1009065	Steven A. Frankel	\N	\N	producer,actor,assistant_director	tt1659343,tt1937506,tt1541160,tt1735862
nm1009066	Lou Franson	\N	\N	actor	tt0288192
nm1009067	Donnie Freeman	\N	\N	actor	tt0288023
nm1009068	Ryan Freeman	1977	\N	actor	tt1612615,tt0460649,tt0246228,tt0451106
nm1009069	Roman Frosch	\N	\N	actor	tt0070981,tt0063920,tt1471316,tt0085026
nm1009072	Christian Gallerta	\N	\N	actor	tt0288320
nm1009073	Paul Gallerta	\N	\N	actor	tt0288320
nm1009074	T. Kay Garcia	\N	\N	actor,art_department	tt0288428
nm1009075	Silvano Gatti	\N	\N	actor	tt0205430
nm1009076	Gene Gentry	\N	\N	actor	tt0063698,tt0052490
nm1009077	Luke Gerard	\N	\N	actor	tt0058844
nm1009078	Pierre Giannotti	1910	1986	actor	tt0033229
nm1009079	Charles Giglio	\N	\N	actor	tt0288023
nm1009080	Eric Giroux	\N	\N	stunts,actor,miscellaneous	tt0119782,tt0262776,tt0159507
nm1009081	Evan Glenn	\N	\N	actor	tt0133832
nm1009082	John Gobau	1891	1958	actor	tt0288596,tt0288615,tt0026584
nm1009083	John Gofton	1943	\N	actor	tt0076723
nm1009084	David Good	\N	\N	actor	tt0311926
nm1009085	Tom Gottlieb	\N	\N	actor,writer,miscellaneous	tt0106004,tt1167304,tt0305110,tt0098844
nm1009086	Dan Goulding	\N	\N	actor	tt0056589
nm1009087	Victor Grail	\N	\N	actor	tt0288575
nm1009088	Mário Granero	\N	\N	actor	tt0288438
nm1009089	Fraser Gray	\N	\N	actor	tt0289825,tt0108709,tt3671416,tt0219457
nm1009091	Nol Gregoor	\N	\N	actor	tt0060447
nm1009092	Deon Gregory	\N	\N	actor	tt0255819,tt0106079,tt0204765
nm1009093	Laurence R. Griffin	1938	2015	actor	tt0399186,tt0389139,tt1356405,tt1385545
nm1009094	Garrett Griffo	\N	\N	actor	tt0159259
nm1009095	Michiel de Groot	\N	\N	actor	tt0498682,tt0100006
nm1009096	Rick Groves	\N	\N	actor	tt0209967
nm1009097	Raúl Guardado	\N	\N	actor	tt0288849
nm1009098	Phil Hache	\N	\N	actor	tt0288320
nm1009099	Werner Hahn	\N	\N	actor	tt0104349,tt0069353,tt0264249,tt0080692
nm1009100	Argus Hamilton	\N	\N	actor,writer	tt7693434,tt0075567,tt0078641,tt10259078
nm1009101	Gaston Hamilton	\N	\N	actor	tt0288456
nm1009102	Jason Han	\N	\N	visual_effects,producer,miscellaneous	tt1032763,tt1337055,tt0318627,tt6327400
nm1009103	Mark Hannan	\N	\N	actor	tt0191686
nm1009104	Bob Hansen	\N	\N		tt0287873,tt0312214
nm1009105	Josh Harding	\N	\N	actor,script_department	tt2881640,tt4616606
nm1009106	Jeff Harman	\N	\N	actor	tt0288192,tt0398553,tt0406801,tt0386708
nm1009107	Eddie Harrah	\N	\N	actor	tt7441950,tt0109087
nm1009108	Steve Haskins	\N	\N	actor	tt6113510,tt0288405,tt1336020
nm1009109	Gerhard Hauck	\N	\N	miscellaneous	tt0241082,tt0248845
nm1009110	Christian Hebert	\N	\N	actor	tt0115326,tt0171546
nm1009111	Tony Hebert	\N	\N	actor	tt0288023
nm1009112	Bob Heckman	\N	\N	actor,cinematographer,director	tt5899256,tt21366206,tt8362848,tt0264932
nm1009113	Gail Heideman	\N	\N		\N
nm1009114	Steve Heller	1962	\N	actor	tt0452046,tt0192917,tt0257360,tt0328031
nm1009115	Matthew Henerson	\N	\N	actor	tt1352753,tt1305591,tt1067106,tt0285341
nm1009116	Ricardo Hernández	\N	\N	cinematographer,camera_department	tt10941204,tt0298318,tt0161143,tt0104029
nm1009117	Jesse Higman	\N	\N	actor,art_department	tt1890425,tt0287992
nm1009118	Bryan Hines	\N	\N	actor	tt0288320
nm1009119	Omar Hitam	\N	\N	actor	tt0236281,tt0051421,tt6578350
nm1009121	Son House	1902	1988	soundtrack,music_department	tt2356777,tt0337692,tt0107076,tt0118747
nm1009122	Darryl S. Hunter	\N	\N	actor,producer	tt13636004,tt1352821,tt0288896,tt0439882
nm1009123	John Hutchison	\N	\N	actor,composer	tt0288405
nm1009125	Dato Iashvili	\N	\N	actor	tt1852047,tt1526331,tt0480702,tt0794147
nm1009126	Masami Ishii	\N	\N	actor	tt0288140,tt0081662,tt0286746,tt0286532
nm1009127	Ricardo Jafet	\N	\N	actor	tt0288438
nm1009128	Anatoli Jalnin	\N	\N	actor	tt0288855
nm1009129	Gabriel James	\N	\N	actor	tt0288849
nm1009131	Pierre Jamet	\N	\N	actor	tt0288839
nm1009133	Ray Jarris	\N	\N	actor	tt0450102,tt0081229,tt0300636,tt0288428
nm1009134	Alexander Jay	\N	\N	actor	tt0288344
nm1009135	Mariko Kage	\N	\N	actress	tt0400787,tt0288591,tt0349825,tt0338580
nm1009136	Adam Kaiz	\N	\N	actor	tt2266639,tt0108757,tt0496806
nm1009137	Michael Kallio	\N	\N	producer,director,editor	tt0288040,tt14308142,tt1870697,tt0417875
nm1009138	Mik Kaminski	\N	\N	actor,soundtrack	tt12841298,tt0098411,tt0097876
nm1009139	Larry Kaplow	\N	\N	actor	tt0109087
nm1009140	Kenji Kasai	\N	\N	actor,miscellaneous	tt0788086,tt2007993,tt0184168,tt0285427
nm1009141	Boris Katsman	\N	\N		\N
nm1009142	Daniel Kealy	\N	\N	actor	tt0288841
nm1009143	Steven M. Keen	\N	\N	actor	tt3302080,tt6438412,tt1708375,tt2799502
nm1009144	Donald Kelly	\N	\N	actor	tt0358474,tt0139873
nm1009145	Jun Kim	\N	\N	actor	tt6011424,tt0489212,tt0430016,tt0364845
nm1009146	Derk Kinnane	\N	\N	actor	tt0288078
nm1009148	Max Klatzer	\N	\N	actor	tt0454505,tt0228902,tt9777520,tt0276435
nm1009149	Marcel Klemens	\N	\N	actor	tt0053230,tt0057106
nm1009150	Jerzy Klimaszewski	1903	1944	actor	tt0021009,tt0150997,tt0027813,tt0024636
nm1009151	Christopher Knowles	1959	\N		tt0841992,tt16025174
nm1009152	Craig Koppens	\N	\N	actor	tt0288023
nm1009153	Boris Kos	\N	\N	actor	tt5975206,tt2096313,tt0288739,tt1570972
nm1009154	Bert Koster	\N	\N	actor	tt0099730,tt0201888
nm1009155	Gyula Kovacs	\N	\N	actor	tt0239590
nm1009156	Jeff Kramer	1961	\N	actor,miscellaneous	tt1453257,tt0454943,tt0419887,tt2076834
nm1009158	Michael Kriek	\N	\N	actor	tt0288166
nm1009159	Andrew Kwon	\N	\N		tt0226093
nm1009160	Andre LaBorde	\N	\N	actor	tt0288023,tt13445600
nm1009161	Michael Lehnert	\N	\N	actor	tt0289801,tt0288632
nm1009162	Boris Lekhman	\N	\N	actor	tt0288225
nm1009163	Mike Letton	\N	\N	actor	tt0288320
nm1009164	Charlie Lewis	\N	\N	actor	tt0288405
nm1009166	Peter Lieck	1935	2006	actor	tt0092405,tt1116761,tt1568967,tt0772790
nm1009167	Charlie Limon	\N	\N	actor	tt0288320
nm1009168	Mattias Lindberg	\N	\N	actor	tt0311926
nm1009169	Hugo Lino	\N	\N	actor	tt0288849
nm1009170	Jaime Lobato	\N	\N	actor	tt0288850
nm1009171	Peter Lohr	1933	1983	actor	tt0060447
nm1009172	Sebastiano Lomanto	\N	\N	actor	tt0288023
nm1009173	Donald J. Long	1947	\N	actor,special_effects	tt0093272
nm1009174	Johnny Lopez	\N	\N	actor	tt0288023
nm1009175	Jacques Maeder	\N	\N	actor	tt0106042,tt0218363,tt0158405,tt2807052
nm1009177	Marconi	\N	\N	actor	tt0044769
nm1009178	Alejandro Marenco	\N	\N	actor	tt0247556
nm1009179	Frédéric Marques	\N	\N		\N
nm1009180	Wes Martin	\N	\N	actor	tt0288192
nm1009181	Junior Martinez	\N	\N	actor	tt0288320
nm1009182	Anthony Martini	\N	\N	actor,soundtrack	tt0287938
nm1009183	Bill Massof	1950	\N	actor	tt0887883,tt0280486,tt0280720,tt1321860
nm1009186	Dave Mayer	\N	\N	actor	tt14369256,tt0156529
nm1009187	Dave McCarthy	\N	\N	actor	tt0288023
nm1009188	Jack McGrath	\N	\N	director,actor,writer	tt1668083
nm1009189	Eoin McMillan	\N	\N	actor	tt0209967
nm1009190	Óscar Medina	\N	\N	actor	tt0223585,tt0288438,tt0484030
nm1009191	Hank Mendoza	\N	\N	actor	tt0250224
nm1009192	Fabrizio Mennoni	\N	\N	actor	tt0205430
nm1009193	Jason Mersell	\N	\N	actor	tt0287209,tt0430193,tt2209744,tt0309945
nm1009194	André Mertens	\N	\N		tt0241704
nm1009195	Dimitar Milev	\N	\N	actor	tt0356209,tt0288181,tt0098542,tt0108205
nm1009196	Marcel Millet	\N	\N	actor	tt0204385,tt0034354
nm1009197	Cleve Monroe	\N	\N	actor	tt0027724
nm1009198	Carlo Montini	\N	\N	actor	tt0169849,tt0175257,tt0359346,tt0057274
nm1009199	Jeffery F. Moore	\N	\N	actor	tt0276717
nm1009201	Toni Morgen	\N	\N	actor	tt0288847
nm1009202	Alexander Morosov	\N	\N	actor	tt0254193,tt0371388
nm1009204	Greg Moss	\N	\N	actor	tt0288426,tt0827786
nm1009206	Fredrik Myrberg	1963	\N	actor	tt0305123,tt0115360,tt0307847,tt0907683
nm1009207	Ryûichi Nagashima	\N	\N	actor	tt0065443,tt0188017,tt0052248,tt6411526
nm1009208	Joey Nagy	1969	2004	actor	tt0285518,tt0078903
nm1009209	Nick Nairn	1959	\N	actor	tt1313072,tt13368788,tt0291683,tt0181260
nm1009210	Scott Nath	\N	\N	actor	tt0457509,tt0249892,tt0345557,tt0203259
nm1009211	Justin Neill	1981	\N	actor,producer	tt3069694,tt0488023,tt0883398,tt0441748
nm1009212	Georgi Neykov	\N	\N	actor	tt0288899
nm1009213	David Nowlin	\N	\N	actor,music_department,miscellaneous	tt1217596,tt0816441,tt1220901,tt1217597
nm1009214	Sam O'Dell	\N	\N	actor,producer	tt7551068,tt0094481,tt2973554,tt3655172
nm1009215	Gary O.	\N	\N	actor	tt0288278
nm1009216	Ernest Ohman	\N	\N	actor	tt0043052
nm1009218	Tony Onoda	\N	\N	actor	tt0288320
nm1009219	Carlos Orana	\N	\N	actor	tt0288666
nm1009220	Javier Orozco	\N	\N	writer,actor	tt0278243,tt0288585
nm1009221	Luis Orozco	\N	\N	actor	tt1210340,tt0469247,tt0288849,tt4946180
nm1009222	Walter Otten	\N	\N	actor	tt0156529
nm1009224	Johnny Parsons	\N	\N	art_department,visual_effects	tt0107703,tt0108598,tt0291406,tt1430626
nm1009225	David Pavao	\N	\N	actor	tt1498878,tt0494253,tt0200525,tt0478988
nm1009227	McCauley Penderdast	1979	\N	actor	tt0128445
nm1009228	Christian Perez	\N	\N	actor	tt0288320
nm1009229	Marc Petersen	\N	\N	actor	tt0288023
nm1009230	Morrison Pierce	\N	\N	actor,art_department,set_decorator	tt0448128,tt0490076,tt0288320
nm1009232	Jeff Polage	\N	\N	actor,art_department,camera_department	tt0475239,tt1565983,tt1967474,tt1954538
nm1009233	Jim Poole	1964	\N	actor,soundtrack,producer	tt0298388,tt1243630,tt3823662,tt0284610
nm1009234	Nicholas Power	\N	\N	actor	tt0088630
nm1009235	Dave Prewitt	\N	\N	actor,cinematographer,producer	tt0288450,tt10036486,tt8166058
nm1009236	Michel Pruis	\N	\N	actor	tt0179034,tt0115189,tt0096597,tt0242726
nm1009237	David Puentes	\N	\N	actor	tt0288320
nm1009238	José Quintas	\N	\N	actor	tt0107435
nm1009239	David Radford	\N	\N	actor	tt0389537,tt0288520
nm1009240	Joseph Ragusa	\N	\N	actor	tt0288192,tt0305747
nm1009241	Marc Raymondun	\N	\N	actor	tt0034354
nm1009242	Rick Reader	\N	\N	actor,art_department	tt0276717,tt1462814
nm1009243	Andy Reate	\N	\N	actor	tt0288320
nm1009244	Derrick Reeve	\N	\N	actor	tt0262776,tt11160650,tt15766002
nm1009245	Rhon Rhodes	\N	\N	actor	tt0288023
nm1009247	Mesan Richardson	\N	\N	actor	tt0496806,tt0162065,tt0770521,tt0460651
nm1009248	Nick Richetta	\N	\N	art_department,actor,camera_department	tt0109087,tt1864405,tt4004682
nm1009249	Sebastian Rinka	\N	\N	actor	tt0288115
nm1009250	Gene Rizzo	\N	\N	actor,composer	tt2395127,tt0288023
nm1009251	Cloyd Robinson	1950	2020	actor,director,writer	tt0188546,tt2235701,tt0496519,tt0499517
nm1009252	Maurice Rollet	\N	\N	actor	tt0081405,tt0288013
nm1009253	Pat Ronald	\N	\N	actor	tt0157114,tt0031359
nm1009254	Bella Rosa	\N	\N	actress	tt0288640,tt0291088
nm1009255	Paul Rude	\N	\N	actor	tt0274911
nm1009256	Enrique S. Ruiz	\N	\N	actor	tt0288666,tt0382514
nm1009257	Mike Sage	\N	\N	actor,soundtrack,music_department	tt0865856,tt0284610,tt0284604,tt0500177
nm1009259	Pierre Salas	\N	\N	actor	tt0274709
nm1009260	André Sallée	\N	\N	actor	tt0095097
nm1009261	Martín Sandoval	\N	\N	actor	tt0288469
nm1009262	Rigo Santana	\N	\N	actor	tt0288469
nm1009263	Kiyono Sasaki	\N	\N	actress	tt9680830,tt0499130,tt9599812,tt9680750
nm1009264	Sebastian Sash	\N	\N	actor	tt0075474,tt0077076,tt0896680,tt0103487
nm1009265	Peter Schat	1935	2003	actor	tt0060447,tt8034328
nm1009267	John Schutler	\N	\N	actor	tt0288023
nm1009268	Nico Schömakers	\N	\N	actor	tt1727493,tt1062236,tt1162041,tt0181259
nm1009269	Christopher Schöps	\N	\N	actor	tt0288115
nm1009270	Roy Seager	\N	\N	actor	tt0031608,tt0037469,tt0026206,tt0036696
nm1009271	Steve Sedahl	\N	\N	actor	tt0288370,tt0365179,tt0366047
nm1009272	Amat Sentol	\N	\N		\N
nm1009273	Jacques Seram	\N	\N	actor	tt0288308
nm1009274	Jack Serio	\N	\N	actor	tt0803086,tt6951280,tt0288023
nm1009275	Josh Sexton	\N	\N	actor	tt0190305
nm1009276	Keith Sexton	\N	\N	actor	tt0097025,tt0094728
nm1009277	Dax Shepard	1975	\N	actor,producer,soundtrack	tt0387808,tt0424993,tt0493405,tt2097307
nm1009278	Alex Shutsa	1990	\N	editorial_department,writer,editor	tt6604210,tt5488778,tt7737692,tt7542650
nm1009279	Frank Sicoli	\N	\N	producer,writer,miscellaneous	tt0406402,tt5089932,tt4382376,tt5057588
nm1009280	Joe Siegler	1965	\N	miscellaneous,actor,producer	tt0234704,tt0290577,tt12512900,tt0389909
nm1009281	Kenneth Silverman	1936	2017	writer,miscellaneous	tt0364151,tt0094416,tt2469412,tt0155428
nm1009282	Dave Sim	1956	\N	writer	tt6343878,tt13779394,tt0288619
nm1009283	Allen Simpson	1969	\N	sound_department,composer,music_department	tt8115900,tt0096697,tt13160360,tt3391176
nm1009284	Michael Sittner	\N	\N	actor,editor,sound_department	tt4306110,tt0449056,tt1946313,tt0460783
nm1009285	Paul Skibbe	\N	\N	actor	tt0288115
nm1009286	Grant Slater	\N	\N	producer,miscellaneous,actor	tt10231726,tt8439234,tt6794504,tt14057604
nm1009287	Georgiy Sokolov	\N	\N	actor	tt0173558,tt0063175,tt0256533,tt4000940
nm1009288	Luis Solanas	\N	\N	actor	tt0109104,tt0906777,tt0288484,tt6047298
nm1009289	Marco Antonio Solís	1959	\N	soundtrack,music_department,actor	tt0341623,tt0212642,tt0245574,tt0314232
nm1009290	Frank Sommer	\N	\N	writer,actor	tt0860267,tt0806901,tt0145004,tt0339702
nm1009291	Boubacar Sow	\N	\N	actor	tt0283412
nm1009292	Gilbert Sparen	\N	\N	actor	tt6438398,tt0144778
nm1009293	Paul Steger	\N	\N	producer,actor	tt0156529,tt1734544,tt3231454
nm1009294	Fergus Stone	\N	\N		tt0288312,tt3355188
nm1009295	Ben Stoner	\N	\N	actor	tt0097025
nm1009296	Vincent Stoof	\N	\N	actor	tt0100213
nm1009298	Mike Suzor	\N	2006	actor,cinematographer	tt0156529
nm1009299	Norman Swain	1910	1986	actor	tt9358738,tt0288400
nm1009300	José Guadalupe Sánchez	\N	\N	actor	tt0288469
nm1009302	Brent Taylor	1980	\N	actor,director,writer	tt6019526,tt3993262,tt0400871,tt0404456
nm1009303	Olan Thompson	\N	\N	actor,soundtrack	tt0255819
nm1009304	Tony Tobin	\N	\N		tt1390451,tt10873190,tt0497075,tt0166422
nm1009305	Frank Todd	\N	\N	actor	tt0027724,tt0036005
nm1009306	Johnny Tolan	\N	\N	actor	tt0043052
nm1009307	Toulouse	\N	\N	actor	tt0288023
nm1009308	Markus Trautman	\N	\N	actor	tt0288070
nm1009309	Arik Travis	\N	\N	actor	tt0453236,tt0186639,tt0190294,tt0142861
nm1009310	Sam Tsui	\N	\N	actor,soundtrack	tt0460627,tt0197951,tt0256400
nm1009312	Blaine Turner	\N	\N	actor	tt0053848,tt0048960,tt0059563,tt0058529
nm1009313	Roberto Uribe	\N	\N	actor	tt0323095,tt0288863
nm1009314	Andrew Valentino	\N	\N	actor	tt0190294,tt1095096,tt5467436,tt7157518
nm1009315	Chris Van Tongelen	1968	\N	actor	tt15120276,tt6485308,tt21186304,tt0162076
nm1009318	Josh Vaughn	\N	\N	actor	tt0266529,tt0250224
nm1009319	Boris Velkov	\N	\N	actor	tt0360707,tt0338400,tt0288181,tt0171663
nm1009320	Óscar Velázquez	\N	\N	actor	tt0288666,tt0288438
nm1009321	Henk Vermeulen	\N	\N	actor,producer	tt1429455,tt0306349,tt0211271,tt0149546
nm1009322	Yvon Victor	\N	\N	actor	tt0174410,tt0166927,tt0287949
nm1009324	Sebastian Vogel	1974	\N	actor	tt0288632
nm1009325	Andrew Vuong	\N	\N	actor	tt4196094,tt0288428
nm1009326	T-Bone Walker	1910	1975	soundtrack	tt0106918,tt0119978,tt0107614,tt0286788
nm1009327	Patrick Warwick	\N	\N	actor	tt0088604
nm1009328	Hans Waterman	\N	\N	actor	tt0100006,tt0259795,tt0808881,tt0391581
nm1009329	Dan Wedeking	1963	\N	director,writer,editor	tt1493864,tt2106555,tt0489816,tt1806888
nm1009330	Lew Weinberg	\N	\N	actor	tt0288023
nm1009332	Jake Weismann	\N	\N	actor	tt0109087
nm1009333	Darian Weiss	1992	\N	actor,director,writer	tt0321021,tt0058796,tt0403358,tt0804503
nm1009334	Mel Werner	\N	\N	actor	tt0288023
nm1009335	Alan Whittaker	\N	\N	actor	tt0047723,tt0051310
nm1009336	Donald Wildmon	1938	\N		tt0101651
nm1009337	Devon Williams	\N	\N	actor,composer,soundtrack	tt5001766,tt0250224
nm1009338	Herman Willingham	1889	1974	actor,stunts	tt0033044,tt0030538,tt0034832,tt0035693
nm1009339	Milton Wolfe	\N	\N	actor	tt0288023
nm1009340	Tommy Wolfe	\N	\N	actor,location_management,miscellaneous	tt3960820,tt13064558,tt22505316,tt1334605
nm1009341	Steve Wong	\N	\N	actor,visual_effects	tt0100213,tt0297403,tt0852985
nm1009342	Yuri Wong	\N	\N	actor	tt0100213
nm1009343	Roland Wood	1897	1967	actor	tt0051297,tt0446859,tt0045449,tt0041040
nm1009345	Christopher Wooley	\N	\N	actor	tt0358944
nm1009346	G. Charles Wright	\N	\N	casting_director,casting_department,actor	tt1986770,tt0165598,tt1236429,tt1442464
nm1009347	Ronald Wyche	\N	\N	actor	tt0288023,tt0098844,tt0247086
nm1009348	Doug Wylie	\N	\N	actor	tt0276717
nm1009349	Jorge Yepez	\N	\N	actor	tt0288585
nm1009350	Luke Youngblood	1986	\N	actor,soundtrack,miscellaneous	tt0295297,tt3305096,tt0241527,tt1439629
nm1009351	Jordan Zalis	\N	\N	actor	tt0158369
nm1009352	Lupita Adriana	\N	\N	actress	tt2777882,tt0279243,tt0318307,tt0303688
nm1009353	Ana Alberte	\N	\N	miscellaneous,actress	tt0496449,tt0288579
nm1009354	Jana Alexander	\N	\N	miscellaneous,actress	tt0288857,tt0288859,tt0288858
nm1009355	Nancy Alexander	\N	\N	actress	tt0109087
nm1009356	Amber Allen	\N	\N	actress	tt0288226,tt13154440,tt0196518,tt0455339
nm1009358	Josette Amiel	1930	\N	actress	tt7069432,tt4667954,tt7086236,tt0288100
nm1009359	Germaine Amy	\N	\N	actress	tt0140386
nm1009360	Ebony Angel	\N	\N	actress	tt0297940,tt0288465
nm1009361	Misa Aoyama	1950	\N	actress	tt1757840,tt8991678,tt8470584,tt7803620
nm1009362	Irma Aranda	\N	\N	actress	tt0288608,tt0900998,tt3553008
nm1009363	Ginette Arelly	\N	\N	actress	tt0193806
nm1009364	Yoko Asakura	1954	\N	actress	tt3113180,tt0288079,tt0285835
nm1009365	Mónica Ayos	\N	\N	actress,soundtrack	tt1020906,tt0482439,tt1743281,tt0451479
nm1009366	Suzanne Bara	\N	\N	actress	tt0243195,tt0202492
nm1009367	Maxine Barry	\N	\N		tt0288348
nm1009368	Christy Baye	\N	\N	actress	tt0127774,tt0141447,tt0287995,tt0146201
nm1009369	Clara Bellino	\N	\N	actress,miscellaneous	tt0358722,tt0102977,tt0288894
nm1009370	Sarah Belsher	\N	\N	actress	tt0190106,tt0289292
nm1009372	Christiane Bertrand	\N	\N	actress	tt0288854
nm1009373	Esther Beste	\N	\N	actress	tt0100006
nm1009374	Margo Blas	1972	\N	actress	tt0108894
nm1009376	Nicole Boulay	\N	\N	actress	tt0288854,tt0188333
nm1009377	Jacqueline Brandt	\N	\N	actress	tt0288604
nm1009379	Molly Brink	\N	\N	actress	tt0244365,tt0473100,tt0133832,tt0247082
nm1009380	Sarah Brooks	\N	\N	actress	tt0288070
nm1009381	Victoria Bush	\N	\N	actress,soundtrack	tt0203248,tt2173566,tt0053494,tt0487189
nm1009382	Ann Butler	\N	\N	actress,soundtrack	tt0288460,tt0383567
nm1009383	Jackie Cain	1928	2014	soundtrack	tt0288074,tt0048899,tt5656264,tt0056626
nm1009387	Dina Carroll	1968	\N	soundtrack,actress,composer	tt0184907,tt0243155
nm1009388	Leslie Carter	1986	2012	actress,soundtrack	tt0126029,tt0799863,tt0288206,tt2433758
nm1009389	Chanelle	\N	\N	actress	tt0288638
nm1009390	Kiera Chaplin	1982	\N	actress,producer	tt0278500,tt0339535,tt0288324,tt0469925
nm1009391	Rachel Chin	\N	\N	actress	tt1258205,tt11187304,tt0301661,tt7250384
nm1009393	Silva Concha	\N	\N	actress	tt0288023
nm1009395	Suzy Cover	\N	\N	actress	tt0288180
nm1009396	Samantha Crew	\N	\N	miscellaneous,actress	tt0288176,tt0289879,tt0386907,tt0164334
nm1009397	Lori Culwell	\N	\N	actress,producer	tt0288428,tt0338598,tt2951852
nm1009398	Teresa Curry	\N	\N	actress	tt12723434,tt15464050,tt0288226,tt12729374
nm1009400	Marie Davis	\N	\N	miscellaneous,script_department,actress	tt0284189,tt0329829
nm1009401	Raymonde Devarennes	\N	\N	actress	tt0043357,tt0216784
nm1009402	Leah Diamond	\N	\N	actress	tt0133832
nm1009403	Vera Dikova	\N	\N	actress	tt0329126,tt0308627,tt0073149,tt0338400
nm1009404	Maya Dineva	\N	\N	actress	tt0324174,tt0338506,tt0368885,tt0355661
nm1009405	Sunshine Dizon	1983	\N	actress,producer,director	tt0441919,tt0479722,tt1010358,tt0856128
nm1009406	Maria Domingues	\N	\N	actress	tt0078334,tt0167946,tt0166633
nm1009407	Rachel Dyer	\N	\N	actress	tt0109087
nm1009408	Alex Eden	\N	\N	actress	tt0254257
nm1009409	Marcella Edwards	\N	\N	actress	tt0035313
nm1009410	Erika Eller	\N	\N	actress	tt1265663,tt1319566,tt0904023,tt0076992
nm1009411	Monique Emmen	\N	\N	actress	tt0099715,tt0179056,tt1058652
nm1009412	Caroline Farrell	\N	\N	producer,writer,director	tt2959232,tt0209967,tt3462338,tt8743250
nm1009413	Gladys Faye	1895	1979	actress	tt0034613
nm1009414	Laura Fernández	\N	\N	actress	tt0267160,tt0288849
nm1009415	Danielle Ferraro	\N	\N	production_manager,miscellaneous,editorial_department	tt0173974,tt0096554,tt0219458,tt0098950
nm1009416	Samantha Elkin	\N	\N	actress	tt0300196,tt0246836,tt0115320,tt0115083
nm1009417	Hope Flood	\N	\N	actress,executive	tt13919412,tt0255819,tt3896750,tt14464154
nm1009418	Marissa Flores	\N	\N	actress	tt0035447
nm1009419	Gail Forbes	\N	\N	actress	tt0133832
nm1009420	Nadine Forster	\N	\N	actress,assistant	tt0288308,tt1037716
nm1009421	Mona France	\N	\N	actress	tt0034075
nm1009423	Gioia Garson	\N	\N	actress	tt0065460
nm1009424	Judi Gassel	1927	\N	actress	tt0021226,tt0204952,tt0131492
nm1009425	Irene Gay	1908	1976	actress	tt0049508,tt0041639,tt0035477
nm1009426	Gabriele Geißler	\N	\N	actress	tt0288419
nm1009428	Jeanine Gläser	\N	\N	actress	tt0288115
nm1009429	Monique Gläser	\N	\N	actress	tt0288115
nm1009430	Nicole Gläser	\N	\N	actress	tt0288115,tt0309404
nm1009431	Liliana Gomez	\N	\N	actress	tt0288428,tt0103705
nm1009432	Doris González	\N	\N	actress	tt0288438
nm1009433	Selma González	\N	\N	actress	tt0288438
nm1009434	Karen Greer	\N	\N	actress	tt0156529
nm1009435	Lauren Griffin	\N	\N	actress	tt0286197
nm1009436	Nora Guerrero	\N	\N	actress	tt0288849
nm1009437	Elizabeth Gutiérrez	\N	\N	actress	tt0320466,tt0288585
nm1009438	Annabelle Hahn	\N	\N	actress	tt0211737
nm1009439	Caroline Hall	\N	\N	actress,writer	tt2406376,tt5957544,tt1185602,tt0265803
nm1009440	Susan Hannon	1954	\N	actress	tt0083201,tt0252763,tt0091896
nm1009441	Hidemi Hara	\N	\N	actress	tt2301698,tt3398368,tt0226913,tt3398294
nm1009442	Ann Harrison	\N	\N	actress,make_up_department	tt0342505,tt2058108,tt0288331,tt0056751
nm1009443	Rie Hayashi	\N	\N	actress,make_up_department	tt0288882,tt0224238,tt0230367
nm1009444	Jennifer Heaton	1976	\N	director,actress,producer	tt5083994,tt4872920,tt1462053,tt2559878
nm1009445	Nona Herrera	\N	\N	actress	tt2060511,tt0359554,tt0487770,tt2120852
nm1009446	Karin Hetzer	\N	\N	actress	tt0167946
nm1009447	Muriel Hogue	\N	\N	actress	tt3858454,tt4332232,tt4610748,tt4820370
nm1009448	Brandi Houston	\N	\N		tt0288039
nm1009449	Maria Höglind	\N	\N	actress	tt0253257,tt0253256
nm1009452	Claude Jego	\N	\N	actress	tt0239803
nm1009455	Yolanda Jones	\N	\N	miscellaneous,actress	tt0191133,tt0255819,tt0327036,tt0489594
nm1009456	Michelle Renee Jordon	\N	\N	actress	tt0286197
nm1009457	Francesca Joven	\N	\N	actress	tt0133832
nm1009458	Julie Judd	\N	\N	actress	tt1619029,tt0397508,tt0338097,tt3772660
nm1009459	Jennifer Kato	\N	\N	actress,casting_department,producer	tt0123181,tt0104718,tt0288815
nm1009462	Michell Knox	\N	\N		tt0278191
nm1009463	Olga Kondina	\N	\N	actress	tt0307594,tt0157713,tt0254193
nm1009464	Melissa Kern	\N	\N	actress	tt0288335
nm1009465	Rika Koyanagi	\N	\N	actress	tt1468704,tt2224237,tt0261400,tt9219154
nm1009466	Mariana Kren	\N	\N	miscellaneous	tt0279809
nm1009468	Ans Kroon	\N	\N	actress	tt0102808
nm1009469	Michelle Kuhl	\N	\N	assistant_director,production_manager,actress	tt0288040,tt0345683
nm1009471	Jülide Kural	1965	\N	actress	tt0176589,tt1727564,tt1297419,tt1505875
nm1009472	Laurie Lambert	\N	\N	actress	tt0061595
nm1009473	Maureen Lampert	\N	\N	actress	tt0156529
nm1009474	María Elena Larios	\N	\N	actress	tt0288666
nm1009475	Charlotte Larsen	\N	\N	actress	tt0109087
nm1009476	Lis Larsen	\N	\N	actress	tt0145004
nm1009477	Lola Larson	\N	\N	actress	tt0066995
nm1009478	Fredda Lee	1945	2019	actress	tt0061015
nm1009479	Valerie Lefevre	\N	\N	actress	tt0288544,tt0320217,tt0322202
nm1009480	Allison Leo	\N	\N	actress	tt1067106,tt0247121,tt1837709,tt0288320
nm1009481	Regan Leopold	\N	\N	actress	tt0288023
nm1009482	Susan Levin	1942	\N	actress	tt0043244
nm1009483	Christine Li	\N	\N	actress	tt0197951
nm1009484	Taylor Love	1994	\N	actress	tt6143796,tt10580064,tt16758130,tt0248655
nm1009485	Lilly Lovely	1990	\N	actress	tt4863792,tt11784984,tt14309968,tt6466932
nm1009486	June Lu	\N	\N	actress	tt0307914,tt0117189,tt0240780,tt0821486
nm1009488	Gabriela Macías	\N	\N	actress	tt0442893,tt0288438
nm1009489	Kathy Maledon	\N	\N	actress	tt0288023
nm1009490	Grace Mallari	\N	\N	actress	tt0133832
nm1009491	Lisa Manning	\N	\N	actress	tt0310506,tt0191686,tt0313102,tt0166436
nm1009492	Chana Marie	\N	\N	actress	tt0288244,tt0147757,tt0259857
nm1009493	Marie-Christine	\N	\N	actress	tt2327488,tt1389502,tt0271415,tt0288544
nm1009494	Elaine Marsh	\N	\N	actress	tt0288847
nm1009495	Claude Martial	1913	1991	actress	tt0208103
nm1009496	Mrs. Martinez	\N	\N	actress	tt0288320
nm1009497	Sunny Mary	\N	\N	actress	tt0288023
nm1009498	Anita Matic Delic	1975	\N	actress	tt3840644,tt1305794,tt1517248,tt21830214
nm1009499	Mindy Mayer	\N	\N	actress	tt0288428
nm1009500	Amber McCabe	\N	\N	actress	tt12712276,tt12724642,tt0288226,tt12713928
nm1009503	Taylor McCall	1969	\N	actress,casting_department	tt0351265
nm1009504	Jannice McConnell	\N	\N	actress	tt0188527,tt0288723,tt0289487,tt0252890
nm1009506	Mandy McElhinney	1970	\N	actress	tt2311643,tt0277941,tt4432814,tt2832756
nm1009507	Hendrike Meier	\N	\N	actress	tt0288451
nm1009508	Bernice Mene	\N	\N		tt0491515,tt0298229,tt0287863,tt1666205
nm1009509	Carola Meyer	\N	\N		tt0288256
nm1009511	Ann Mills	1980	\N	actress	tt0307747
nm1009512	Mishka	\N	\N	actress	tt0288868
nm1009513	Maria Monelle	\N	\N	actress	tt0288465
nm1009514	Soari Monna	\N	\N	actress	tt0288846
nm1009515	Adriana Morera	\N	\N	actress,costume_department	tt0133832,tt1699205,tt2231696,tt5660684
nm1009516	Paulette Morny	\N	\N	actress	tt0192355
nm1009517	Michelle Murrey	\N	\N	actress	tt0288405
nm1009518	Mystic	\N	\N	actress	tt0409159,tt1431750,tt0288824,tt0348524
nm1009519	Colleen Nash	\N	\N	producer,actress	tt2076738,tt3131266,tt0288040,tt4701548
nm1009520	Meredith Neal	\N	\N	actress	tt0063696
nm1009521	Sophie Neal	\N	\N	actress	tt0288308
nm1009522	Rae Nicholas	\N	\N	actress	tt0371495,tt0254257,tt0846091,tt0103460
nm1009523	Audrey Noble	1915	2016	actress	tt0121516,tt1343011,tt0129717,tt0045239
nm1009524	Miss Normand	\N	\N	actress	tt0287053
nm1009525	Silver Nuri	\N	\N	actress	tt0288903
nm1009526	Laila Nyström	\N	\N	actress	tt0287916,tt0060047
nm1009527	Laura Närhi	1978	\N	soundtrack,actress	tt4614936,tt0231971,tt0249261,tt0307076
nm1009529	Esther O'Donnell	\N	\N	actress	tt0288610
nm1009531	Megumi Ogawa	1962	\N	actress	tt9495998,tt9429702,tt0083404,tt9423096
nm1009532	Kim Oliver	\N	\N	actress,soundtrack,music_department	tt1018785,tt1196956,tt0847147,tt0203248
nm1009533	Guadalupe Orona	\N	\N	actress	tt0288438
nm1009534	Hetty Oster	\N	\N	actress	tt0144778
nm1009535	Lyla Owen	\N	\N	actress	tt0159876,tt0288023
nm1009536	Tülin Özek	\N	1964	actress	tt0401478,tt0263378,tt0398704,tt0288211
nm1009537	Jennifer Paige	1973	\N	soundtrack,actress,composer	tt0174480,tt6920084,tt0858479,tt0276033
nm1009538	Shruti Patel	\N	\N	actress	tt0229193
nm1009540	Jennifer Patterson	\N	\N	actress	tt0287938,tt0106667
nm1009541	María Pemán	\N	\N	actress	tt0069016
nm1009542	Terry Pepper	\N	\N	actress	tt13677954
nm1009543	Isabella Perini	1971	\N	actress	tt0288638
nm1009544	Adriana Petrova	\N	\N	actress	tt0389456,tt0101650,tt0232521,tt0290013
nm1009545	Martina Petrova	\N	\N	actress	tt0288899
nm1009546	Cherry Pierce	\N	\N	actress	tt0288278
nm1009548	Mayra Pérez	\N	\N	actress	tt0459700,tt0288849
nm1009549	Fifi Rademaker	\N	\N	actress	tt0144778
nm1009550	Mavis Raeburn	\N	\N	actress	tt0033164
nm1009551	Rebecka Read	\N	\N	actress	tt0288040
nm1009552	Marilyn Rich	\N	\N	actress	tt0043052
nm1009553	Millie Rivera	\N	\N	actress	tt0240780
nm1009554	Agnès Rivière	\N	\N	actress	tt4490592,tt1261050,tt0057106,tt0054259
nm1009555	Dale Roberts	\N	\N	actress	tt0093896,tt0109087
nm1009556	Carolyn Robertson	\N	\N	actress	tt0450218,tt0288192,tt0818109
nm1009557	Régine Roche	\N	\N	actress	\N
nm1009559	Sarah Rodgers	\N	\N	actress	tt0819704,tt0370433,tt0288176,tt2759988
nm1009560	Lorena Rodríguez	\N	\N	actress	tt0471554,tt0288469,tt0404926,tt0922656
nm1009561	Mabel Russell	1887	1951	actress	tt0022483,tt1999954
nm1009562	Danielle Saar	1982	\N	actress	tt0090157
nm1009563	Masami Sakae	\N	\N	actress	tt7975690,tt7481256,tt7975704,tt0286483
nm1009564	María Luisa San Tome	\N	\N	actress	tt0288438
nm1009565	Christina Sandke	\N	\N	actress	tt0288115
nm1009566	Margarita Sava	\N	\N	actress	tt0288850
nm1009568	Samantha Shelton	1978	\N	actress,soundtrack,music_department	tt0247082,tt0283139,tt0412142,tt0361748
nm1009569	Hisami Shiraishi	\N	\N	actress	tt0288231
nm1009570	Elizabeth Shirey	\N	\N	actress	tt0276717
nm1009571	Jen Simmons	\N	\N	writer,director,actress	tt0133832,tt0469114,tt0416622
nm1009572	Sasha Simon	\N	\N	actress	tt0163924,tt0288610,tt10714870,tt7679290
nm1009573	Barbara Sloan	\N	\N	actress	tt1552112,tt0288831,tt1557868,tt0195593
nm1009574	Bertina Smith	\N	\N	actress	tt0002081
nm1009575	Stephanie Sotomayer	\N	\N	actress	tt0133832
nm1009576	Amanda Stone	\N	\N	actress	tt0102529,tt0142438
nm1009577	Nikki Stone	1978	\N	actress	tt0288639,tt0337309,tt1017922,tt1106863
nm1009578	Amanda Strang	1980	\N	actress	tt0288480,tt1265698,tt19029666,tt0295258
nm1009579	Sylvaine	\N	\N	actress	tt0288813,tt0288575
nm1009580	Rebecca Tapley	\N	\N	actress	tt0288352
nm1009581	Natsuko Tashiro	\N	\N		\N
nm1009583	Krysti Thomas	\N	\N	actress	tt0288446,tt4442692,tt0095095
nm1009584	Teri Thornton	\N	\N	actress	tt0060022,tt0057777,tt0288074,tt0040053
nm1009585	Catherine Thorpe	\N	\N	actress	tt0287956
nm1009586	Christen Todd	\N	\N	actress	tt0288410,tt0288411
nm1009587	Claudia Toledo	\N	\N	actress,producer	tt2586396,tt0288850,tt0289696,tt0416459
nm1009588	Gabriella Tolemen	\N	\N	actress	tt0288320
nm1009589	Michelle Tomlinson	1978	\N	actress,producer,director	tt1634275,tt8205846,tt0878657,tt6319830
nm1009590	Dominique Toussaint	\N	\N	production_manager,actress,assistant_director	tt0067950,tt0091507,tt0108167,tt0309588
nm1009591	Cathy Trien	1970	2021	actress,soundtrack	tt1600196,tt3749900,tt0258038,tt0125622
nm1009592	Sheryl Ullman	1947	\N	actress	tt0063925,tt0061281
nm1009594	Barbara Vidovic	\N	\N	actress	tt11788332,tt11114992,tt0288440,tt9660170
nm1009595	Lisa Vischer	1970	\N	actress,soundtrack,miscellaneous	tt0865856,tt0500177,tt0298388,tt0284610
nm1009596	Anna Vonogradova	\N	\N	actress	tt0287943
nm1009597	Uschi Wagner	\N	\N	actress	tt0484252,tt0194716,tt0166633
nm1009598	Suzana Norberg	\N	\N	actress,producer,writer	tt6379644,tt14783954,tt10379574,tt13964234
nm1009600	Kim Walsh	\N	\N	actress	tt1343302,tt1052351,tt0101145,tt1784630
nm1009601	Hope K. Walter	\N	\N		\N
nm1009602	Michelle Warmer	\N	\N	actress,costume_designer	tt0288428
nm1009603	Lesley Waters	1961	\N		tt4584724,tt0166422,tt0181260,tt0497075
nm1009604	Ulla Wennborg	\N	\N	actress	tt0185112,tt4583810,tt3873630,tt0066668
nm1009605	Willy Westermann	\N	\N	actress,writer	tt0144778,tt0818896
nm1009606	Barbara Whaley	\N	\N	actress	tt0254257
nm1009607	Erika Wilcox	\N	\N	actress	tt0133832
nm1009608	Jaimi B. Williams	\N	\N	actress	tt0288417,tt1259821
nm1009609	Mina Willis	\N	\N	actress	tt0288498
nm1009610	Erin Wilson	1980	\N	miscellaneous,art_department	tt0325710,tt0338768,tt0339291,tt0314353
nm1009611	Lauren S. Wood	\N	\N	actress	tt0133832
nm1009612	Giselle Wort	\N	\N	actress	tt0139879
nm1009613	Rhiannon Benedict	\N	\N	actress,producer	tt1807077,tt0385535,tt0305882,tt0158369
nm1009614	Della Young	\N	\N	actress	tt0063696
nm1009615	Tricia Young	\N	\N	actress	tt0066487,tt0156442,tt0318252,tt0213327
nm1009617	Asia del Castillo	\N	2004	actress	tt0288438
nm1009618	Ricardo Alms	\N	\N	art_department,production_designer,art_director	tt0492044,tt5610554,tt0293113,tt0427470
nm1009619	Natalie Armstrong	\N	\N	art_department,actress,set_decorator	tt4423984,tt0428134,tt0455824,tt0290747
nm1009620	Andrew Bales	\N	\N	art_department	tt0257570
nm1009621	Danny Burke	\N	\N	art_department,miscellaneous	tt1018785,tt0403508,tt0238112,tt1976000
nm1009622	Terry Boyl	\N	\N	art_department,miscellaneous	tt0106350
nm1009623	Tara V. Brennan	\N	\N	art_department	tt0095690
nm1009624	Dwayne Campbell	\N	\N	art_department,set_decorator	tt4903242,tt2618986,tt7978912,tt5511582
nm1009625	Joanne Chow	\N	\N	art_department,assistant_director,make_up_department	tt1988636,tt10461418,tt0240780
nm1009626	Shane Dunlop	\N	\N	producer,editor,director	tt3949970,tt2720112,tt3482674,tt2015124
nm1009627	Lars K. Eskildsen	\N	\N	art_department,miscellaneous	tt2377081,tt0125507,tt0448189,tt6185118
nm1009628	Elin Fleischer	\N	\N	art_department	tt0268845,tt0125507
nm1009630	Larry Godo	\N	\N	art_department	tt0240494
nm1009631	Robbie Goodman	\N	\N	art_department,miscellaneous	tt0095690,tt0166986
nm1009632	David Hadfield	\N	\N	art_department,soundtrack,special_effects	tt0099528,tt0089629,tt0087333
nm1009633	A. Scott Hamilton	\N	\N	special_effects,make_up_department,visual_effects	tt0343818,tt0285492,tt0377713,tt0489270
nm1009634	Camilla Heiberg	\N	\N	art_department	tt0268845,tt0125507
nm1009635	Jaeger Hill	\N	\N		\N
nm1009636	Frode Jensen	\N	\N	art_department,production_designer,miscellaneous	tt0107176,tt0267231,tt0125507,tt0338618
nm1009637	Caitlin Johns	\N	\N	art_department	tt0158369,tt0207631
nm1009638	Marianne Jødal	\N	\N	art_department	tt0125507,tt0268845
nm1009639	Uwe Kramer	\N	\N	art_department,actor	tt0927664,tt0319323,tt0806910,tt0807760
nm1009640	Eric Mahle	\N	\N	miscellaneous,assistant_director,art_department	tt0134271,tt0180734,tt0149178,tt0139011
nm1009641	Thomas Monauni	\N	\N	art_department,art_director	tt0303017,tt0312617,tt0289589,tt0299712
nm1009642	Chuck Mulder	\N	\N	art_department	tt0114918
nm1009643	Andrea Nelson	\N	\N	art_department	tt5968394,tt0286162
nm1009644	Mark O'Hare	1968	\N	writer,art_department,producer	tt1323594,tt0175058,tt0106115,tt0419315
nm1009645	John M. Oswald	1956	\N	art_department,art_director,special_effects	tt0119925,tt0120188,tt0431197,tt0810922
nm1009646	Alec Owen	\N	\N	art_department	tt0095690
nm1009647	Daniel Oxford	\N	\N	art_department	tt0257570
nm1009648	David Oxford	\N	\N	transportation_department,art_department,production_manager	tt1259528,tt0257570,tt1311060,tt14293806
nm1009649	David Perlin	\N	\N		\N
nm1009650	John K. Quinn III	\N	\N	art_department	tt0095690
nm1009651	Randy Rawe	\N	\N	art_department,editor,set_decorator	tt0330136,tt0268200,tt1653003
nm1009652	Victor Renaldi	\N	\N	art_department	tt0817520,tt0159097
nm1009653	Dana Richardson	\N	\N	art_department,art_director,camera_department	tt1396484,tt0167427,tt0159097,tt0352248
nm1009654	Monika Rovan	\N	\N	production_designer,art_department	tt1523395,tt0287922,tt2185210
nm1009655	John Stephanov	\N	\N	art_department,miscellaneous	tt0095690
nm1009657	Kristian Uhre	\N	\N	art_department	tt0125507,tt0268845
nm1009658	Christopher Willacy	\N	\N	art_department	tt0257570
nm1009659	Aidan Wilson	\N	\N	art_department,actor	tt0257570,tt0106110,tt8502328
nm1009660	Dennis Abbe	\N	\N	art_director	tt0288890
nm1009661	J.S. Antony	\N	\N	art_director	tt0051421,tt22498526
nm1009662	Andrew Christian	\N	\N	art_director	tt0288436
nm1009664	Patricia Desing	\N	\N	art_department,production_designer,art_director	tt0410879,tt0288632,tt0367916,tt1390815
nm1009665	Bethany Karlyn	\N	\N	make_up_department	tt1887927,tt0264235
nm1009666	Kitty Litter	\N	\N	art_director	tt0288584
nm1009667	Marty Martinez	\N	\N	art_director	tt0288407
nm1009668	Tina Miller	\N	\N	art_director,production_designer,art_department	tt2563646,tt15660422,tt3362198,tt5234102
nm1009670	Frank Plant	\N	\N	art_director	tt0288668
nm1009671	Rob Vermeulen	\N	\N	writer,art_director,producer	tt0301519,tt0102808
nm1009672	Maichael Back	\N	\N	assistant_director	tt0240780
nm1009673	Sandra Behrens	\N	\N	art_director,assistant_director,make_up_department	tt0406492,tt0288192
nm1009674	Maureen Casey	\N	\N	assistant_director	tt0288023
nm1009675	Sandy Gonzalez	\N	\N	assistant_director,camera_department,editor	tt0288192
nm1009676	Mark Gustavel	\N	\N	assistant_director,script_department	tt0288230,tt0304458
nm1009677	David Christopher Johnson	\N	\N	miscellaneous,director,location_management	tt0120841,tt0337978,tt1156286,tt0418689
nm1009678	Anita Joshua	\N	\N	assistant_director,costume_designer	tt0165807,tt0272363
nm1009679	Jean MacLean	\N	\N	miscellaneous,assistant_director,actress	tt0090497,tt3435532,tt0288335,tt0190169
nm1009680	Stephen L. Miller	\N	\N	assistant_director	tt0288890
nm1009681	Stephen Niver	1971	\N	producer,writer,assistant_director	tt5434248,tt1619880,tt1346302,tt1078927
nm1009682	Richard Parron	\N	\N	writer,assistant_director	tt0283344
nm1009683	Tim Riddington	\N	\N	assistant_director,miscellaneous,producer	tt0160904,tt3585270,tt2069449,tt1606375
nm1009684	Fabrizio Sergent	\N	\N	assistant_director	tt0068454
nm1009685	Marius Vilunas	\N	\N	producer,production_manager,assistant_director	tt9617560,tt6167962,tt1046171,tt12879112
nm1009688	Akira Arita	\N	\N	director,writer,cinematographer	tt0288817
nm1009689	David Baillie	\N	\N	cinematographer,camera_department,director	tt7475578,tt0398529,tt0283170,tt1769803
nm1009690	Tullio Chiarini	\N	\N	cinematographer,editor	tt0156303,tt0121052,tt0267073,tt0258759
nm1009691	Walter Fuchs	\N	\N	cinematographer	tt1260717,tt0199454,tt0455127,tt0455146
nm1009692	Mark Gamble	\N	\N	cinematographer	tt0288406
nm1009693	Bryan Hays	\N	\N	cinematographer,camera_department	tt0106056,tt6311972,tt0118466,tt0284722
nm1009694	Richard Kirby	\N	\N	cinematographer,camera_department,director	tt1762300,tt5932766,tt0123360,tt1806234
nm1009695	Bert Knieper	\N	\N	director,writer,cinematographer	tt0288256
nm1009696	Hristo Konstantinov	1897	\N	cinematographer,director	tt0331456,tt0287948,tt0492326,tt0289862
nm1009697	Rainer Kotte	\N	\N	cinematographer,camera_department	tt0806910,tt0138975,tt0287850,tt0103269
nm1009698	Richard Laniel	\N	\N	cinematographer,camera_department	tt6926374,tt9387520,tt0475207,tt4122608
nm1009699	Paul Marschall	1974	\N	cinematographer,camera_department,actor	tt12574708,tt0288601,tt0357668,tt1821156
nm1009700	Sandro Messina	\N	\N	cinematographer,camera_department	tt0179577,tt1616357,tt0843935,tt0363345
nm1009701	E.J. Nicholson	\N	\N	cinematographer	tt0046179
nm1009703	Emil Petrov	\N	\N	cinematographer	tt0455224,tt0292393,tt0290579,tt0288901
nm1009704	Romano Prada	\N	\N	cinematographer,camera_department	tt0117040,tt0288078,tt1275774,tt6876878
nm1009705	Marco Antonio Ruiz	\N	\N	cinematographer,director,producer	tt0341624,tt0426051,tt0288470,tt0287856
nm1009706	Robert Schauer	1953	\N	camera_department,cinematographer	tt0133302,tt0288593,tt0219676,tt1369626
nm1009707	Óscar Torrero	\N	\N	cinematographer	tt0342536,tt6981638,tt0320466,tt0288585
nm1009708	Jay Truesdale	\N	\N	cinematographer,camera_department,editorial_department	tt0288562,tt0307879,tt0365578,tt0300922
nm1009709	Bill Yauch	\N	\N	cinematographer,editor,actor	tt1104091,tt1708375,tt1791643,tt5258202
nm1009710	Denny Bouchard	\N	\N	composer	tt0288858,tt0288859,tt0288857
nm1009711	Jerry Danielsen	\N	\N	composer,sound_department,actor	tt14877706,tt5431954,tt3042540,tt0204676
nm1009712	John Ellsworth	\N	\N	music_department	tt0194766
nm1009713	Michele Evans	1968	\N	music_department,composer	tt0195944,tt0163318,tt0892082,tt0233764
nm1009714	Michael Farrel	\N	\N	composer	tt0288184
nm1009715	Marian Gold	1954	\N	soundtrack,actor,music_department	tt2452200,tt0374900,tt1126591,tt1648216
nm1009716	Robert V. Greene	\N	\N	director,actor,producer	tt0303486,tt0323515,tt0302116,tt0302185
nm1009717	Wolfgang Lesser	1923	1999	composer	tt0055480,tt0230451,tt0056865,tt0054114
nm1009718	Bernhard Lloyd	1960	\N	soundtrack,composer,music_department	tt0300140,tt1126591,tt2452200,tt0374900
nm1009720	Andrea MacKenzie	\N	\N	editorial_department,composer,editor	tt0096679,tt0134263,tt0288417,tt0115113
nm1009721	Steve Mackey	\N	\N	soundtrack,music_department,actor	tt0117951,tt0330373,tt1213663,tt0482572
nm1009722	Henri Martinet	1909	1985	soundtrack,composer,producer	tt0192382,tt0098105,tt0112682,tt0139152
nm1009723	Wayne Montana	\N	\N	composer	tt0288114
nm1009724	Micha Müller	\N	\N	sound_department,camera_department,composer	tt0135831,tt0288435,tt1726159,tt2286636
nm1009725	Fred Neil	1936	2001	soundtrack	tt0109830,tt0479884,tt0064665,tt2234003
nm1009726	Kelly Neill	\N	\N	actress,composer,soundtrack	tt0109369,tt0288520,tt0439628,tt8633060
nm1009727	Adam Norén	\N	\N	art_department,set_decorator,assistant_director	tt8425516,tt2216856,tt0473609,tt7976904
nm1009729	Luis Pardal	\N	\N	composer	tt0288174
nm1009730	Charley Patton	1891	1934	soundtrack	tt12380756,tt3190158,tt4400688,tt10514222
nm1009731	Prince Paul	1967	\N	soundtrack,music_department,actor	tt0119807,tt0181984,tt3890160,tt0240772
nm1009732	David Renik	\N	\N	composer	tt0253425
nm1009733	Salvador Rey	1975	\N	composer,soundtrack	tt0981227,tt1230207,tt0959086,tt4866712
nm1009734	Payton Rule	\N	\N	soundtrack,actress,composer	tt0288176
nm1009735	Elizabeth Sellers	\N	\N	composer,music_department,soundtrack	tt0147643,tt1545089,tt0847538,tt1267155
nm1009737	Bob Vieira	\N	\N	sound_department,composer,writer	tt0288085,tt19246496,tt0258523,tt21248884
nm1009738	Philipp Weiss	\N	\N	composer,sound_department	tt0288435
nm1009739	Anette Albrecht	\N	\N	costume_designer,production_designer	tt0287850,tt0138975
nm1009740	Caitlin Alexander	\N	\N	costume_department,costume_designer	tt0415978,tt0288230
nm1009741	María Domingo	\N	\N	costume_designer,miscellaneous	tt0288668,tt0305339
nm1009742	Travis Haines	\N	\N	costume_designer	tt0288417
nm1009743	Katherine Kelly	\N	\N	costume_department,costume_designer	tt0288320,tt0457385
nm1009744	Barbara Pitra	\N	\N	costume_designer	tt3011078,tt0806901,tt0073351
nm1009745	Laura Rosser	\N	\N	costume_designer	tt0063696
nm1009746	Kristiina Saha	\N	\N	art_director,costume_designer,art_department	tt2343475,tt0249261,tt0890883,tt0472536
nm1009747	Ernesto Aguilar	1971	\N	director,writer,editor	tt9350616,tt9377748,tt0298502,tt7997118
nm1009748	John Albo	\N	\N	writer,director,actor	tt0200641,tt4382834,tt4384880,tt4382836
nm1009749	Brian Artz	\N	\N	assistant_director	tt0288320
nm1009751	Liz Beatrice	\N	\N	art_department,art_director,miscellaneous	tt0288085,tt5493034,tt19801346,tt19246496
nm1009752	Frederik Bois	1976	\N	miscellaneous,visual_effects,director	tt4973774,tt0287918,tt6217926,tt8705658
nm1009753	Eduardo Carrillo	1972	\N	writer,director,editor	tt0490218,tt0393587,tt0891301,tt0288831
nm1009754	Jorane Castro	\N	\N	director,writer,producer	tt0288174,tt1992207,tt4869556,tt9623586
nm1009755	Helen S. Cohen	\N	\N	producer,director	tt0288053,tt5707244,tt0245869,tt0116659
nm1009756	Pat Comer	\N	\N	director	tt0288110
nm1009757	Gregory Daniels	\N	\N	actor	tt0317568
nm1009758	Deborah Day	\N	\N	miscellaneous,producer,director	tt0331487,tt0445395,tt0768818,tt0162507
nm1009759	Justin Downing	\N	\N	editorial_department,editor,producer	tt0288331,tt0383927,tt0317640,tt0329402
nm1009760	Thomas E. Engel	\N	\N	director,producer,writer	tt0227635,tt0489550
nm1009761	Mark Feldstein	\N	\N	producer,writer,director	tt2193265,tt0302683,tt0288835,tt0444187
nm1009762	Clare Gibson	\N	\N	producer,director,editorial_department	tt1441486,tt0288352
nm1009763	Peter Gideon	\N	\N	producer,director,miscellaneous	tt0247648
nm1009764	Reginald Gray	1930	2013	director	tt0288078,tt1029153,tt0216655
nm1009765	Bob Haas	\N	\N	actor	tt0090625
nm1009766	Shane T. Hall	\N	\N	writer,director,camera_department	tt0777177,tt0288649,tt0110918,tt2213322
nm1009767	Stefan Hering	1972	\N	writer,director,producer	tt2363151,tt1111847,tt14147174,tt2093246
nm1009768	Robert Johanson	\N	\N	miscellaneous	tt0159876,tt0165042
nm1009769	Rich Kim	\N	\N	director,producer,miscellaneous	tt1568766,tt1400265,tt2009765,tt9615014
nm1009771	Terry Kyle	\N	\N	producer,writer,director	tt0288841,tt0758420
nm1009772	Alix Lambert	\N	\N	director,producer,writer	tt0348914,tt3020682,tt11166228,tt0288114
nm1009773	Lauren Lexton	\N	\N	producer,writer,director	tt2083731,tt1078394,tt1579022,tt1478502
nm1009774	María Lidón	\N	\N	director,actress	tt0404552,tt0283015,tt1445808,tt0488164
nm1009775	Greg Marcks	1976	\N	director,actor,writer	tt0288601,tt0331811,tt2490008,tt1124039
nm1009776	John Mearman	\N	\N	producer,director	tt0328265,tt0326324,tt0288737,tt0426159
nm1009777	Yan Nascimbene	\N	\N	director,producer	tt0160520
nm1009778	Annie O'Donoghue	\N	\N	director,art_department	tt3067140,tt0225127,tt0225526,tt0226082
nm1009779	Arthur Omar	1948	\N	director,producer,writer	tt0288268,tt0295355,tt1020823,tt2245039
nm1009780	Annette Otto	\N	\N	editor,director,producer	tt0137909,tt1455126,tt0288422,tt1451414
nm1009781	Yiorgos Papakonstantinou	\N	\N	director,producer,actor	tt4674840,tt5137646,tt1448979,tt0288689
nm1009782	Heather Parry	\N	\N	producer,director,camera_department	tt0852713,tt1517451,tt6628790,tt1564367
nm1009783	Bernard Pras	\N	\N	director	tt0287949
nm1009784	Paco Rañal	1967	\N	director,writer,art_director	tt0288579,tt0261624
nm1009786	Nicola Roberts	\N	\N	director,camera_department,producer	tt1595057,tt0199184
nm1009787	Alexandra Shiva	\N	\N	producer,director	tt0446788,tt0287940,tt7689946,tt4135896
nm1009788	Harell Smith	\N	\N	director	tt0287908
nm1009789	Daniel Sousa	1974	\N	animation_department,director,art_department	tt11973904,tt0493413,tt0288119,tt2499022
nm1009790	Siem Stevens	\N	\N	writer,director	tt0415011,tt0288597,tt3875280,tt0385421
nm1009791	Shoji Tanaka	\N	\N	director,writer,composer	tt0288231,tt10519328,tt2676368
nm1009792	Jill Tanner	\N	\N	producer,director	tt0288829,tt0332399,tt0473105,tt0452640
nm1009793	Al Tofanelli	\N	\N	art_director,director,art_department	tt0288085,tt0262733,tt5493034
nm1009794	George Veras	\N	\N	producer,director	tt0401263,tt13619512,tt0494212,tt0304956
nm1009795	Chris de Deugd	\N	\N	director,writer,animation_department	tt0288492
nm1009796	Adrián Frutos	\N	\N	cinematographer,editorial_department,editor	tt0214372,tt9104300,tt0307742,tt0211832
nm1009797	Julie Brenta	\N	\N	sound_department,editor,editorial_department	tt7773210,tt0456396,tt4042814,tt1781843
nm1009798	Aleksandar Cetkovic	\N	\N	editor	tt0200372,tt0184873,tt0192909,tt0199269
nm1009799	Tim Chisholm	\N	\N	editor	tt0313605,tt0191774
nm1009800	DeWayne Cox	\N	\N	producer,editor,actor	tt3093720,tt0288003,tt6060190,tt4624772
nm1009801	Robert Doughty	\N	\N	editor,editorial_department,production_manager	tt0097013,tt0174388,tt0094516,tt1934804
nm1009802	Chantal Durand	\N	\N	editor,director	tt0260556,tt0286538,tt0378705,tt5885840
nm1009803	Beth Gallagher	\N	\N	editor,editorial_department,production_manager	tt0796280,tt0492499,tt0254956,tt0114453
nm1009804	Ken Gammell	\N	\N	editor	tt0288370
nm1009806	Pierre Gérau	\N	\N	editor	tt0193965,tt0189045,tt0191574
nm1009807	Michael Horvers	\N	\N	editor,visual_effects	tt0277491,tt0288827,tt0197143,tt0388114
nm1009808	Todd Howard	\N	\N	editor,producer	tt0865954,tt0288232
nm1009809	David Kausch	1964	\N	editor,editorial_department	tt1326957,tt0271219,tt1483306,tt0499392
nm1009810	Marina Kolkhidashvili	1956	\N	editor,actress,assistant_director	tt1832420,tt1832359,tt0307294,tt1832975
nm1009812	Bernard Lebel	\N	\N	visual_effects,editor,producer	tt0120667,tt0892769,tt2224026,tt1446192
nm1009813	Charlie Lézin	\N	\N	editor,editorial_department,actor	tt5286432,tt0844474,tt4211312,tt8884330
nm1009814	Stephanie Madaus	\N	\N	editor	tt0231011,tt0317022
nm1009815	Stephen Mar	\N	\N	editor	tt0073885
nm1009816	Laurens Martina	\N	\N	cinematographer,writer,special_effects	tt3667412,tt3368458,tt0288166
nm1009817	Cristian Mas	\N	\N	editor,visual_effects	tt5863734,tt2071372,tt11860914,tt3647124
nm1009819	Brian McNally	\N	\N	editor	tt0288890
nm1009820	S. Popov	\N	\N	actor,camera_department,editor	tt0310391,tt7881972,tt0382880,tt0288843
nm1009821	David Ritsher	\N	\N	producer,editor,editorial_department	tt0396321,tt0133302,tt21820452,tt0247880
nm1009822	Kenton Taylor	\N	\N	camera_department,editor,sound_department	tt2990296,tt2069750,tt7183324,tt15262960
nm1009823	Rhoda Coulter	\N	\N	make_up_department	tt0288320
nm1009824	Lori Cummins	\N	\N	make_up_department	tt0288192
nm1009825	Wanda Gregory	\N	\N	make_up_department	tt0072562
nm1009826	Gabriele Lah	\N	\N	make_up_department	tt0121027,tt0806901,tt0814326,tt0125120
nm1009827	Gena Lindsay	\N	\N	make_up_department	tt0265773
nm1009828	Nicola Marino	\N	\N	make_up_department	tt0139879
nm1009829	Jodi McLeod	\N	\N	make_up_department	tt0372030,tt0279078,tt0311850,tt0287956
nm1009830	Carrie O'Neill	\N	\N	make_up_department	tt0034297
nm1009831	Silvia Parra	\N	\N	make_up_department	tt2009038,tt0369120,tt0445817,tt1360377
nm1009832	Nicole Rey	\N	\N	make_up_department	tt0167585,tt0429328,tt0311741,tt1386699
nm1009833	Linda Rice	\N	\N	make_up_department,miscellaneous	tt0072562,tt0896972,tt0432710
nm1009834	José Romero	\N	\N	make_up_department,camera_department	tt1124397,tt0287963,tt0315854,tt1674081
nm1009835	Barbara Rouse	\N	\N	make_up_department	tt0082783
nm1009836	Mark Schaefer	\N	\N	make_up_department	tt0276717,tt0119209
nm1009837	Victoria Tap	\N	\N	make_up_department	tt3873812,tt0288562
nm1009838	Elmo Adams	\N	\N	transportation_department,camera_department,miscellaneous	tt0075836,tt0080785,tt0207105,tt0095690
nm1009839	Alyse Alison	\N	\N	costume_department	tt0082425
nm1009840	Bunny Allen	1906	2002	miscellaneous,location_management,stunts	tt0043682
nm1009842	Andy Arett	\N	\N	animation_department	tt4782144,tt0158983,tt0121955,tt2133326
nm1009843	Gregory Aull	\N	\N	miscellaneous,camera_department	tt0072562,tt0106052,tt0424230,tt0119951
nm1009844	Petra Baker	\N	\N	costume_department,miscellaneous	tt0159097,tt0170454,tt0228891,tt0324681
nm1009845	Maria Baldi	\N	\N	costume_department	tt0049508,tt0055190
nm1009846	Clive Banks	\N	\N	producer,director	tt0999889,tt1695388,tt2257371,tt2261065
nm1009847	Brad Barrett	\N	\N	camera_department,cinematographer,art_director	tt0226379,tt0186014,tt7139328,tt6966316
nm1009848	Rick Bautiste	\N	\N		\N
nm1009849	Josh Bell	1979	\N	actor	tt1737780
nm1009850	Oretta Bello	\N	\N	script_department	tt0058004,tt0139879
nm1009851	Martin Bentler	\N	\N	transportation_department	tt0207302,tt0159097
nm1009852	Seth Berg	\N	\N		\N
nm1009853	Josh Berger	\N	\N	assistant_director,producer,miscellaneous	tt0770657,tt0255734,tt0443374,tt8893742
nm1009854	Mark Bergeron	\N	\N	camera_department,director,producer	tt0186014,tt0271537,tt1864577
nm1009855	Cathrine Bjørndalen	\N	\N	miscellaneous	tt0125507,tt0268845
nm1009856	Anthony J. Bledsoe	\N	\N	camera_department	tt0088385,tt0091165,tt0087828,tt0090184
nm1009857	James Bogard	\N	\N	actor	tt1457758
nm1009858	Jorgos Bolanos	\N	\N	camera_department,cinematographer	tt6151714,tt2835554,tt0291724,tt0240780
nm1009859	Manny Bonilla	\N	\N	camera_department,director,cinematographer	tt11696722,tt0319931,tt2946268,tt1588863
nm1009860	Todd Benson	\N	\N	animation_department,editor,editorial_department	tt0121955,tt6440412,tt2133326,tt4782144
nm1009861	Per Borge	\N	\N	camera_department,actor,cinematographer	tt0119658,tt0353043,tt0366090,tt2377081
nm1009862	Xavier Botha	\N	\N	miscellaneous,producer	tt2273056,tt0107599,tt0102627
nm1009863	Bobby Boukhim	\N	\N	miscellaneous	tt0240780
nm1009864	Henry Bource	\N	\N	camera_department	tt0091964
nm1009865	Janie Brault	\N	\N	costume_department	tt0262776
nm1009866	Peter Brewster	\N	\N	visual_effects	tt0125507,tt0268845
nm1009867	Ron Broitman	\N	\N		\N
nm1009868	Lynn Brouillette	\N	\N	transportation_department	tt0095690
nm1009869	Quar Brown	\N	\N	cinematographer,director,editor	tt0244923,tt0288584,tt12728044,tt8100934
nm1009870	Pat Buckles	\N	\N	producer,miscellaneous,casting_department	tt1082588,tt0450925,tt0420414,tt12943032
nm1009871	Katherine Burchill	\N	\N	costume_department,costume_designer	tt1053424,tt0183790,tt1375666,tt1386697
nm1009872	Michelle Burry	\N	\N	animation_department	tt0121955,tt0436078,tt0158983
nm1009873	Leonard Busion	\N	\N	transportation_department	tt0288023
nm1009874	Karen Button	\N	\N	location_management	tt0288023
nm1009875	Andrew P. Butz	\N	\N		\N
nm1009877	Fernando Ceballos	\N	\N	miscellaneous,cinematographer,camera_department	tt0288849,tt0288585,tt5018164,tt2248947
nm1009878	Gonzalo Cervántes	\N	\N	miscellaneous	tt0288666
nm1009879	Brian Chadwick	\N	\N	miscellaneous	tt0091964
nm1009880	Dee Chappel	\N	\N	editorial_department	tt0288023
nm1009881	Lucas Cheadle	\N	\N	miscellaneous,assistant_director,editor	tt0942906,tt1352753,tt0281521,tt0287898
nm1009882	Hiroaki Choji	\N	\N	miscellaneous	tt0240494
nm1009884	Julie Chu	\N	\N	miscellaneous	tt0240780
nm1009885	Andrea Claremont	\N	\N	location_management	tt0116562,tt0119009,tt0117112,tt0145056
nm1009886	Jessica Coate	\N	\N	animation_department,miscellaneous,visual_effects	tt0376922,tt0121955,tt0158983,tt0436078
nm1009888	Burton Cohen	1923	2014	actor	tt0093096,tt0077093
nm1009889	Daniel Collard	\N	\N	actor,camera_department	tt7006358,tt4593154,tt2049435,tt5193790
nm1009890	Ann Collin	1943	2016	soundtrack,music_department,actress	tt0069735,tt0068539,tt0068454,tt0436992
nm1009891	Frankie Colomé	\N	\N	miscellaneous	tt0288668
nm1009892	Col. Joseph B. Conmy Jr.	\N	\N	miscellaneous	tt0093137
nm1009893	Lindsay Conner	\N	\N	miscellaneous	tt1015971,tt0108101,tt12753864
nm1009894	Andrew Coutts	\N	\N	editor,editorial_department,producer	tt1898069,tt1477076,tt3322310,tt8806524
nm1009895	Newton Cox	\N	\N	miscellaneous,writer,producer	tt1033289,tt0318959,tt1667702,tt0259128
nm1009896	Nils Cunningham	\N	\N		\N
nm1009897	Nile Curtis	\N	\N	miscellaneous,camera_department	tt0300479,tt0288584,tt0244639,tt0299422
nm1009898	Rick Cutler	\N	\N	camera_department,art_department	tt0089274,tt0086429,tt0086058,tt0082676
nm1009899	Marie-Christine D'Amours	\N	\N	miscellaneous	tt1258134,tt0446463,tt0348836,tt2229319
nm1009900	Sal Dash	\N	\N	miscellaneous	tt0288023
nm1009901	Justin Davies	\N	\N	producer,miscellaneous,actor	tt1246607,tt2358629,tt0109831,tt1305562
nm1009902	King Davis	\N	\N	miscellaneous	tt0120188
nm1009903	Corrine Day	\N	\N	actress,camera_department,costume_department	tt4920400,tt0297300,tt0159097
nm1009904	Angela De La Garza	\N	\N	miscellaneous	tt0121955
nm1009905	Bill Delgado	\N	\N	camera_department	tt0288023
nm1009906	James Dion	\N	\N	animation_department,sound_department	tt0121955,tt4782144,tt2133326,tt0158983
nm1009907	Cathy Dorcel	\N	\N	make_up_department	tt1280719,tt0288521,tt0234683
nm1009908	William Dotter	\N	\N	sound_department	tt0240780
nm1009909	Marianna Dres	\N	\N	camera_department	tt0240780
nm1009910	Dave Eaton	\N	\N	miscellaneous,music_department	tt0259025,tt0479062,tt1008658,tt0488867
nm1009911	Anne Edgar	\N	\N	producer,miscellaneous,director	tt0159097,tt11398196,tt0141907,tt9848990
nm1009912	Ronny Eikseth	\N	\N	camera_department	tt0268845,tt0268078,tt0125507
nm1009913	Marc Elusse	\N	\N	camera_department	tt0162952,tt0166199,tt0280990,tt1264912
nm1009914	Sarah Emms	\N	\N	miscellaneous	tt0287196
nm1009915	Bent Engen	\N	\N	miscellaneous	tt0125507,tt0268845
nm1009916	John Ercek	\N	\N	animation_department,editorial_department	tt0121955
nm1009917	Lauren Erwin	\N	\N	miscellaneous	tt0285879,tt0179098
nm1009918	Michelle Farmer	\N	\N	miscellaneous,casting_department	tt0288344
nm1009919	Monty Farrell	\N	\N	miscellaneous	tt0288408
nm1009920	Debbie Feeney	\N	\N	producer,miscellaneous	tt7837028,tt0158369,tt7836962
nm1009921	Danielle Fenati	\N	\N	miscellaneous,director,assistant_director	tt0120647,tt0177971,tt0255798,tt0120891
nm1009922	Joan Ferrer	\N	\N	writer,miscellaneous	tt0288668,tt0288814,tt5674840
nm1009923	Sharon Field	\N	\N	miscellaneous,production_manager	tt0294368,tt0288610
nm1009924	John Fishlock	\N	\N		\N
nm1009925	Rick T. Fitchter	\N	\N		\N
nm1009926	Kathy Fortine	\N	\N	assistant_director,production_manager,miscellaneous	tt6902004,tt0826456,tt0198255,tt0239195
nm1009927	Len Freedman	\N	\N		\N
nm1009928	Chris Fria	\N	\N	miscellaneous,animation_department,actor	tt0121955,tt0118375,tt1170236,tt0158983
nm1009929	Elizabeth Friedlander	\N	\N	miscellaneous	tt2125480,tt0096542
nm1009930	Jessica Frost	\N	\N	production_manager	tt0321781
nm1009931	Craig Fruin	\N	\N	producer,miscellaneous,manager	tt7474562,tt0441847,tt4974208,tt0311066
nm1009932	Judith E. Fugman	\N	\N	editorial_department	tt0114918
nm1009933	Vincent Gamba	\N	\N		\N
nm1009934	Toni Gard	\N	\N		\N
nm1009935	Kylie Gaskin	\N	\N	costume_department,miscellaneous	tt0288610,tt0104785
nm1009936	Matthew Gaumer	1972	\N	camera_department	tt2649554,tt1790864,tt5774060,tt0453467
nm1009937	Stéphane Gauthier	\N	\N	assistant_director,miscellaneous	tt8961822,tt0262776
nm1009938	Joseph Gerges	\N	\N	miscellaneous,director,actor	tt12820572,tt0158983,tt0121955,tt1522298
nm1009939	Edward Getty	\N	\N	transportation_department	tt0095690
nm1009940	Angi Glenn	\N	\N	animation_department,camera_department,producer	tt0121955,tt0124819,tt1245098
nm1009941	Joe Glickman	\N	\N	camera_department,director	tt2458898,tt0490075,tt0814373,tt2466380
nm1009942	Brigitte Gloor	\N	\N	miscellaneous	tt0119132,tt0229297
nm1009943	Harry Gottlieb	\N	\N	miscellaneous,writer,director	tt0400653,tt0305110,tt0292373,tt4841246
nm1009944	Maria Goudi	\N	\N	actress,miscellaneous,assistant_director	tt0224454,tt0255297,tt0289528,tt0089804
nm1009945	Jerome Gould	1922	1993	miscellaneous,art_department	tt0055708,tt0053546,tt0052505
nm1009946	Timothy M. Gray	\N	\N	miscellaneous	tt0116141
nm1009947	Baylis Greene	\N	\N	editorial_department,art_department	tt0287898,tt0471311
nm1009948	Clare Greenwood	\N	\N	miscellaneous	tt0109831
nm1009949	Christian Grenier	\N	\N	actor,camera_department	tt1197580,tt0304328,tt1159995,tt4687882
nm1009950	David Grinberg	\N	\N	camera_department,cinematographer,director	tt0405866,tt0421974,tt3244628,tt0160644
nm1009951	Jason Hagen	1976	\N	production_manager,editorial_department,producer	tt2997218,tt4218556,tt2953856,tt0486965
nm1009952	Sharon Halley	\N	\N	miscellaneous	tt0159876,tt0165042
nm1009953	Matthew Hals	\N	\N	director,writer,producer	tt0187251,tt0423977,tt0431443,tt0463909
nm1009954	Gina Hardy	\N	\N	producer,miscellaneous,actress	tt0301393,tt0272069,tt0321356,tt0278410
nm1009955	Chris Harman	\N	\N	miscellaneous	tt0186014
nm1009956	Douglas E. Harmon	\N	\N	transportation_department	tt0095690
nm1009957	Terhi Harper	\N	\N	miscellaneous	tt0249261
nm1009958	Anne-Marie Hauge	\N	\N	costume_department	tt0390320,tt0188605,tt0281924,tt0125507
nm1009959	Brian Hawk	\N	\N	location_management,sound_department,actor	tt0297885,tt0141842,tt4437046,tt0872201
nm1009960	Mark Heighes	\N	\N	miscellaneous,transportation_department	tt3808174,tt0091964,tt1244657
nm1009961	Kirsi Heiskanen	\N	\N	miscellaneous	tt0240937
nm1009962	Hans Herman	\N	\N	camera_department	tt0887788,tt0287898,tt0489506
nm1009963	Jason Hernandez	\N	\N	art_department,producer,music_department	tt0095925,tt0307300,tt0294579,tt0093201
nm1009964	David Hooton	\N	\N	miscellaneous	tt0091964
nm1009965	Jackie Howard	\N	\N	miscellaneous	tt0258068
nm1009966	Cliff Hsui	\N	\N	camera_department,cinematographer,miscellaneous	tt0317640,tt0821012,tt0258273,tt0305583
nm1009967	Natasha Hudson	\N	\N	miscellaneous	tt0109831,tt0117002
nm1009968	Bob Huebert	\N	\N	camera_department	tt0288407
nm1009969	Campbell Hull	\N	\N	miscellaneous	tt0089504
nm1009970	Albert Hwang	\N	\N	camera_department,miscellaneous	tt0240780,tt0118856
nm1009971	Chris Ilkanic	\N	\N	editorial_department	tt0284334,tt0262776,tt0272274
nm1009972	Reggie Jackson II	\N	\N	art_department,casting_department,miscellaneous	tt0208003,tt0248667,tt0250687
nm1009973	Cha Cha Jago	\N	\N	miscellaneous	tt0093843,tt0095690,tt0093898
nm1009974	Carlos Jesús	\N	\N	miscellaneous	tt0288514
nm1009975	Claus A. Johannesen	\N	\N	camera_department	tt0125507,tt0268845
nm1009976	Eva Johnsen	\N	\N	costume_department	tt0268845,tt0125507,tt8447180
nm1009977	Chris T. Johnson	\N	\N		\N
nm1009978	Merritt Johnson	\N	\N	writer,producer,miscellaneous	tt0835434,tt1426329,tt1278469,tt0120188
nm1009979	Jeremy Josephson	\N	\N	miscellaneous	tt0288370
nm1009980	Clayton Joye	\N	\N	camera_department	tt0159097
nm1009981	Annika Jødal	\N	\N	miscellaneous,location_management,assistant_director	tt0382134,tt0355611,tt0168446,tt1324056
nm1009982	Marko Karen	\N	\N	camera_department	tt0095690
nm1009983	Cathy Katrib	\N	\N	miscellaneous	tt0296875,tt0318236
nm1009984	Melissa Kaye	\N	\N	miscellaneous	tt0089504,tt0085868
nm1009985	Robert Kew	\N	\N	editor,editorial_department	tt1596786,tt2882076
nm1009986	Kaiser 'Kai' Kim	\N	\N	camera_department	tt3216348,tt1270835,tt0475784,tt0304120
nm1009987	Dave Koch	\N	\N	animation_department,miscellaneous	tt4782144,tt2076781,tt0121955
nm1009988	Kate Kondell	1973	\N	writer,soundtrack,producer	tt1817232,tt4549142,tt0333780,tt0120188
nm1009989	Kevin Kowalke	\N	\N		\N
nm1009990	Troy Kramer	\N	\N	miscellaneous	tt0339968,tt0160495,tt0223897,tt0120188
nm1009991	Norma Lachance	\N	\N	costume_department,miscellaneous	tt2198263,tt0892767,tt3066630,tt0158369
nm1009992	Douglas Larmour	\N	\N	visual_effects,miscellaneous,special_effects	tt0370263,tt0360717,tt1046173,tt1270797
nm1009993	Richard Lasnier	\N	\N	transportation_department	tt0095690
nm1009994	Charlotte Laughton	\N	\N	miscellaneous	tt0109831,tt0119591
nm1009995	Sean Laverty	\N	\N	miscellaneous	tt0121955,tt0416414,tt0158983
nm1009996	Angela Lavoie	\N	\N		\N
nm1009997	Toby Lawrence	\N	\N		\N
nm1009998	Mélanie Lefebvre	\N	\N	miscellaneous,location_management	tt0383782,tt0118380,tt0262776,tt0225947
nm1009999	Paul Legault	\N	\N	location_management,director,writer	tt0344697,tt12773826,tt10458288,tt0164184
