tconst	ordering	nconst	category	job	characters
tt12950004	1	nm1336619	self	\N	["Self - Presenter"]
tt12950004	2	nm2049690	self	\N	["Self - Contestant"]
tt12950004	3	nm0315466	self	\N	["Self - Contestant"]
tt12950004	4	nm4109530	self	\N	["Self - Contestant"]
tt12950004	5	nm2443644	director	\N	\N
tt12950004	6	nm1135031	writer	writer	\N
tt12950004	7	nm0268404	composer	\N	\N
tt12950004	8	nm3434672	editor	video editor	\N
tt12950004	9	nm1672964	production_designer	\N	\N
tt12950006	1	nm11092037	archive_footage	\N	["Self"]
tt12950006	2	nm0163303	self	\N	["Self - Narrator"]
tt12950006	3	nm3256934	self	\N	["Self - Narrator"]
tt12950006	4	nm11837169	director	\N	\N
tt12950006	5	nm9644893	producer	producer	\N
tt12950006	6	nm1275441	cinematographer	\N	\N
tt12950006	7	nm3349496	editor	\N	\N
tt12950008	1	nm0061849	actress	\N	["Lorie Brooks"]
tt12950018	10	nm8502042	producer	producer	\N
tt12950018	1	nm0395950	actor	\N	["Keiichi Maebara"]
tt12950018	2	nm0848801	actress	\N	["Rika Furude"]
tt12950018	3	nm1555635	actress	\N	["Rena Ryugu"]
tt12950018	4	nm0950830	actress	\N	["Mion Sonozaki"]
tt12950018	5	nm2553357	director	\N	\N
tt12950018	6	nm2838332	writer	original creator: "Higurashi no Naku Koro ni"	\N
tt12950018	7	nm1373507	writer	screenplay	\N
tt12950018	8	nm4588470	producer	producer	\N
tt12950018	9	nm9473864	producer	producer	\N
tt12950020	10	nm0166911	self	\N	["Self - Guest"]
tt12950020	1	nm0454730	self	\N	["Self - Co-Host"]
tt12950020	2	nm3910015	self	\N	["Self - Co-Host"]
tt12950020	3	nm8098276	self	\N	["Self - Co-Host"]
tt12950020	4	nm3014031	self	\N	["Self"]
tt12950020	5	nm10711743	director	\N	\N
tt12950020	6	nm7242866	director	\N	\N
tt12950020	7	nm12592533	producer	producer	\N
tt12950020	8	nm1749573	editor	\N	\N
tt12950020	9	nm0000996	self	\N	["Self"]
tt12950022	1	nm0454730	self	\N	["Self - Co-Host"]
tt12950022	2	nm3910015	self	\N	["Self - Co-Host"]
tt12950022	3	nm8098276	self	\N	["Self - Co-Host"]
tt12950022	4	nm2391794	self	\N	["Self"]
tt12950022	5	nm10711743	director	\N	\N
tt12950022	6	nm7242866	director	\N	\N
tt12950022	7	nm12592533	producer	producer	\N
tt12950022	8	nm1749573	editor	\N	\N
tt12950022	9	nm2360168	self	\N	["Self - USA Today Washington Bureau Chief"]
tt12950026	1	nm0454730	self	\N	["Self - Co-Host"]
tt12950026	2	nm3910015	self	\N	["Self - Co-Host"]
tt12950026	3	nm8098276	self	\N	["Self - Co-Host"]
tt12950026	4	nm1341624	self	\N	["Self"]
tt12950026	5	nm10711743	director	\N	\N
tt12950026	6	nm7242866	director	\N	\N
tt12950026	7	nm12592533	producer	producer	\N
tt12950026	8	nm1749573	editor	\N	\N
tt12950028	1	nm0454730	self	\N	["Self - Co-Host"]
tt12950028	2	nm3910015	self	\N	["Self - Co-Host"]
tt12950028	3	nm8098276	self	\N	["Self - Co-Host"]
tt12950028	4	nm2953537	self	\N	["Self"]
tt12950028	5	nm10711743	director	\N	\N
tt12950028	6	nm7242866	director	\N	\N
tt12950028	7	nm12592533	producer	producer	\N
tt12950028	8	nm1749573	editor	\N	\N
tt12950030	1	nm0454730	self	\N	["Self - Co-Host"]
tt12950030	2	nm3910015	self	\N	["Self - Co-Host"]
tt12950030	3	nm8098276	self	\N	["Self - Co-Host"]
tt12950030	4	nm1551130	self	\N	["Self - Guest"]
tt12950030	5	nm10711743	director	\N	\N
tt12950030	6	nm7242866	director	\N	\N
tt12950030	7	nm12592533	producer	producer	\N
tt12950030	8	nm1749573	editor	\N	\N
tt12950030	9	nm2953537	self	\N	["Self"]
tt12950032	1	nm0061849	actress	\N	["Lorie Brooks"]
tt12950036	1	nm11830923	director	\N	\N
tt12950036	2	nm11837212	composer	\N	\N
tt12950036	3	nm1637134	editor	\N	\N
tt12950042	1	nm0061849	actress	\N	["Lorie Brooks"]
tt12950044	1	nm0061849	actress	\N	["Lorie Brooks"]
tt12950046	1	nm0061849	actress	\N	["Lorie Brooks"]
tt12950050	1	nm0061849	actress	\N	["Lorie Brooks"]
tt12950052	1	nm3181081	actress	\N	["Rosy"]
tt12950052	2	nm9916444	actor	\N	["Fiancé"]
tt12950052	3	nm8987922	cinematographer	\N	\N
tt12950054	1	nm0061849	actress	\N	["Lorie Brooks"]
tt12950056	1	nm0061849	actress	\N	["Lorie Brooks"]
tt12950060	1	nm0061849	actress	\N	["Lorie Brooks"]
tt12950064	1	nm0061849	actress	\N	["Lorie Brooks"]
tt12950066	1	nm0727961	self	\N	["Self - Co-Host"]
tt12950066	2	nm0780435	self	\N	["Self - Co-Host"]
tt12950066	3	nm0330687	self	\N	["Self"]
tt12950066	4	nm3267767	self	\N	["Self"]
tt12950066	5	nm0312477	self	\N	["Self"]
tt12950068	1	nm0727961	self	\N	["Self - Co-Host"]
tt12950068	2	nm0780435	self	\N	["Self - Co-Host"]
tt12950068	3	nm1209545	self	\N	["Self"]
tt12950068	4	nm0001475	self	\N	["Self"]
tt12950068	5	nm8562641	self	\N	["Self"]
tt12950068	6	nm6259860	self	\N	["Self"]
tt12950068	7	nm0312477	self	\N	["Self"]
tt12950070	1	nm0061849	actress	\N	["Lorie Brooks"]
tt12950072	1	nm0727961	self	\N	["Self - Co-Host"]
tt12950072	2	nm0780435	self	\N	["Self - Co-Host"]
tt12950072	3	nm0000507	self	\N	["Self - Guest"]
tt12950072	4	nm0031976	self	\N	["Self"]
tt12950072	5	nm0482290	self	\N	["Self"]
tt12950072	6	nm7742610	self	\N	["Self - LinkedIn Career Expert"]
tt12950072	7	nm0312477	self	\N	["Self"]
tt12950072	8	nm3037140	self	\N	["Self - Announcer"]
tt12950074	1	nm0727961	self	\N	["Self - Co-Host"]
tt12950074	2	nm0780435	self	\N	["Self - Co-Host"]
tt12950074	3	nm0110168	self	\N	["Self - Guest"]
tt12950074	4	nm0093589	self	\N	["Self - Guest"]
tt12950074	5	nm6807858	self	\N	["Self"]
tt12950074	6	nm10002131	self	\N	["Themselves"]
tt12950074	7	nm3037140	self	\N	["Self - Announcer"]
tt12950076	1	nm0727961	self	\N	["Self - Co-Host"]
tt12950076	2	nm0780435	self	\N	["Self - Co-Host"]
tt12950076	3	nm0356021	archive_footage	\N	["Self"]
tt12950076	4	nm0004395	archive_footage	\N	["Self"]
tt12950076	5	nm1245099	self	\N	["Self - Musical Guest"]
tt12950076	6	nm0312477	self	\N	["Self"]
tt12950078	1	nm11837221	producer	producer	\N
tt12950082	1	nm0061849	actress	\N	["Lorie Brooks"]
tt12950086	1	nm0061849	actress	\N	["Lorie Brooks"]
tt12950088	1	nm0061849	actress	\N	["Lorie Brooks"]
tt12950090	1	nm8113229	writer	\N	\N
tt12950092	1	nm0061849	actress	\N	["Lorie Brooks"]
tt12950096	1	nm0061849	actress	\N	["Lorie Brooks"]
tt12950098	1	nm0061849	actress	\N	["Lorie Brooks"]
tt12950102	1	nm0061849	actress	\N	["Lorie Brooks"]
tt12950104	1	nm0061849	actress	\N	["Lorie Brooks"]
tt12950106	1	nm11837226	actor	\N	["Erin"]
tt12950106	2	nm11837225	actor	\N	["Parker"]
tt12950106	3	nm11837227	actor	\N	["Adam"]
tt12950106	4	nm11837224	director	\N	\N
tt12950108	1	nm0727483	actress	\N	["Bedstemor"]
tt12950108	2	nm1265820	actress	\N	["Anna (barnebarn)"]
tt12950108	3	nm0174658	actress	\N	["Stuepige"]
tt12950108	4	nm0744630	director	\N	\N
tt12950108	5	nm0927255	writer	play	\N
tt12950108	6	nm0612942	producer	producer	\N
tt12950108	7	nm0299458	composer	\N	\N
tt12950108	8	nm1213084	production_designer	\N	\N
tt12950110	10	nm9448126	editor	\N	\N
tt12950110	1	nm9146987	actor	\N	["Terrance"]
tt12950110	2	nm2194510	actor	\N	["Uncle Mike"]
tt12950110	3	nm11129137	actress	\N	["Young Lisa"]
tt12950110	4	nm10965503	actor	\N	["Charlie"]
tt12950110	5	nm1788321	director	\N	\N
tt12950110	6	nm12640160	writer	written by	\N
tt12950110	7	nm11676632	composer	\N	\N
tt12950110	8	nm12638694	composer	\N	\N
tt12950110	9	nm10571820	cinematographer	\N	\N
tt12950112	1	nm1075350	self	\N	["Self"]
tt12950112	2	nm1322222	self	\N	["Self"]
tt12950112	3	nm11837233	self	\N	["Self - Presenter"]
tt12950112	4	nm11837234	self	\N	["Self - Presenter"]
tt12950112	5	nm1578540	director	\N	\N
tt12950112	6	nm2791023	producer	producer	\N
tt12950112	7	nm0694159	self	\N	["Self - Presenter"]
tt12950112	8	nm1071448	self	\N	["Self"]
tt12950114	1	nm1075350	self	\N	["Self"]
tt12950114	2	nm4859632	self	\N	["Self - Presenter"]
tt12950114	3	nm3692874	self	\N	["Self - Presenter"]
tt12950118	1	nm0924160	self	\N	["Self"]
tt12950118	2	nm0005560	self	\N	["Self"]
tt12950120	1	nm5237822	actress	\N	["Narrator"]
tt12950120	2	nm3689298	actor	\N	["Narrator"]
tt12950120	3	nm10584670	actress	\N	["Narrator"]
tt12950120	4	nm11665208	actor	\N	["Intro"]
tt12950120	5	nm4259761	writer	collaborating writer	\N
tt12950120	6	nm4588327	actress	\N	["Narrator"]
tt12950120	7	nm11760659	actor	\N	["Narrator","Intro"]
tt12950122	10	nm1302039	actress	\N	["Competitor","self"]
tt12950122	1	nm0009349	actor	\N	["Competitor","self"]
tt12950122	2	nm11837242	actress	\N	["Dancing"]
tt12950122	3	nm1155254	actress	\N	["Host","self"]
tt12950122	4	nm0406420	actress	\N	["Competitor","self"]
tt12950122	5	nm11826230	director	\N	\N
tt12950122	6	nm12209450	producer	producer	\N
tt12950122	7	nm12210218	producer	producer	\N
tt12950122	8	nm1402813	actor	\N	["Competitor","self"]
tt12950122	9	nm0729451	actor	\N	["Competitor","self"]
tt12950124	1	nm0061849	actress	\N	["Lorie Brooks"]
tt12950128	1	nm0061849	actress	\N	["Lorie Brooks"]
tt12950130	1	nm0061849	actress	\N	["Lorie Brooks"]
tt12950132	1	nm0061849	actress	\N	["Lorie Brooks"]
tt12950136	1	nm0061849	actress	\N	["Lorie Brooks"]
tt12950138	1	nm0061849	actress	\N	["Lorie Brooks"]
tt12950140	1	nm0061849	actress	\N	["Lorie Brooks"]
tt12950144	1	nm12311681	actor	\N	["IT Specialist"]
tt12950146	1	nm2280446	self	\N	["Self - Host"]
tt12950146	2	nm5871246	self	\N	["Self"]
tt12950146	3	nm3622098	self	\N	["Self"]
tt12950146	4	nm11839343	self	\N	["Self"]
tt12950146	5	nm11839342	self	\N	["Self"]
tt12950146	6	nm0013093	self	\N	["Self"]
tt12950146	7	nm11839344	self	\N	["Self"]
tt12950146	8	nm2997508	self	\N	["Self"]
tt12950146	9	nm11839341	self	\N	["Self"]
tt12950158	1	nm7254916	self	\N	["Self - Host"]
tt12950158	2	nm4900654	self	\N	["Self - Guest"]
tt12950158	3	nm4771751	self	\N	["Self - Guest"]
tt12950158	4	nm4900671	self	\N	["Self - Guest"]
tt12950158	5	nm4053845	self	\N	["Self - Guest"]
tt12950160	10	nm1913997	self	\N	["Self - Contestant"]
tt12950160	1	nm1693955	self	\N	["Self - Presenter"]
tt12950160	2	nm0861550	self	\N	["Self - Presenter"]
tt12950160	3	nm0009424	self	\N	["Self - Contestant"]
tt12950160	4	nm1111921	self	\N	["Self - Contestant"]
tt12950160	5	nm1222906	self	\N	["Self - Contestant"]
tt12950160	6	nm0310528	self	\N	["Self - Contestant"]
tt12950160	7	nm2073791	self	\N	["Self - Contestant"]
tt12950160	8	nm0403294	self	\N	["Self - Contestant"]
tt12950160	9	nm2016637	self	\N	["Self - Contestant"]
tt12950162	1	nm6909213	director	\N	\N
tt12950162	2	nm4654061	producer	producer	\N
tt12950162	3	nm0520608	composer	\N	\N
tt12950162	4	nm8020002	cinematographer	\N	\N
tt12950166	1	nm0061849	actress	\N	["Lorie Brooks"]
tt12950170	1	nm0061849	actress	\N	["Lorie Brooks"]
tt12950172	1	nm0061849	actress	\N	["Lorie Brooks"]
tt12950174	1	nm11837244	actor	\N	["Andre Singleton"]
tt12950174	2	nm1717737	director	\N	\N
tt12950174	3	nm8331139	producer	producer	\N
tt12950174	4	nm5290921	editor	\N	\N
tt12950176	10	nm1162276	actor	\N	["Competitor","self"]
tt12950176	1	nm1431102	actress	\N	["Competitor","self"]
tt12950176	2	nm11407237	actor	\N	["Competitor","self"]
tt12950176	3	nm1155254	actress	\N	["Host","self"]
tt12950176	4	nm0380366	actress	\N	["Competitor","self"]
tt12950176	5	nm11826230	director	\N	\N
tt12950176	6	nm12209450	producer	producer	\N
tt12950176	7	nm12210218	producer	producer	\N
tt12950176	8	nm11725404	composer	\N	\N
tt12950176	9	nm1752897	actress	\N	["Competitor","self"]
tt12950178	1	nm0061849	actress	\N	["Lorie Brooks"]
tt12950180	1	nm0061849	actress	\N	["Lorie Brooks"]
tt12950182	1	nm0061849	actress	\N	["Lorie Brooks"]
tt12950184	1	nm0061849	actress	\N	["Lorie Brooks"]
tt12950190	1	nm0061849	actress	\N	["Lorie Brooks"]
tt12950192	1	nm0061849	actress	\N	["Lorie Brooks"]
tt12950194	1	nm0061849	actress	\N	["Lorie Brooks"]
tt12950198	1	nm11813230	self	\N	["Self - Host"]
tt12950198	2	nm11814916	director	co-director	\N
tt12950198	3	nm11813233	writer	co-head writer	\N
tt12950198	4	nm11813232	producer	producer	\N
tt12950198	5	nm11813236	editor	video editor	\N
tt12950198	6	nm11813235	editor	\N	\N
tt12950198	7	nm11813234	editor	video editor	\N
tt12950198	8	nm11813237	editor	\N	\N
tt12950202	1	nm0061849	actress	\N	["Lorie Brooks"]
tt12950204	1	nm0061849	actress	\N	["Lorie Brooks"]
tt12950206	1	nm0061849	actress	\N	["Lorie Brooks"]
tt12950208	10	nm0824853	actress	\N	["Amelia"]
tt12950208	1	nm0825452	actress	\N	["Maria Josefa"]
tt12950208	2	nm0406057	actress	\N	["Bernarda"]
tt12950208	3	nm0512084	actress	\N	["Angustias"]
tt12950208	4	nm0471669	actress	\N	["Magdalena"]
tt12950208	5	nm0744630	director	\N	\N
tt12950208	6	nm0305030	writer	writer	\N
tt12950208	7	nm11837265	writer	translation	\N
tt12950208	8	nm0612942	producer	producer	\N
tt12950208	9	nm0511909	production_designer	\N	\N
tt12950210	1	nm0061849	actress	\N	["Lorie Brooks"]
tt12950214	10	nm2477311	actor	\N	["Bürger from the hell"]
tt12950214	1	nm0512017	self	\N	["Self - Host"]
tt12950214	2	nm2297015	self	\N	["Self"]
tt12950214	3	nm5912215	self	\N	["Self"]
tt12950214	4	nm11837266	self	\N	["Themselves"]
tt12950214	5	nm3510781	director	\N	\N
tt12950214	6	nm4653298	producer	producer	\N
tt12950214	7	nm11837269	self	\N	["Self"]
tt12950214	8	nm1767167	self	\N	["Self"]
tt12950214	9	nm6807031	self	\N	["Self"]
tt12950216	1	nm0061849	actress	\N	["Lorie Brooks"]
tt12950218	1	nm0061849	actress	\N	["Lorie Brooks"]
tt12950222	1	nm0061849	actress	\N	["Lorie Brooks"]
tt12950224	1	nm0061849	actress	\N	["Lorie Brooks"]
tt12950226	1	nm0061849	actress	\N	["Lorie Brooks"]
tt12950228	1	nm0061849	actress	\N	["Lorie Brooks"]
tt12950230	1	nm0061849	actress	\N	["Lorie Brooks"]
tt12950234	10	nm0636127	actor	\N	["Roman Brady"]
tt12950234	1	nm0030100	actor	\N	["Victor Kiriakis"]
tt12950234	2	nm0112706	actress	\N	["Lexie Carver"]
tt12950234	3	nm0152594	actress	\N	["Dr. Carly Manning"]
tt12950234	4	nm0004984	actress	\N	["Dr. Marlena Evans"]
tt12950234	5	nm0370905	actor	\N	["Doug Williams"]
tt12950234	6	nm0389693	actor	\N	["John Black"]
tt12950234	7	nm0445476	actor	\N	["Bo Brady"]
tt12950234	8	nm0547924	actor	\N	["Cash Bowman"]
tt12950234	9	nm0591501	actress	\N	["Rebecca Morrison"]
tt12950236	10	nm1146910	self	\N	["Self"]
tt12950236	1	nm0829644	self	\N	["Self"]
tt12950236	2	nm0000130	self	\N	["Self"]
tt12950236	3	nm0000966	self	\N	["Self - Guest"]
tt12950236	4	nm0000106	self	\N	["Self"]
tt12950236	5	nm0005028	self	\N	["Self"]
tt12950236	6	nm1502434	self	\N	["Self"]
tt12950236	7	nm0001459	self	\N	["Self"]
tt12950236	8	nm0001384	self	\N	["Self"]
tt12950236	9	nm7970428	self	\N	["Self"]
tt12950244	1	nm0061849	actress	\N	["Lorie Brooks"]
tt12950246	1	nm0061849	actress	\N	["Lorie Brooks"]
tt12950256	1	nm0061849	actress	\N	["Lorie Brooks"]
tt12950260	10	nm0591501	actress	\N	["Rebecca Morrison"]
tt12950260	1	nm0030100	actor	\N	["Victor Kiriakis"]
tt12950260	2	nm0112706	actress	\N	["Lexie Carver"]
tt12950260	3	nm0152594	actress	\N	["Dr. Carly Manning"]
tt12950260	4	nm0299848	actor	\N	["Ivan Marais"]
tt12950260	5	nm0004984	actress	\N	["Dr. Marlena Evans"]
tt12950260	6	nm0389693	actor	\N	["John Black"]
tt12950260	7	nm0445476	actor	\N	["Bo Brady"]
tt12950260	8	nm0547924	actor	\N	["Cash Bowman"]
tt12950260	9	nm0565556	actress	\N	["Caroline Brady"]
tt12950264	1	nm0061849	actress	\N	["Lorie Brooks"]
tt12950268	1	nm0061849	actress	\N	["Lorie Brooks"]
tt12950272	1	nm0061849	actress	\N	["Lorie Brooks"]
tt12950274	1	nm0061849	actress	\N	["Lorie Brooks"]
tt12950278	1	nm0061849	actress	\N	["Lorie Brooks"]
tt12950280	1	nm10472901	actress	\N	\N
tt12950282	1	nm0061849	actress	\N	["Lorie Brooks"]
tt12950286	1	nm0061849	actress	\N	["Lorie Brooks"]
tt12950290	1	nm0061849	actress	\N	["Lorie Brooks"]
tt12950292	1	nm0061849	actress	\N	["Lorie Brooks"]
tt12950296	1	nm0061849	actress	\N	["Lorie Brooks"]
tt12950298	1	nm0061849	actress	\N	["Lorie Brooks"]
tt12950300	1	nm0061849	actress	\N	["Lorie Brooks"]
tt12950302	1	nm0061849	actress	\N	["Lorie Brooks"]
tt12950306	1	nm0061849	actress	\N	["Lorie Brooks"]
tt12950310	1	nm8169958	self	\N	["Self"]
tt12950310	2	nm5086139	self	\N	["Self"]
tt12950310	3	nm4364576	actress	\N	\N
tt12950310	4	nm3417248	actor	\N	\N
tt12950310	5	nm2789179	editor	lead editor	\N
tt12950310	6	nm2854641	editor	\N	\N
tt12950312	10	nm0913475	self	\N	["Self (segment \"Tenet\")"]
tt12950312	1	nm7567982	self	\N	["Self - News presenter"]
tt12950312	2	nm2581102	self	\N	["Self - News presenter"]
tt12950312	3	nm4456120	self	\N	["Self - (segment \"Tenet\")"]
tt12950312	4	nm4402648	self	\N	["Self - Sports News presenter"]
tt12950312	5	nm11837282	self	\N	["Self - Cross-country skier"]
tt12950312	6	nm9138439	self	\N	["Self - Reporter (segment \"Tenet\")"]
tt12950312	7	nm0634240	self	\N	["Self - (segment \"Tenet\")"]
tt12950312	8	nm1500155	self	\N	["Self - (segment \"Tenet\")"]
tt12950312	9	nm7599317	self	\N	["Self - State Meteorologist - Weather presenter"]
tt12950314	1	nm0061849	actress	\N	["Lorie Brooks"]
tt12950316	1	nm8169958	self	\N	["Self"]
tt12950316	2	nm5086139	self	\N	["Self"]
tt12950316	3	nm4364576	actress	\N	\N
tt12950316	4	nm3417248	actor	\N	\N
tt12950316	5	nm2789179	editor	lead editor	\N
tt12950316	6	nm2854641	editor	\N	\N
tt12950318	1	nm8169958	self	\N	["Self"]
tt12950318	2	nm5086139	self	\N	["Self"]
tt12950318	3	nm4364576	actress	\N	\N
tt12950318	4	nm3417248	actor	\N	\N
tt12950318	5	nm2789179	editor	lead editor	\N
tt12950318	6	nm1032580	editor	\N	\N
tt12950320	1	nm8169958	self	\N	["Self"]
tt12950320	2	nm5086139	self	\N	["Self"]
tt12950320	3	nm4364576	actress	\N	\N
tt12950320	4	nm3417248	actor	\N	\N
tt12950320	5	nm2789179	editor	lead editor	\N
tt12950322	1	nm0061849	actress	\N	["Lorie Brooks"]
tt12950324	1	nm8169958	self	\N	["Self"]
tt12950324	2	nm5086139	self	\N	["Self"]
tt12950324	3	nm4364576	actress	\N	\N
tt12950324	4	nm3417248	actor	\N	\N
tt12950324	5	nm2854641	editor	\N	\N
tt12950326	1	nm8169958	self	\N	["Self"]
tt12950326	2	nm5086139	self	\N	["Self"]
tt12950326	3	nm4364576	actress	\N	\N
tt12950326	4	nm3417248	actor	\N	\N
tt12950326	5	nm2789179	editor	lead editor	\N
tt12950328	1	nm8169958	self	\N	["Self"]
tt12950328	2	nm5086139	self	\N	["Self"]
tt12950328	3	nm4364576	actress	\N	\N
tt12950328	4	nm3417248	actor	\N	\N
tt12950328	5	nm2789179	editor	lead editor	\N
tt12950328	6	nm2854641	editor	\N	\N
tt12950330	1	nm8169958	self	\N	["Self"]
tt12950330	2	nm5086139	self	\N	["Self"]
tt12950330	3	nm4364576	actress	\N	\N
tt12950330	4	nm3417248	actor	\N	\N
tt12950330	5	nm2789179	editor	lead editor	\N
tt12950334	10	nm0000989	archive_footage	\N	["Self"]
tt12950334	1	nm0002183	archive_footage	\N	["Self"]
tt12950334	2	nm0000859	archive_footage	\N	["Self"]
tt12950334	3	nm0062828	archive_footage	\N	["Self"]
tt12950334	4	nm0000891	archive_footage	\N	["Self"]
tt12950334	5	nm1869577	director	\N	\N
tt12950334	6	nm10453713	editor	\N	\N
tt12950334	7	nm0000007	archive_footage	\N	["Self"]
tt12950334	8	nm0000308	archive_footage	\N	["Self"]
tt12950334	9	nm0000008	archive_footage	\N	["Self"]
tt12950338	1	nm0061849	actress	\N	["Lorie Brooks"]
tt12950340	1	nm0061849	actress	\N	["Lorie Brooks"]
tt12950346	1	nm0061849	actress	\N	["Lorie Brooks"]
tt12950352	1	nm0061849	actress	\N	["Lorie Brooks"]
tt12950354	1	nm0061849	actress	\N	["Lorie Brooks"]
tt12950356	1	nm0061849	actress	\N	["Lorie Brooks"]
tt12950358	10	nm6171892	actor	\N	["Megalo-Plan"]
tt12950358	1	nm0012718	actress	\N	["Marsha"]
tt12950358	2	nm1068841	actor	\N	["Meeting Menace","Shaun"]
tt12950358	3	nm1482080	actress	\N	["Linda"]
tt12950358	4	nm4555795	actor	\N	["Luke","Status Quo-Lock","Culturello"]
tt12950358	5	nm2763536	director	\N	\N
tt12950358	6	nm11837295	writer	\N	\N
tt12950358	7	nm0553454	editor	\N	\N
tt12950358	8	nm1411235	actor	\N	["Ignormous","Frankenstrategy","Tactique"]
tt12950358	9	nm3220520	actress	\N	["Miss-Alignment","Narrator"]
tt12950360	1	nm0061849	actress	\N	["Lorie Brooks"]
tt12950362	1	nm0061849	actress	\N	["Lorie Brooks"]
tt12950364	1	nm0061849	actress	\N	["Lorie Brooks"]
tt12950368	1	nm0061849	actress	\N	["Lorie Brooks"]
tt12950374	1	nm11695595	actress	\N	["Doctor"]
tt12950374	2	nm8953735	actor	\N	["Pretty Man"]
tt12950374	3	nm10160518	actor	\N	["Scarred Man"]
tt12950374	4	nm10932588	director	\N	\N
tt12950376	1	nm0061849	actress	\N	["Lorie Brooks"]
tt12950378	1	nm0061849	actress	\N	["Lorie Brooks"]
tt12950380	1	nm0061849	actress	\N	["Lorie Brooks"]
tt12950382	1	nm0061849	actress	\N	["Lorie Brooks"]
tt12950384	1	nm0061849	actress	\N	["Lorie Brooks"]
tt12950386	1	nm0061849	actress	\N	["Lorie Brooks"]
tt12950390	1	nm0061849	actress	\N	["Lorie Brooks"]
tt12950392	1	nm2614642	actor	\N	\N
tt12950392	2	nm0745861	actor	\N	\N
tt12950394	1	nm10703508	self	\N	["Themselves"]
tt12950394	2	nm2279924	self	\N	["Self - Atlas"]
tt12950394	3	nm4770347	self	\N	["Self - Veracruz"]
tt12950394	4	nm4793502	self	\N	["Self - Atlas"]
tt12950394	5	nm11529259	self	\N	["Themselves"]
tt12950396	1	nm0061849	actress	\N	["Lorie Brooks"]
tt12950398	1	nm11059178	actress	\N	\N
tt12950398	2	nm11837304	actor	\N	\N
tt12950398	3	nm11837305	actor	\N	\N
tt12950402	1	nm8660188	self	\N	["Self - Santos"]
tt12950402	2	nm10093919	self	\N	["Self - Santos"]
tt12950402	3	nm10648753	self	\N	["Themselves"]
tt12950402	4	nm11814117	self	\N	["Self - Monarcas"]
tt12950402	5	nm9272809	self	\N	["Self - Coach Monarcas"]
tt12950402	6	nm4921797	self	\N	["Self - Monarcas"]
tt12950402	7	nm11518806	self	\N	["Themselves"]
tt12950402	8	nm11828869	self	\N	["Self - Monarcas"]
tt12950404	1	nm0061849	actress	\N	["Lorie Brooks"]
tt12950408	1	nm7182080	self	\N	["Self"]
tt12950408	2	nm2614642	self	\N	["Self"]
tt12950410	1	nm0061849	actress	\N	["Lorie Brooks"]
tt12950412	1	nm0061849	actress	\N	["Lorie Brooks"]
tt12950414	1	nm10643203	self	\N	["Themselves"]
tt12950414	2	nm11185412	self	\N	["Self - America"]
tt12950414	3	nm8972288	self	\N	["Self - America"]
tt12950414	4	nm4182673	self	\N	["Self - Coach America"]
tt12950414	5	nm7122472	self	\N	["Self - America"]
tt12950414	6	nm9272809	self	\N	["Self - Monarcas"]
tt12950414	7	nm11518806	self	\N	["Themselves"]
tt12950414	8	nm5683433	self	\N	["Self - America"]
tt12950414	9	nm11828869	self	\N	["Self - Monarcas"]
tt12950420	1	nm11813230	self	\N	["Self - Host"]
tt12950420	2	nm11814916	director	co-director	\N
tt12950420	3	nm11813233	writer	co-head writer	\N
tt12950420	4	nm11813232	producer	producer	\N
tt12950420	5	nm11813236	editor	video editor	\N
tt12950420	6	nm11813235	editor	\N	\N
tt12950420	7	nm11813234	editor	video editor	\N
tt12950420	8	nm11813237	editor	\N	\N
tt12950422	1	nm0061849	actress	\N	["Lorie Brooks"]
tt12950426	1	nm0061849	actress	\N	["Lorie Brooks"]
tt12950428	1	nm0061849	actress	\N	["Lorie Brooks"]
tt12950432	1	nm2614642	self	\N	["Self"]
tt12950432	2	nm1099085	self	\N	["Self"]
tt12950436	10	nm0645663	actor	\N	["Oronte"]
tt12950436	1	nm0159802	actor	\N	["Alceste"]
tt12950436	2	nm0804787	actress	\N	["Célimène"]
tt12950436	3	nm0816868	actor	\N	["Philinte"]
tt12950436	4	nm0646307	actress	\N	["Eliante"]
tt12950436	5	nm0744630	director	\N	\N
tt12950436	6	nm11837313	writer	translation	\N
tt12950436	7	nm0596942	writer	writer	\N
tt12950436	8	nm0612942	producer	producer	\N
tt12950436	9	nm0108071	production_designer	\N	\N
tt12950438	1	nm0061849	actress	\N	["Lorie Brooks"]
tt12950440	1	nm0061849	actress	\N	["Lorie Brooks"]
tt12950442	1	nm3167866	self	\N	["Self - Host"]
tt12950442	2	nm5897085	self	\N	["Self"]
tt12950442	3	nm11646596	self	\N	["Self - Co-Host"]
tt12950442	4	nm11646595	self	\N	["Self - Co-Host"]
tt12950444	1	nm3192863	self	\N	["Self"]
tt12950444	2	nm2614642	self	\N	["Self"]
tt12950446	1	nm5941201	actor	\N	["Cigar Smoker"]
tt12950446	2	nm10074801	actress	\N	["Diamond"]
tt12950446	3	nm7870534	actor	\N	["C-Lo"]
tt12950446	4	nm11837315	actor	\N	["Currency"]
tt12950446	5	nm7702512	actor	\N	["Homie"]
tt12950446	6	nm6236780	actor	\N	["Anthony"]
tt12950446	7	nm11837316	actor	\N	["Candy Seller #1"]
tt12950448	1	nm2614642	self	\N	["Self"]
tt12950448	2	nm0909768	self	\N	["Self"]
tt12950450	1	nm3167866	self	\N	["Self - Host"]
tt12950450	2	nm5897085	self	\N	["Self"]
tt12950450	3	nm11646596	self	\N	["Self - Co-Host"]
tt12950450	4	nm11646595	self	\N	["Self - Co-Host"]
tt12950452	1	nm0061849	actress	\N	["Lorie Brooks"]
tt12950454	10	nm0515795	writer	\N	\N
tt12950454	1	nm0750046	actor	\N	["Miguel Garza"]
tt12950454	2	nm2288520	actress	\N	["Adela Cruz"]
tt12950454	3	nm7310856	actress	\N	["Jimena Ortiz"]
tt12950454	4	nm4595379	actress	\N	["Chisca Garza"]
tt12950454	5	nm0004071	director	\N	\N
tt12950454	6	nm6322835	director	co-director	\N
tt12950454	7	nm3844924	writer	written by	\N
tt12950454	8	nm1014790	writer	head writer	\N
tt12950454	9	nm7620580	writer	\N	\N
tt12950456	1	nm11837323	actor	\N	\N
tt12950456	2	nm11837324	actor	\N	\N
tt12950456	3	nm11837325	actor	\N	\N
tt12950456	4	nm10741073	director	\N	\N
tt12950456	5	nm11837327	producer	producer	\N
tt12950458	1	nm0278156	self	\N	["Self"]
tt12950458	2	nm2614642	self	\N	["Self"]
tt12950460	1	nm4755526	self	\N	["Self - Host"]
tt12950460	2	nm4489288	self	\N	["Self - Host"]
tt12950460	3	nm10497382	editor	\N	\N
tt12950462	1	nm0061849	actress	\N	["Lorie Brooks"]
tt12950464	1	nm11813230	self	\N	["Self - Host"]
tt12950464	2	nm11814916	director	co-director	\N
tt12950464	3	nm11813233	writer	co-head writer	\N
tt12950464	4	nm11813232	producer	producer	\N
tt12950464	5	nm11813236	editor	video editor	\N
tt12950464	6	nm11813235	editor	\N	\N
tt12950464	7	nm11813234	editor	video editor	\N
tt12950464	8	nm11813237	editor	\N	\N
tt12950466	1	nm0061849	actress	\N	["Lorie Brooks"]
tt12950468	1	nm3167866	self	\N	["Self - Host"]
tt12950468	2	nm5897085	self	\N	["Self"]
tt12950468	3	nm11646596	self	\N	["Self - Co-Host"]
tt12950468	4	nm11646595	self	\N	["Self - Co-Host"]
tt12950472	1	nm0061849	actress	\N	["Lorie Brooks"]
tt12950474	1	nm2614642	self	\N	["Self"]
tt12950474	2	nm0664727	self	\N	["Self"]
tt12950476	1	nm0061849	actress	\N	["Lorie Brooks"]
tt12950478	1	nm3106808	actor	\N	["Coach Tony"]
tt12950478	2	nm7398177	actress	\N	["Tammy"]
tt12950478	3	nm7694033	actor	\N	["Kenney"]
tt12950482	1	nm0061849	actress	\N	["Lorie Brooks"]
tt12950484	1	nm0061849	actress	\N	["Lorie Brooks"]
tt12950486	1	nm0049154	self	\N	["Self - Host"]
tt12950486	2	nm3167866	self	\N	["Self - Host"]
tt12950486	3	nm5897085	self	\N	["Self"]
tt12950486	4	nm11646596	self	\N	["Self - Co-Host"]
tt12950486	5	nm11646595	self	\N	["Self - Co-Host"]
tt12950492	1	nm0061849	actress	\N	["Lorie Brooks"]
tt12950494	1	nm0061849	actress	\N	["Lorie Brooks"]
tt12950500	1	nm3576048	self	\N	["Self"]
tt12950500	2	nm2614642	self	\N	["Self"]
tt12950502	1	nm0061849	actress	\N	["Lorie Brooks"]
tt12950506	1	nm10803638	actor	\N	["Daddy"]
tt12950506	2	nm9159116	actor	\N	["Amber"]
tt12950506	3	nm11134579	actress	\N	["Maggie"]
tt12950506	4	nm11837335	director	\N	\N
tt12950506	5	nm7619395	writer	co-writer	\N
tt12950506	6	nm5147283	producer	producer	\N
tt12950508	1	nm0061849	actress	\N	["Lorie Brooks"]
tt12950512	1	nm0061849	actress	\N	["Lorie Brooks"]
tt12950518	1	nm0061849	actress	\N	["Lorie Brooks"]
tt12950520	1	nm0061849	actress	\N	["Lorie Brooks"]
tt12950522	1	nm0061849	actress	\N	["Lorie Brooks"]
tt12950524	1	nm0061849	actress	\N	["Lorie Brooks"]
tt12950526	1	nm0061849	actress	\N	["Lorie Brooks"]
tt12950528	1	nm0061849	actress	\N	["Lorie Brooks"]
tt12950530	1	nm0061849	actress	\N	["Lorie Brooks"]
tt12950534	1	nm11820327	actor	\N	["Boomer"]
tt12950534	2	nm11820221	actor	\N	["Zoomer"]
tt12950536	1	nm0061849	actress	\N	["Lorie Brooks"]
tt12950538	1	nm0230596	self	\N	["Self"]
tt12950538	2	nm2614642	self	\N	["Self"]
tt12950540	1	nm0799169	actor	\N	["Mattia"]
tt12950540	2	nm0008090	actor	\N	["Stefano"]
tt12950540	3	nm0314554	actor	\N	["Ivan"]
tt12950540	4	nm0173151	actress	\N	["Bea"]
tt12950540	5	nm0514108	actress	\N	["Anneke"]
tt12950540	6	nm0078089	actress	\N	["Francesca"]
tt12950540	7	nm11837337	actress	\N	["Rebecca"]
tt12950540	8	nm2182278	actor	\N	["Leonardo"]
tt12950540	9	nm1855948	actress	\N	["Lucia"]
tt12950542	1	nm0061849	actress	\N	["Lorie Brooks"]
tt12950544	1	nm0061849	actress	\N	["Lorie Brooks"]
tt12950550	1	nm0061849	actress	\N	["Lorie Brooks"]
tt12950556	1	nm0061849	actress	\N	["Lorie Brooks"]
tt12950564	1	nm0061849	actress	\N	["Lorie Brooks"]
tt12950570	1	nm0061849	actress	\N	["Lorie Brooks"]
tt12950582	1	nm0061849	actress	\N	["Lorie Brooks"]
tt12950586	10	nm0669448	actress	\N	["Kimberly Brady"]
tt12950586	1	nm0063221	actor	\N	["Julio Ramirez"]
tt12950586	2	nm0081863	actor	\N	["Marcus Hunter"]
tt12950586	3	nm0163775	actress	\N	["Carrie Brady"]
tt12950586	4	nm0420718	actor	\N	["Nick Corelli"]
tt12950586	5	nm0290163	actress	\N	["Diana Colville"]
tt12950586	6	nm0366924	actor	\N	["Jake Hogansen"]
tt12950586	7	nm0389693	actor	\N	["Roman Brady"]
tt12950586	8	nm0391050	actor	\N	["Ron Wyche"]
tt12950586	9	nm0397465	actress	\N	["April Ramirez"]
tt12950588	1	nm0061849	actress	\N	["Lorie Brooks"]
tt12950590	1	nm0049154	self	\N	["Self - Host"]
tt12950590	2	nm3167866	self	\N	["Self - Host"]
tt12950590	3	nm11837377	self	\N	["Self"]
tt12950590	4	nm11573745	self	\N	["Self"]
tt12950590	5	nm11837343	self	\N	["Self"]
tt12950590	6	nm11358786	self	\N	["Self"]
tt12950590	7	nm11652168	self	\N	["Self"]
tt12950590	8	nm11713728	self	\N	["Self"]
tt12950594	1	nm11837345	actor	\N	["Troller"]
tt12950596	1	nm0061849	actress	\N	["Lorie Brooks"]
tt12950598	1	nm0061849	actress	\N	["Lorie Brooks"]
tt12950602	1	nm0061849	actress	\N	["Lorie Brooks"]
tt12950604	10	nm2354705	actor	\N	["Mario"]
tt12950604	1	nm0799169	actor	\N	["Mattia"]
tt12950604	2	nm0008090	actor	\N	["Stefano"]
tt12950604	3	nm0314554	actor	\N	["Ivan"]
tt12950604	4	nm0173151	actress	\N	["Bea"]
tt12950604	5	nm0514108	actress	\N	["Anneke"]
tt12950604	6	nm0078089	actress	\N	["Francesca"]
tt12950604	7	nm1600173	actor	\N	["Gustavo"]
tt12950604	8	nm2182278	actor	\N	["Leonardo"]
tt12950604	9	nm1420206	actor	\N	["Pier Maria"]
tt12950606	1	nm0061849	actress	\N	["Lorie Brooks"]
tt12950608	1	nm0061849	actress	\N	["Lorie Brooks"]
tt12950610	1	nm0061849	actress	\N	["Lorie Brooks"]
tt12950612	1	nm0061849	actress	\N	["Lorie Brooks"]
tt12950614	1	nm0061849	actress	\N	["Lorie Brooks"]
tt12950616	1	nm0061849	actress	\N	["Lorie Brooks"]
tt12950618	1	nm0061849	actress	\N	["Lorie Brooks"]
tt12950620	1	nm0061849	actress	\N	["Lorie Brooks"]
tt12950622	1	nm0061849	actress	\N	["Lorie Brooks"]
tt12950624	1	nm0061849	actress	\N	["Lorie Brooks"]
tt12950626	10	nm2005053	actress	\N	["Amber"]
tt12950626	1	nm0018748	actress	\N	["Samantha Anderson"]
tt12950626	2	nm0061363	actress	\N	["Connor Walsh"]
tt12950626	3	nm0115152	actor	\N	["David Allen Stenbeck"]
tt12950626	4	nm0126244	actress	\N	["Lily Walsh Grimaldi"]
tt12950626	5	nm0376770	actor	\N	["Hal Munson"]
tt12950626	6	nm0378163	actor	\N	["Holden Snyder"]
tt12950626	7	nm0380363	actor	\N	["James Stenbeck"]
tt12950626	8	nm0392042	actor	\N	["Tom Hughes"]
tt12950626	9	nm0661906	actor	\N	["Jack Snyder"]
tt12950628	1	nm0061849	actress	\N	["Lorie Brooks"]
tt12950630	1	nm11613030	actress	\N	\N
tt12950630	2	nm3644394	actor	\N	\N
tt12950632	10	nm0463055	production_designer	\N	\N
tt12950632	1	nm0488722	actor	\N	["Hugo"]
tt12950632	2	nm1265820	actress	\N	["Nathalie"]
tt12950632	3	nm0512084	actress	\N	["Inge"]
tt12950632	4	nm0360681	actor	\N	["Mand"]
tt12950632	5	nm0744630	director	\N	\N
tt12950632	6	nm0464024	writer	translation	\N
tt12950632	7	nm0471890	writer	writer	\N
tt12950632	8	nm0299458	composer	\N	\N
tt12950632	9	nm0408741	cinematographer	\N	\N
tt12950634	1	nm0061849	actress	\N	["Lorie Brooks"]
tt12950636	1	nm6849502	self	\N	["Self","Host"]
tt12950636	2	nm4539779	self	\N	["Self","Host"]
tt12950636	3	nm11852835	self	\N	["Self","Host"]
tt12950636	4	nm6894980	self	\N	["Self","Host"]
tt12950636	5	nm11852745	self	\N	["Self","Host"]
tt12950638	1	nm0061849	actress	\N	["Lorie Brooks"]
tt12950640	10	nm0669448	actress	\N	["Kimberly Brady"]
tt12950640	1	nm0038932	actor	\N	["Jack Deveraux"]
tt12950640	2	nm0063221	actor	\N	["Julio Ramirez"]
tt12950640	3	nm0163775	actress	\N	["Carrie Brady"]
tt12950640	4	nm0212399	actress	\N	["Lexie Brooks"]
tt12950640	5	nm0389693	actor	\N	["Roman Brady"]
tt12950640	6	nm0400311	actor	\N	["Emilio Ramirez"]
tt12950640	7	nm0471337	actor	\N	["Cal Winters"]
tt12950640	8	nm0545969	actor	\N	["Construction Boss"]
tt12950640	9	nm0649830	actor	\N	["Santos"]
tt12950642	1	nm0061849	actress	\N	["Lorie Brooks"]
tt12950654	1	nm11813230	self	\N	["Self - Host"]
tt12950654	2	nm11814916	director	co-director	\N
tt12950654	3	nm11813233	writer	co-head writer	\N
tt12950654	4	nm11813232	producer	producer	\N
tt12950654	5	nm11813236	editor	video editor	\N
tt12950654	6	nm11813235	editor	\N	\N
tt12950654	7	nm11813234	editor	video editor	\N
tt12950654	8	nm11813237	editor	\N	\N
tt12950660	1	nm0061849	actress	\N	["Lorie Brooks"]
tt12950662	1	nm0061849	actress	\N	["Lorie Brooks"]
tt12950666	1	nm0061849	actress	\N	["Lorie Brooks"]
tt12950668	1	nm0061849	actress	\N	["Lorie Brooks"]
tt12950672	1	nm0061849	actress	\N	["Lorie Brooks"]
tt12950678	1	nm0061849	actress	\N	["Lorie Brooks"]
tt12950680	1	nm11813230	self	\N	["Self - Host"]
tt12950680	2	nm11814916	director	co-director	\N
tt12950680	3	nm11813233	writer	co-head writer	\N
tt12950680	4	nm11813232	producer	producer	\N
tt12950680	5	nm11813236	editor	video editor	\N
tt12950680	6	nm11813235	editor	\N	\N
tt12950680	7	nm11813234	editor	video editor	\N
tt12950680	8	nm11813237	editor	\N	\N
tt12950686	1	nm0061849	actress	\N	["Lorie Brooks"]
tt12950690	1	nm0684701	self	\N	["Self - Anchor"]
tt12950690	2	nm1596871	self	\N	["Self"]
tt12950690	3	nm3134398	self	\N	["Self"]
tt12950690	4	nm1029736	self	\N	["Self"]
tt12950690	5	nm1765542	self	\N	["Self - Reporter"]
tt12950690	6	nm0854143	self	\N	["Self"]
tt12950692	1	nm0061849	actress	\N	["Lorie Brooks"]
tt12950696	1	nm0061849	actress	\N	["Lorie Brooks"]
tt12950702	1	nm0061849	actress	\N	["Lorie Brooks"]
tt12950706	1	nm0061849	actress	\N	["Lorie Brooks"]
tt12950708	1	nm0061849	actress	\N	["Lorie Brooks"]
tt12950712	1	nm0061849	actress	\N	["Lorie Brooks"]
tt12950714	1	nm0766349	self	\N	["Self - Guest"]
tt12950714	2	nm11813230	self	\N	["Self - Host"]
tt12950714	3	nm11814916	director	co-director	\N
tt12950714	4	nm11813233	writer	co-head writer	\N
tt12950714	5	nm11813232	producer	producer	\N
tt12950714	6	nm11813236	editor	video editor	\N
tt12950714	7	nm11813235	editor	\N	\N
tt12950714	8	nm11813234	editor	video editor	\N
tt12950714	9	nm11813237	editor	\N	\N
tt12950718	1	nm0061849	actress	\N	["Lorie Brooks"]
tt12950720	1	nm11696218	director	\N	\N
tt12950724	1	nm0061849	actress	\N	["Lorie Brooks"]
tt12950728	1	nm0061849	actress	\N	["Lorie Brooks"]
tt12950730	1	nm3889842	actress	\N	\N
tt12950730	2	nm8610817	actress	\N	\N
tt12950730	3	nm10741073	actor	\N	\N
tt12950730	4	nm8726424	actor	\N	\N
tt12950730	5	nm6529615	director	\N	\N
tt12950730	6	nm5798167	producer	producer	\N
tt12950730	7	nm11837386	producer	producer	\N
tt12950730	8	nm10051055	cinematographer	\N	\N
tt12950730	9	nm7618844	actor	\N	\N
tt12950732	1	nm0061849	actress	\N	["Lorie Brooks"]
tt12950734	1	nm0061849	actress	\N	["Lorie Brooks"]
tt12950740	1	nm0061849	actress	\N	["Lorie Brooks"]
tt12950746	1	nm0049154	self	\N	["Self - Host"]
tt12950746	2	nm3167866	self	\N	["Self - Host"]
tt12950746	3	nm11837398	self	\N	["Self"]
tt12950748	1	nm0061849	actress	\N	["Lorie Brooks"]
tt12950752	1	nm7294634	self	\N	["Self - Host"]
tt12950752	2	nm7905928	self	\N	["Self - Host"]
tt12950752	3	nm8567800	self	\N	["Self"]
tt12950752	4	nm11113993	self	\N	["Self"]
tt12950752	5	nm3962883	self	\N	["Self - Interviewee"]
tt12950752	6	nm8660109	self	\N	["Self - Substitute Host"]
tt12950752	7	nm10673540	self	\N	["Self"]
tt12950756	1	nm7294634	self	\N	["Self - Host"]
tt12950756	2	nm7905928	self	\N	["Self - Host"]
tt12950756	3	nm8660109	self	\N	["Self - Substitute Host"]
tt12950756	4	nm5403868	self	\N	["Self"]
tt12950756	5	nm5683433	self	\N	["Self"]
tt12950758	1	nm0049154	self	\N	["Self - Host"]
tt12950758	2	nm3167866	self	\N	["Self - Host"]
tt12950758	3	nm11646596	self	\N	["Self - Co-Host"]
tt12950758	4	nm11837398	self	\N	["Self"]
tt12950762	1	nm0061849	actress	\N	["Lorie Brooks"]
tt12950764	1	nm0061849	actress	\N	["Lorie Brooks"]
tt12950766	1	nm0061849	actress	\N	["Lorie Brooks"]
tt12950768	1	nm0061849	actress	\N	["Lorie Brooks"]
tt12950772	1	nm0061849	actress	\N	["Lorie Brooks"]
tt12950774	1	nm0061849	actress	\N	["Lorie Brooks"]
tt12950780	1	nm0061849	actress	\N	["Lorie Brooks"]
tt12950784	1	nm0061849	actress	\N	["Lorie Brooks"]
tt12950792	1	nm0061849	actress	\N	["Lorie Brooks"]
tt12950794	1	nm0061849	actress	\N	["Lorie Brooks"]
tt12950798	1	nm9117901	self	\N	["Self"]
tt12950798	2	nm11806677	self	\N	["Self"]
tt12950798	3	nm11806678	self	\N	["Self"]
tt12950800	1	nm0061849	actress	\N	["Lorie Brooks"]
tt12950804	1	nm11837416	actress	\N	["Eva"]
tt12950804	2	nm11837415	actor	\N	\N
tt12950804	3	nm11837417	actor	\N	\N
tt12950804	4	nm11837414	director	\N	\N
tt12950804	5	nm11837418	producer	producer	\N
tt12950804	6	nm11837419	cinematographer	\N	\N
tt12950806	1	nm0061849	actress	\N	["Lorie Brooks"]
tt12950810	1	nm6697910	self	\N	["Self - Host"]
tt12950810	2	nm8404851	self	\N	["Self - Host"]
tt12950812	1	nm0061849	actress	\N	["Lorie Brooks"]
tt12950814	1	nm0061849	actress	\N	["Lorie Brooks"]
tt12950816	1	nm0061849	actress	\N	["Lorie Brooks"]
tt12950828	1	nm6727519	actor	\N	["Zack"]
tt12950828	2	nm6456169	actor	\N	["Police Officer"]
tt12950828	3	nm9278709	actor	\N	["Richard"]
tt12950830	1	nm0061849	actress	\N	["Lorie Brooks"]
tt12950836	1	nm0061849	actress	\N	["Lorie Brooks"]
tt12950840	1	nm0061849	actress	\N	["Lorie Brooks"]
tt12950842	1	nm0061849	actress	\N	["Lorie Brooks"]
tt12950846	1	nm0061849	actress	\N	["Lorie Brooks"]
tt12950848	1	nm0061849	actress	\N	["Lorie Brooks"]
tt12950850	1	nm0061849	actress	\N	["Lorie Brooks"]
tt12950854	1	nm0061849	actress	\N	["Lorie Brooks"]
tt12950856	10	nm11837425	actor	\N	["Young Desmond Barrows"]
tt12950856	1	nm2784156	actor	\N	["Althered"]
tt12950856	2	nm7706059	actress	\N	["Jane"]
tt12950856	3	nm1152538	actor	\N	["King Leopold"]
tt12950856	4	nm0438003	actor	\N	["Mangus"]
tt12950856	5	nm4876741	writer	created by	\N
tt12950856	6	nm11837426	actress	\N	["Blossom the Sprite"]
tt12950856	7	nm7939044	actress	\N	["Queen Rose"]
tt12950856	8	nm11837427	actor	\N	["Babe in the wind"]
tt12950856	9	nm6870441	actor	\N	["Camden"]
tt12950858	1	nm0061849	actress	\N	["Lorie Brooks"]
tt12950862	1	nm0061849	actress	\N	["Lorie Brooks"]
tt12950864	1	nm0061849	actress	\N	["Lorie Brooks"]
tt12950872	1	nm0049154	self	\N	["Self - Host"]
tt12950872	2	nm3167866	self	\N	["Self - Host"]
tt12950872	3	nm11837398	self	\N	["Self"]
tt12950872	4	nm6965549	self	\N	["Self"]
tt12950878	1	nm10976304	self	\N	["Self","Narrator"]
tt12950882	10	nm0661906	actor	\N	["Jack Snyder"]
tt12950882	1	nm0018748	actress	\N	["Samantha Anderson"]
tt12950882	2	nm0115152	actor	\N	["David Allen Stenbeck"]
tt12950882	3	nm0126244	actress	\N	["Lily Walsh Grimaldi"]
tt12950882	4	nm0376770	actor	\N	["Hal Munson"]
tt12950882	5	nm0157553	director	\N	\N
tt12950882	6	nm0378163	actor	\N	["Holden Snyder"]
tt12950882	7	nm0380363	actor	\N	["James Stenbeck"]
tt12950882	8	nm0399169	actress	\N	["Lucinda Walsh"]
tt12950882	9	nm0443117	actress	\N	["Molly Conlan"]
tt12950894	1	nm2489997	self	\N	["Self - Host"]
tt12950894	2	nm2489893	self	\N	["Self - Host"]
tt12950894	3	nm11729517	self	\N	["Self"]
tt12950894	4	nm4891626	self	\N	["Self"]
tt12950894	5	nm4696493	self	\N	["Self"]
tt12950900	1	nm0049154	self	\N	["Self - Host"]
tt12950900	2	nm3167866	self	\N	["Self - Host"]
tt12950900	3	nm11837398	self	\N	["Self"]
tt12950902	10	nm4490474	cinematographer	\N	\N
tt12950902	1	nm0118682	actor	\N	["Mike Mitchell"]
tt12950902	2	nm3065524	actress	\N	["Andi Cruz"]
tt12950902	3	nm0001852	actor	\N	["Bill Mitchell"]
tt12950902	4	nm0005130	actress	\N	["Phylis Mitchell"]
tt12950902	5	nm0343687	director	\N	\N
tt12950902	6	nm1479613	writer	teleplay	\N
tt12950902	7	nm10049474	producer	producer	\N
tt12950902	8	nm0730404	producer	producer	\N
tt12950902	9	nm4650185	composer	\N	\N
tt12950904	1	nm11837450	actor	\N	["Javi"]
tt12950904	2	nm11837449	actress	\N	["Nekane"]
tt12950904	3	nm10263626	director	\N	\N
tt12950904	4	nm7645953	composer	\N	\N
tt12950904	5	nm10057311	cinematographer	\N	\N
tt12950910	1	nm1164602	director	\N	\N
tt12950910	2	nm2040359	writer	\N	\N
tt12950910	3	nm1093039	producer	producer	\N
tt12950910	4	nm1006167	producer	producer	\N
tt12950912	1	nm0049154	self	\N	["Self - Host"]
tt12950912	2	nm3167866	self	\N	["Self - Host"]
tt12950912	3	nm11837398	self	\N	["Self"]
tt12950920	1	nm11275879	actor	\N	["Alex"]
tt12950920	2	nm11837454	actor	\N	["Emily"]
tt12950920	3	nm9187439	actor	\N	["Basketball Guy"]
tt12950920	4	nm13526960	actor	\N	["Stoner"]
tt12950920	5	nm6844131	director	\N	\N
tt12950920	6	nm9187435	producer	producer	\N
tt12950920	7	nm8310852	producer	producer	\N
tt12950920	8	nm6856260	actor	\N	["Photographer"]
tt12950920	9	nm13526959	actor	\N	["Burger Guy"]
tt12950922	1	nm0049154	self	\N	["Self - Host"]
tt12950922	2	nm3167866	self	\N	["Self - Host"]
tt12950922	3	nm11837398	self	\N	["Self"]
tt12950922	4	nm11652168	self	\N	["Self"]
tt12950926	10	nm2551284	writer	writer	\N
tt12950926	1	nm0526389	director	\N	\N
tt12950926	2	nm0066875	director	segment director	\N
tt12950926	3	nm0035218	writer	writer	\N
tt12950926	4	nm0071926	writer	writer	\N
tt12950926	5	nm0106187	writer	writer	\N
tt12950926	6	nm0255034	writer	writer	\N
tt12950926	7	nm0364922	writer	writer	\N
tt12950926	8	nm0479525	writer	head writer	\N
tt12950926	9	nm0997301	writer	writer	\N
tt12950930	1	nm0049154	self	\N	["Self - Host"]
tt12950930	2	nm3167866	self	\N	["Self - Host"]
tt12950930	3	nm11735280	self	\N	["Self - Announcer"]
tt12950930	4	nm11837459	self	\N	["Self"]
tt12950934	1	nm1679085	self	\N	["Self - Host"]
tt12950934	2	nm11863346	actor	\N	\N
tt12950934	3	nm11280020	self	\N	["Self"]
tt12950934	4	nm2543054	actress	\N	\N
tt12950934	5	nm11863347	self	\N	["Self"]
tt12950936	10	nm0536630	self	\N	["Self - Contestant"]
tt12950936	1	nm1222569	self	\N	["Self - Presenter"]
tt12950936	2	nm4844511	self	\N	["Self - Presenter"]
tt12950936	3	nm1349089	self	\N	["Self - Contestant"]
tt12950936	4	nm1075350	self	\N	["Self - Contestant"]
tt12950936	5	nm1695582	self	\N	["Self - Contestant"]
tt12950936	6	nm1057351	self	\N	["Self - Contestant"]
tt12950936	7	nm0227440	self	\N	["Self - Contestant"]
tt12950936	8	nm0447337	self	\N	["Self - Contestant"]
tt12950936	9	nm0455865	self	\N	["Self - Contestant"]
tt12950938	1	nm11138106	self	\N	["Self"]
tt12950938	2	nm6179964	self	\N	["Self"]
tt12950938	3	nm9039606	self	\N	["Self"]
tt12950940	1	nm2734659	director	\N	\N
tt12950942	1	nm0049154	self	\N	["Self - Host"]
tt12950942	2	nm3167866	self	\N	["Self - Host"]
tt12950942	3	nm11735280	self	\N	["Self - Announcer"]
tt12950942	4	nm1177019	self	\N	["Self"]
tt12950942	5	nm9444786	self	\N	["Self"]
tt12950946	1	nm0359174	actor	\N	\N
tt12950946	2	nm1276084	actor	\N	\N
tt12950946	3	nm0514954	actor	\N	\N
tt12950946	4	nm0848923	actress	\N	\N
tt12950946	5	nm2243942	director	\N	\N
tt12950946	6	nm0955820	writer	\N	\N
tt12950948	1	nm0975300	actor	\N	["Narrator"]
tt12950950	1	nm3054265	director	\N	\N
tt12950952	1	nm1975115	actor	\N	["Mario","Toad"]
tt12950954	1	nm1251525	self	\N	["Self - Host"]
tt12950954	2	nm0210975	self	\N	["Self - Host"]
tt12950954	3	nm2305179	self	\N	["Self - Host"]
tt12950954	4	nm2059001	self	\N	["Self - Host"]
tt12950956	1	nm0074036	actor	\N	["Dewey"]
tt12950956	2	nm0750142	actor	\N	["Scared Goon"]
tt12950956	3	nm10121976	actress	\N	["Receptionist"]
tt12950956	4	nm1446662	actor	\N	["Security Guard"]
tt12950956	5	nm3099690	director	\N	\N
tt12950956	6	nm10289448	writer	contributing writer	\N
tt12950956	7	nm7064236	writer	Writer	\N
tt12950956	8	nm6557816	writer	Writer	\N
tt12950956	9	nm3217025	producer	producer	\N
tt12950958	1	nm0049154	self	\N	["Self - Host"]
tt12950958	2	nm3167866	self	\N	["Self - Host"]
tt12950958	3	nm11837469	self	\N	["Self"]
tt12950958	4	nm11646596	self	\N	["Self"]
tt12950958	5	nm5936325	self	\N	["Self"]
tt12950958	6	nm9455632	self	\N	["Self"]
tt12950960	1	nm0975300	actor	\N	["Narrator"]
tt12950962	1	nm11138106	self	\N	["Self"]
tt12950962	2	nm6179964	self	\N	["Self"]
tt12950962	3	nm9039606	self	\N	["Self"]
tt12950966	1	nm5192560	self	\N	["Self - Wingsuit Pioneer"]
tt12950966	2	nm10891139	self	\N	["Self - Founder Adrenalin B.A.S.E."]
tt12950966	3	nm11837474	self	\N	["Self - Founder Atair Canopies"]
tt12950966	4	nm5485172	actor	\N	["Narrator"]
tt12950966	5	nm11242750	director	\N	\N
tt12950968	1	nm8418894	actor	\N	["SLY95ZER"]
tt12950968	2	nm11667092	writer	Writer	\N
tt12950968	3	nm7178815	composer	\N	\N
tt12950970	1	nm11138106	self	\N	["Self"]
tt12950970	2	nm13856572	self	\N	["Self"]
tt12950970	3	nm6179964	self	\N	["Self"]
tt12950970	4	nm9039606	self	\N	["Self"]
tt12950970	5	nm4562801	editor	\N	\N
tt12950972	1	nm6179964	self	\N	["Self"]
tt12950972	2	nm9039606	self	\N	["Self"]
tt12950976	10	nm0579640	actress	\N	["Emily Stewart"]
tt12950976	1	nm0018748	actress	\N	["Samantha Anderson #2"]
tt12950976	2	nm0061363	actress	\N	["Connor Walsh #2"]
tt12950976	3	nm0115152	actor	\N	["David Allen Stenbeck #1"]
tt12950976	4	nm0117365	actor	\N	["Dr. John Dixon"]
tt12950976	5	nm0368575	actor	\N	["Dr. Bob Hughes"]
tt12950976	6	nm0371624	actress	\N	["Kim Hughes"]
tt12950976	7	nm0376770	actor	\N	["Hal Munson"]
tt12950976	8	nm0380363	actor	\N	["James Stenbeck"]
tt12950976	9	nm0399169	actress	\N	["Lucinda Walsh"]
tt12950978	1	nm10472901	actress	\N	\N
tt12950978	2	nm11837490	director	\N	\N
tt12950986	1	nm8619080	actress	\N	["Ainara 12 años"]
tt12950986	2	nm8541875	actress	\N	["Irene 12 años"]
tt12950986	3	nm10966325	actress	\N	["Ainara"]
tt12950986	4	nm11837491	actress	\N	["Irene"]
tt12950986	5	nm10263626	director	\N	\N
tt12950986	6	nm9732151	cinematographer	\N	\N
tt12950988	1	nm11837492	actor	\N	["Peter"]
tt12950988	2	nm11837493	actor	\N	\N
tt12950988	3	nm3524189	actress	\N	\N
tt12950988	4	nm1258684	actor	\N	\N
tt12950988	5	nm0194421	director	\N	\N
tt12950988	6	nm11837494	writer	co-writer	\N
tt12950988	7	nm0248682	actress	\N	\N
tt12950990	1	nm6179964	self	\N	["Self"]
tt12950990	2	nm9039606	self	\N	["Self"]
tt12950994	1	nm11138106	self	\N	["Self"]
tt12950994	2	nm6179964	self	\N	["Self"]
tt12950994	3	nm9039606	self	\N	["Self"]
tt12950998	1	nm11837508	actress	\N	\N
tt12950998	2	nm8763024	director	\N	\N
tt12951000	1	nm11837508	actress	\N	\N
tt12951000	2	nm8763024	director	\N	\N
tt12951002	1	nm11837508	actress	\N	\N
tt12951002	2	nm8763024	director	\N	\N
tt12951006	1	nm10851514	actress	\N	["Paul"]
tt12951006	2	nm11757497	actor	\N	["Lukas"]
tt12951006	3	nm10875368	actor	\N	["Dr. Snaps"]
tt12951006	4	nm10827150	actor	\N	["Noah"]
tt12951006	5	nm9642361	director	\N	\N
tt12951006	6	nm5843198	writer	creator	\N
tt12951006	7	nm9710959	actress	\N	["Anna"]
tt12951008	1	nm11837508	actress	\N	\N
tt12951008	2	nm8763024	director	\N	\N
tt12951012	1	nm11837508	actress	\N	\N
tt12951012	2	nm8763024	director	\N	\N
tt12951014	1	nm10851514	actress	\N	["Paul"]
tt12951014	2	nm11757497	actor	\N	["Lukas"]
tt12951014	3	nm10875368	actor	\N	["Dr. Snaps"]
tt12951014	4	nm10827150	actor	\N	["Noah"]
tt12951014	5	nm9642361	director	\N	\N
tt12951014	6	nm5843198	writer	creator	\N
tt12951014	7	nm9710959	actress	\N	["Anna"]
tt12951016	1	nm11837508	actress	\N	\N
tt12951016	2	nm8763024	director	\N	\N
tt12951022	10	nm11835445	composer	\N	\N
tt12951022	1	nm11837512	actor	\N	["Blind Blues Singer"]
tt12951022	2	nm11837513	actor	\N	["Biker"]
tt12951022	3	nm2810890	actress	\N	["Girl on cellphone"]
tt12951022	4	nm11837514	actor	\N	["Boyfriend"]
tt12951022	5	nm0588079	director	\N	\N
tt12951022	6	nm0348769	producer	producer	\N
tt12951022	7	nm0589464	producer	producer	\N
tt12951022	8	nm0668339	composer	\N	\N
tt12951022	9	nm11835444	composer	\N	\N
tt12951024	1	nm11837508	actress	\N	\N
tt12951030	1	nm11837508	actress	\N	\N
tt12951032	1	nm11837508	actress	\N	\N
tt12951034	1	nm11837508	actress	\N	\N
tt12951036	1	nm10851514	actress	\N	["Paul"]
tt12951036	2	nm11757497	actor	\N	["Lukas"]
tt12951036	3	nm10875368	actor	\N	["Dr. Snaps"]
tt12951036	4	nm10827150	actor	\N	["Noah"]
tt12951036	5	nm9642361	director	\N	\N
tt12951036	6	nm5843198	writer	creator	\N
tt12951036	7	nm9710959	actress	\N	["Anna"]
tt12951038	1	nm0178808	self	\N	["Self - Host"]
tt12951038	2	nm0178805	self	\N	["Self - Host"]
tt12951038	3	nm2129424	self	\N	["Self - Expert"]
tt12951038	4	nm0029239	self	\N	["Self"]
tt12951038	5	nm0166560	self	\N	["Self"]
tt12951038	6	nm0737332	self	\N	["Self"]
tt12951038	7	nm1827124	self	\N	["Self"]
tt12951040	1	nm10851514	actress	\N	["Paul"]
tt12951040	2	nm11757497	actor	\N	["Lukas"]
tt12951040	3	nm10875368	actor	\N	["Dr. Snaps"]
tt12951040	4	nm10827150	actor	\N	["Noah"]
tt12951040	5	nm9642361	director	\N	\N
tt12951040	6	nm5843198	writer	creator	\N
tt12951040	7	nm9710959	actress	\N	["Anna"]
tt12951044	1	nm10851514	actress	\N	["Paul"]
tt12951044	2	nm11757497	actor	\N	["Lukas"]
tt12951044	3	nm10875368	actor	\N	["Dr. Snaps"]
tt12951044	4	nm10827150	actor	\N	["Noah"]
tt12951044	5	nm9642361	director	\N	\N
tt12951044	6	nm5843198	writer	creator	\N
tt12951044	7	nm9710959	actress	\N	["Anna"]
tt12951046	1	nm0049154	self	\N	["Self - Host"]
tt12951046	2	nm3167866	self	\N	["Self - Host"]
tt12951046	3	nm2540335	self	\N	["Self"]
tt12951046	4	nm11652168	self	\N	["Self"]
tt12951052	1	nm10851514	actress	\N	["Paul"]
tt12951052	2	nm11757497	actor	\N	["Lukas"]
tt12951052	3	nm10875368	actor	\N	["Dr. Snaps"]
tt12951052	4	nm10827150	actor	\N	["Noah"]
tt12951052	5	nm9642361	director	\N	\N
tt12951052	6	nm5843198	writer	creator	\N
tt12951052	7	nm9710959	actress	\N	["Anna"]
tt12951054	1	nm10851514	actress	\N	["Paul"]
tt12951054	2	nm11757497	actor	\N	["Lukas"]
tt12951054	3	nm10875368	actor	\N	["Dr. Snaps"]
tt12951054	4	nm10827150	actor	\N	["Noah"]
tt12951054	5	nm9642361	director	\N	\N
tt12951054	6	nm5843198	writer	creator	\N
tt12951054	7	nm9710959	actress	\N	["Anna"]
tt12951056	1	nm0049154	self	\N	["Self - Host"]
tt12951056	2	nm3167866	self	\N	["Self - Host"]
tt12951056	3	nm0738714	self	\N	["Self"]
tt12951056	4	nm11652168	self	\N	["Self"]
tt12951058	1	nm11837534	self	\N	["Self - Photographer"]
tt12951058	2	nm3817703	self	\N	["Self - Model"]
tt12951060	1	nm10851514	actress	\N	["Paul"]
tt12951060	2	nm11757497	actor	\N	["Lukas"]
tt12951060	3	nm10875368	actor	\N	["Dr. Snaps"]
tt12951060	4	nm10827150	actor	\N	["Noah"]
tt12951060	5	nm9642361	director	\N	\N
tt12951060	6	nm5843198	writer	creator	\N
tt12951060	7	nm9710959	actress	\N	["Anna"]
tt12951062	1	nm0624619	director	\N	\N
tt12951062	2	nm0371067	writer	\N	\N
tt12951062	3	nm0029570	writer	\N	\N
tt12951062	4	nm11837535	producer	producer	\N
tt12951064	1	nm9029136	director	\N	\N
tt12951068	1	nm10851514	actress	\N	["Paul"]
tt12951068	2	nm11757497	actor	\N	["Lukas"]
tt12951068	3	nm10875368	actor	\N	["Dr. Snaps"]
tt12951068	4	nm10827150	actor	\N	["Noah"]
tt12951068	5	nm9642361	director	\N	\N
tt12951068	6	nm5843198	writer	creator	\N
tt12951068	7	nm9710959	actress	\N	["Anna"]
tt12951070	1	nm10851514	actress	\N	["Paul"]
tt12951070	2	nm11757497	actor	\N	["Lukas"]
tt12951070	3	nm10875368	actor	\N	["Dr. Snaps"]
tt12951070	4	nm10827150	actor	\N	["Noah"]
tt12951070	5	nm9642361	director	\N	\N
tt12951070	6	nm5843198	writer	creator	\N
tt12951070	7	nm9710959	actress	\N	["Anna"]
tt12951072	1	nm10851514	actress	\N	["Paul"]
tt12951072	2	nm11757497	actor	\N	["Lukas"]
tt12951072	3	nm10875368	actor	\N	["Dr. Snaps"]
tt12951072	4	nm10827150	actor	\N	["Noah"]
tt12951072	5	nm9642361	director	\N	\N
tt12951072	6	nm5843198	writer	creator	\N
tt12951072	7	nm9710959	actress	\N	["Anna"]
tt12951076	1	nm0049154	self	\N	["Self - Host"]
tt12951076	2	nm11646596	self	\N	["Self - Co-Host"]
tt12951076	3	nm11735794	self	\N	["Self"]
tt12951076	4	nm8570001	self	\N	["Self"]
tt12951078	1	nm8541237	actor	\N	["Professor"]
tt12951078	2	nm3301505	self	\N	["Self"]
tt12951078	3	nm4796956	self	\N	["Self"]
tt12951078	4	nm4275821	writer	research	\N
tt12951078	5	nm7895507	writer	writer	\N
tt12951078	6	nm5577071	editor	\N	\N
tt12951084	1	nm10851514	actress	\N	["Paul"]
tt12951084	2	nm11757497	actor	\N	["Lukas"]
tt12951084	3	nm10875368	actor	\N	["Dr. Snaps"]
tt12951084	4	nm10827150	actor	\N	["Noah"]
tt12951084	5	nm9642361	director	\N	\N
tt12951084	6	nm5843198	writer	creator	\N
tt12951084	7	nm9710959	actress	\N	["Anna"]
tt12951086	1	nm0178808	self	\N	["Self - Host"]
tt12951086	2	nm0178805	self	\N	["Self - Host"]
tt12951086	3	nm2129424	self	\N	["Self - Expert"]
tt12951086	4	nm4428361	self	\N	["Self"]
tt12951086	5	nm11311397	self	\N	["Self"]
tt12951086	6	nm3876383	self	\N	["Self"]
tt12951086	7	nm2808715	self	\N	["Self"]
tt12951090	1	nm0049154	self	\N	["Self - Host"]
tt12951090	2	nm3167866	self	\N	["Self - Host"]
tt12951090	3	nm7768324	self	\N	["Self"]
tt12951092	1	nm0178808	self	\N	["Self - Host"]
tt12951092	2	nm0178805	self	\N	["Self - Host"]
tt12951092	3	nm2129424	self	\N	["Self - Expert"]
tt12951092	4	nm9367401	self	\N	["Self"]
tt12951092	5	nm9824775	self	\N	["Self"]
tt12951092	6	nm1186976	self	\N	["Self"]
tt12951092	7	nm10506114	self	\N	["Self"]
tt12951098	1	nm9141329	self	\N	["Self"]
tt12951098	2	nm8763024	director	\N	\N
tt12951100	1	nm0049154	self	\N	["Self - Host"]
tt12951100	2	nm3167866	self	\N	["Self - Host"]
tt12951100	3	nm11646596	self	\N	["Self - Co-Host"]
tt12951100	4	nm7768324	self	\N	["Self"]
tt12951100	5	nm11646595	self	\N	["Self"]
tt12951102	1	nm9141329	self	\N	["Self"]
tt12951102	2	nm8763024	director	\N	\N
tt12951104	1	nm0178808	self	\N	["Self - Host"]
tt12951104	2	nm0178805	self	\N	["Self - Host"]
tt12951104	3	nm2129424	self	\N	["Self - Expert"]
tt12951104	4	nm4204416	self	\N	["Self"]
tt12951104	5	nm1122119	self	\N	["Self"]
tt12951104	6	nm11837562	self	\N	["Self"]
tt12951104	7	nm2012985	self	\N	["Self"]
tt12951106	1	nm9141329	self	\N	["Self"]
tt12951106	2	nm8763024	director	\N	\N
tt12951108	1	nm9141329	self	\N	["Self"]
tt12951108	2	nm8763024	director	\N	\N
tt12951112	1	nm9141329	self	\N	["Self"]
tt12951112	2	nm8763024	director	\N	\N
tt12951116	1	nm9141329	self	\N	["Self"]
tt12951116	2	nm8763024	director	\N	\N
tt12951120	1	nm0178808	self	\N	["Self - Host"]
tt12951120	2	nm0178805	self	\N	["Self - Host"]
tt12951120	3	nm2129424	self	\N	["Self - Expert"]
tt12951120	4	nm2439150	self	\N	["Self"]
tt12951120	5	nm2865488	self	\N	["Self"]
tt12951120	6	nm3472405	self	\N	["Self"]
tt12951120	7	nm3128783	self	\N	["Self"]
tt12951124	1	nm8859730	actress	\N	\N
tt12951124	2	nm9141329	self	\N	["Self"]
tt12951124	3	nm8763024	director	\N	\N
tt12951128	10	nm7414534	actor	\N	["Ultraman Z"]
tt12951128	1	nm10898241	actor	\N	["Haruki Natsukawa"]
tt12951128	2	nm8447755	actress	\N	["Yoko Nakashima"]
tt12951128	3	nm11676465	actress	\N	["Yuka Ohta"]
tt12951128	4	nm5527231	actor	\N	["Shota Hebikura"]
tt12951128	5	nm6416273	director	\N	\N
tt12951128	6	nm0840666	writer	written by	\N
tt12951128	7	nm0368090	actor	\N	["Kojiro Inaba"]
tt12951128	8	nm10651557	actor	\N	["Shinya Kaburagi"]
tt12951128	9	nm9103386	actor	\N	["A.I."]
tt12951130	1	nm6179964	self	\N	["Self"]
tt12951130	2	nm9039606	self	\N	["Self"]
tt12951132	1	nm0178808	self	\N	["Self - Host"]
tt12951132	2	nm0178805	self	\N	["Self - Host"]
tt12951132	3	nm2129424	self	\N	["Self - Expert"]
tt12951132	4	nm1330309	self	\N	["Self"]
tt12951132	5	nm3602247	self	\N	["Self"]
tt12951132	6	nm3128783	self	\N	["Self"]
tt12951132	7	nm0915314	self	\N	["Self"]
tt12951138	1	nm9141329	actress	\N	\N
tt12951138	2	nm8763024	director	\N	\N
tt12951140	1	nm9141329	actress	\N	\N
tt12951140	2	nm8763024	director	\N	\N
tt12951144	1	nm8763025	actress	\N	\N
tt12951144	2	nm9141329	actress	\N	\N
tt12951144	3	nm8763024	director	\N	\N
tt12951154	1	nm3399189	self	\N	["Self - Host"]
tt12951154	2	nm8967452	self	\N	["Self - Co-Host"]
tt12951154	3	nm8410471	self	\N	["Self - Co-Host"]
tt12951154	4	nm5731945	self	\N	["Self - Writer and Comedian"]
tt12951154	5	nm10406577	self	\N	["Self - GOP Candidate"]
tt12951154	6	nm2522792	self	\N	["Self - Regulation Economics"]
tt12951154	7	nm11837585	self	\N	["Self - Stockholm Doctor"]
tt12951154	8	nm0874339	archive_footage	\N	["Self"]
tt12951154	9	nm1936306	archive_footage	\N	["Self"]
tt12951158	1	nm0178808	self	\N	["Self - Host"]
tt12951158	2	nm0178805	self	\N	["Self - Host"]
tt12951158	3	nm2129424	self	\N	["Self - Expert"]
tt12951158	4	nm3472405	self	\N	["Self"]
tt12951158	5	nm3876383	self	\N	["Self"]
tt12951158	6	nm1012319	self	\N	["Self"]
tt12951158	7	nm1255140	self	\N	["Self"]
tt12951162	1	nm6179964	self	\N	["Self"]
tt12951162	2	nm9039606	self	\N	["Self"]
tt12951166	1	nm0178808	self	\N	["Self - Host"]
tt12951166	2	nm0178805	self	\N	["Self - Host"]
tt12951166	3	nm2129424	self	\N	["Self - Expert"]
tt12951166	4	nm3166737	self	\N	["Self"]
tt12951166	5	nm0211140	self	\N	["Self"]
tt12951166	6	nm2808715	self	\N	["Self"]
tt12951166	7	nm0889303	self	\N	["Self"]
tt12951168	1	nm0049154	self	\N	["Self - Host"]
tt12951168	2	nm3167866	self	\N	["Self - Host"]
tt12951168	3	nm5936326	self	\N	["Self"]
tt12951174	1	nm7357893	self	\N	["Self"]
tt12951174	2	nm1941140	self	\N	["Self"]
tt12951174	3	nm4683269	self	\N	["Self"]
tt12951176	10	nm5287661	cinematographer	\N	\N
tt12951176	1	nm4852549	actress	\N	["Amber"]
tt12951176	2	nm5087860	actor	\N	["Kato Plasma"]
tt12951176	3	nm2164767	actor	\N	["Billy the Butcher"]
tt12951176	4	nm3029720	actor	\N	["Cypher Apex Predator"]
tt12951176	5	nm4818968	director	\N	\N
tt12951176	6	nm8779477	writer	collaborating writer	\N
tt12951176	7	nm3571876	producer	executive producer	\N
tt12951176	8	nm5635767	producer	producer	\N
tt12951176	9	nm7789823	composer	\N	\N
tt12951178	1	nm0178808	self	\N	["Self - Host"]
tt12951178	2	nm0178805	self	\N	["Self - Host"]
tt12951182	1	nm6179964	self	\N	["Self"]
tt12951182	2	nm9039606	self	\N	["Self"]
tt12951182	3	nm11508918	self	\N	["Self"]
tt12951184	1	nm9141329	actress	\N	\N
tt12951186	1	nm9625386	director	\N	\N
tt12951186	2	nm11467481	writer	creator	\N
tt12951186	3	nm10038181	writer	creator	\N
tt12951188	1	nm0178808	self	\N	["Self - Host"]
tt12951188	2	nm0178805	self	\N	["Self - Host"]
tt12951188	3	nm3166737	self	\N	["Self"]
tt12951188	4	nm1495541	self	\N	["Self"]
tt12951188	5	nm9367401	self	\N	["Self"]
tt12951188	6	nm0915314	self	\N	["Self"]
tt12951190	1	nm9141329	actress	\N	\N
tt12951194	1	nm9141329	actress	\N	\N
tt12951196	1	nm0049154	self	\N	["Self - Host"]
tt12951196	2	nm3167866	self	\N	["Self - Host"]
tt12951196	3	nm5936326	self	\N	["Self"]
tt12951202	1	nm9141329	actress	\N	\N
tt12951204	1	nm9625386	director	\N	\N
tt12951204	2	nm11467481	writer	creator	\N
tt12951204	3	nm10038181	writer	creator	\N
tt12951214	1	nm8458566	self	\N	["Self - Host"]
tt12951214	2	nm0751917	self	\N	["Self"]
tt12951218	1	nm9625386	director	\N	\N
tt12951218	2	nm11467481	writer	creator	\N
tt12951218	3	nm10038181	writer	creator	\N
tt12951226	1	nm9625386	director	\N	\N
tt12951226	2	nm11467481	writer	creator	\N
tt12951226	3	nm10038181	writer	creator	\N
tt12951232	1	nm9250133	actress	\N	\N
tt12951232	2	nm8770367	director	\N	\N
tt12951234	1	nm0569302	actor	\N	["Tony Dufresne"]
tt12951234	2	nm6511518	actress	\N	["Cynthia Dufresne"]
tt12951234	3	nm5397137	director	\N	\N
tt12951234	4	nm6410409	writer	\N	\N
tt12951234	5	nm11018128	composer	\N	\N
tt12951238	1	nm9250133	actress	\N	\N
tt12951238	2	nm8770367	director	\N	\N
tt12951240	1	nm12033863	actress	\N	["01×05"]
tt12951240	2	nm9625386	director	\N	\N
tt12951240	3	nm11467481	writer	creator	\N
tt12951240	4	nm10038181	writer	creator	\N
tt12951242	1	nm3198812	self	\N	["Self - Host"]
tt12951242	2	nm1912969	actress	\N	\N
tt12951248	1	nm0049154	self	\N	["Self - Host"]
tt12951248	2	nm3167866	self	\N	["Self - Host"]
tt12951248	3	nm1177019	self	\N	["Self"]
tt12951248	4	nm9444786	self	\N	["Self"]
tt12951248	5	nm9444787	self	\N	["Self"]
tt12951252	1	nm4406708	self	\N	["Self - Host"]
tt12951252	2	nm1941140	self	\N	["Self"]
tt12951252	3	nm5304684	self	\N	["Self"]
tt12951252	4	nm6609976	self	\N	["Self"]
tt12951252	5	nm4891962	self	\N	["Self"]
tt12951252	6	nm7734392	self	\N	["Self"]
tt12951252	7	nm6332890	self	\N	["Self"]
tt12951256	1	nm11639875	self	\N	["Self - Host"]
tt12951258	1	nm8458566	self	\N	["Self - Host"]
tt12951258	2	nm2106805	self	\N	["Self"]
tt12951260	1	nm8774435	actress	\N	\N
tt12951260	2	nm8770367	director	\N	\N
tt12951264	1	nm8458566	self	\N	["Self - Host"]
tt12951264	2	nm0798189	self	\N	["Self"]
tt12951268	1	nm8774435	actress	\N	\N
tt12951268	2	nm8774434	director	\N	\N
tt12951270	1	nm12787688	actress	\N	["Bianca"]
tt12951270	2	nm9909151	actor	\N	["Dominic"]
tt12951270	3	nm9893669	actor	\N	["Kyle"]
tt12951270	4	nm9350876	actress	\N	["Heather"]
tt12951272	1	nm9630442	director	\N	\N
tt12951274	10	nm7136627	self	\N	["Self"]
tt12951274	1	nm0607375	self	\N	["Self","Narrator"]
tt12951274	2	nm10688762	self	\N	["Self"]
tt12951274	3	nm2282342	self	\N	["Self"]
tt12951274	4	nm1075350	self	\N	["Self"]
tt12951274	5	nm3351790	director	\N	\N
tt12951274	6	nm11916398	editor	film editor	\N
tt12951274	7	nm1692875	self	\N	["Self"]
tt12951274	8	nm10688182	self	\N	["Self"]
tt12951274	9	nm3996207	self	\N	["Self"]
tt12951276	1	nm0049154	self	\N	["Self - Host"]
tt12951276	2	nm3167866	self	\N	["Self - Host"]
tt12951276	3	nm0049179	self	\N	["Self - Announcer"]
tt12951276	4	nm1133677	self	\N	["Self"]
tt12951278	1	nm10481299	actress	\N	\N
tt12951278	2	nm8774435	actress	\N	\N
tt12951278	3	nm8774434	director	\N	\N
tt12951280	1	nm6179964	self	\N	["Self"]
tt12951280	2	nm9039606	self	\N	["Self"]
tt12951282	1	nm8774435	actress	\N	\N
tt12951282	2	nm8774434	director	\N	\N
tt12951284	1	nm8774435	actress	\N	\N
tt12951284	2	nm8774434	director	\N	\N
tt12951288	1	nm3349620	self	\N	["Self - Host"]
tt12951292	1	nm6179964	self	\N	["Self"]
tt12951292	2	nm9039606	self	\N	["Self"]
tt12951292	3	nm4562801	editor	\N	\N
tt12951296	1	nm5038796	actress	\N	["Nessa"]
tt12951296	2	nm9350876	actress	\N	["Miri"]
tt12951298	1	nm0049154	self	\N	["Self - Host"]
tt12951298	2	nm3167866	self	\N	["Self - Host"]
tt12951298	3	nm7091373	self	\N	["Self"]
tt12951298	4	nm11573745	self	\N	["Self - Announcer"]
tt12951302	1	nm0049154	self	\N	["Self - Host"]
tt12951302	2	nm3167866	self	\N	["Self - Host"]
tt12951302	3	nm7091373	self	\N	["Self"]
tt12951304	1	nm11837601	actress	\N	\N
tt12951304	2	nm11837600	director	\N	\N
tt12951306	10	nm5308604	self	\N	["Self"]
tt12951306	1	nm2048172	self	\N	["Self"]
tt12951306	2	nm8103409	self	\N	["Self"]
tt12951306	3	nm8103408	self	\N	["Self"]
tt12951306	4	nm5709538	self	\N	["Self"]
tt12951306	5	nm9517201	self	\N	["Self"]
tt12951306	6	nm8235368	self	\N	["Self"]
tt12951306	7	nm9818045	self	\N	["Self"]
tt12951306	8	nm11465654	self	\N	["Self"]
tt12951306	9	nm11264691	self	\N	["Self"]
tt12951318	10	nm3817650	editor	\N	\N
tt12951318	1	nm0006428	archive_footage	\N	["Self - Interviewee"]
tt12951318	2	nm0004877	archive_footage	\N	["Self - Interviewee"]
tt12951318	3	nm0319497	archive_footage	\N	["Self - Movie Trailer Narrator"]
tt12951318	4	nm0001335	archive_footage	\N	["Self - Interviewee"]
tt12951318	5	nm1415454	writer	\N	\N
tt12951318	6	nm2428445	writer	\N	\N
tt12951318	7	nm0700098	producer	producer	\N
tt12951318	8	nm0353418	editor	\N	\N
tt12951318	9	nm9278727	editor	\N	\N
tt12951332	1	nm2519799	self	\N	["Self - Host"]
tt12951336	1	nm2519799	self	\N	["Self"]
tt12951336	2	nm11221922	self	\N	["Self"]
tt12951338	10	nm1037430	producer	producer	\N
tt12951338	1	nm8810412	actress	\N	["Tohru Honda"]
tt12951338	2	nm4858403	actor	\N	["Yuki Soma"]
tt12951338	3	nm6793636	actor	\N	["Kyo Soma"]
tt12951338	4	nm1697606	actor	\N	["Shigure Soma"]
tt12951338	5	nm7494609	director	\N	\N
tt12951338	6	nm1229042	writer	manga	\N
tt12951338	7	nm4678539	writer	series composition	\N
tt12951338	8	nm9419909	writer	script	\N
tt12951338	9	nm1236503	producer	producer	\N
tt12951344	1	nm11837612	actor	\N	["Junkie"]
tt12951344	2	nm6377872	actor	\N	\N
tt12951346	1	nm3349620	self	\N	["Self - Host"]
tt12951348	1	nm8770614	actress	\N	\N
tt12951350	1	nm13856572	self	\N	["Self"]
tt12951350	2	nm6179964	self	\N	["Self"]
tt12951350	3	nm9039606	self	\N	["Self"]
tt12951352	1	nm10913031	self	\N	["Self - Host"]
tt12951354	1	nm6179964	self	\N	["Self"]
tt12951354	2	nm9039606	self	\N	["Self"]
tt12951354	3	nm4562801	editor	\N	\N
tt12951356	1	nm6179964	self	\N	["Self"]
tt12951356	2	nm9039606	self	\N	["Self"]
tt12951358	1	nm10913031	self	\N	["Self - Host"]
tt12951360	1	nm8770614	actress	\N	\N
tt12951362	1	nm8770614	actress	\N	\N
tt12951364	1	nm8770614	actress	\N	\N
tt12951366	1	nm8770614	actress	\N	\N
tt12951368	1	nm8770614	actress	\N	\N
tt12951370	1	nm8770614	actress	\N	\N
tt12951372	1	nm10925381	self	\N	["Self - Host"]
tt12951374	1	nm1504888	actor	\N	["Svengoolie"]
tt12951374	2	nm1508290	actor	\N	["Doug Graves"]
tt12951374	3	nm1654348	self	\N	["Self - MAD Artist"]
tt12951374	4	nm4883624	director	\N	\N
tt12951374	5	nm7342027	editor	\N	\N
tt12951376	1	nm8770614	self	\N	["Self"]
tt12951376	2	nm8763024	director	\N	\N
tt12951378	1	nm10925381	self	\N	["Self - Host"]
tt12951378	2	nm0723476	archive_footage	\N	["Self"]
tt12951380	1	nm1827047	actor	\N	\N
tt12951382	1	nm8770614	self	\N	["Self"]
tt12951382	2	nm8763024	director	\N	\N
tt12951384	1	nm6179964	self	\N	["Self"]
tt12951384	2	nm9039606	self	\N	["Self"]
tt12951386	1	nm7064236	director	\N	\N
tt12951386	2	nm6557816	director	\N	\N
tt12951388	1	nm6179964	self	\N	["Self"]
tt12951388	2	nm9039606	self	\N	["Self"]
tt12951390	1	nm1975115	actor	\N	["Gary","Horse"]
tt12951392	1	nm1975115	actor	\N	["Gary","Horse"]
tt12951394	1	nm10925381	self	\N	["Self - Host"]
tt12951396	1	nm11384138	actor	\N	["Dan","Danny","Danny G."]
tt12951396	2	nm11600301	actor	\N	["Al","Alan"]
tt12951396	3	nm11616736	actress	\N	["Megan","Maggie","Megan Meg"]
tt12951396	4	nm11215199	actor	\N	["Kevin Wilcox","Kevin","Kev"]
tt12951396	5	nm11798877	director	\N	\N
tt12951396	6	nm10884168	writer	Writer	\N
tt12951396	7	nm11807433	composer	\N	\N
tt12951396	8	nm11592213	cinematographer	\N	\N
tt12951398	1	nm8770614	actress	\N	\N
tt12951400	1	nm8770614	actress	\N	\N
tt12951402	1	nm10925381	self	\N	["Self - Host"]
tt12951404	1	nm8770614	actress	\N	\N
tt12951406	1	nm0832610	actress	\N	\N
tt12951406	2	nm1868533	producer	producer	\N
tt12951406	3	nm1865954	producer	producer	\N
tt12951408	1	nm8770614	actress	\N	\N
tt12951410	1	nm8770614	actress	\N	\N
tt12951412	1	nm8770614	actress	\N	\N
tt12951418	10	nm11610244	self	\N	["Self"]
tt12951418	1	nm11492066	self	\N	["Self","Concerned Student","Crosby"]
tt12951418	2	nm11492068	self	\N	["Self","Base Player","Calan"]
tt12951418	3	nm11609671	actor	\N	["Russian Electrician","Self","Seth"]
tt12951418	4	nm11610224	self	\N	["Self","Player"]
tt12951418	5	nm11609869	actor	\N	["John (Chungus) Wick","Lead Member","Self"]
tt12951418	6	nm11839642	self	\N	["Self","Student"]
tt12951418	7	nm11492071	self	\N	["Self","Connie"]
tt12951418	8	nm11610245	self	\N	["Self"]
tt12951418	9	nm11839266	self	\N	["Self"]
tt12951420	1	nm0797520	self	\N	["Self - Host"]
tt12951420	2	nm11837624	self	\N	["Self - Guest"]
tt12951424	1	nm4361613	actor	\N	["Jake"]
tt12951454	1	nm0797520	self	\N	["Self - Host"]
tt12951470	1	nm3349620	self	\N	["Self - Host"]
tt12951472	10	nm1121416	actor	\N	["Chris Warner"]
tt12951472	1	nm1682582	actor	\N	["Drew McCaskill"]
tt12951472	2	nm5295025	actor	\N	["Curtis Hannah"]
tt12951472	3	nm1486360	actress	\N	["Kate Hannah"]
tt12951472	4	nm4385264	actress	\N	["Kylie Brown"]
tt12951472	5	nm0238135	director	\N	\N
tt12951472	6	nm0028621	writer	story editor	\N
tt12951472	7	nm5764358	writer	\N	\N
tt12951472	8	nm0281737	producer	producer	\N
tt12951472	9	nm10049181	actress	\N	["Becky Reid"]
tt12951482	1	nm0532606	actor	\N	["Hargon"]
tt12951488	1	nm3349620	self	\N	["Self - Host"]
tt12951496	1	nm8355025	writer	written by	\N
tt12951504	1	nm11837637	actress	\N	\N
tt12951506	1	nm0619077	actor	\N	["Hargon"]
tt12951510	1	nm1109397	director	\N	\N
tt12951510	2	nm0573710	director	\N	\N
tt12951510	3	nm4152154	writer	transcription	\N
tt12951510	4	nm0158837	cinematographer	director of photography	\N
tt12951510	5	nm3330255	editor	\N	\N
tt12951514	1	nm6542503	actor	\N	["Dad"]
tt12951514	2	nm10581034	actress	\N	["Woman survivor 1","Mom"]
tt12951514	3	nm12613281	actor	\N	["Man Survivor 2"]
tt12951514	4	nm11837640	actor	\N	["Man Survivor 3"]
tt12951518	1	nm3349620	self	\N	["Self - Host"]
tt12951530	1	nm11837637	actress	\N	\N
tt12951538	1	nm3349620	self	\N	["Self - Host"]
tt12951540	10	nm11839060	actor	\N	["Sange"]
tt12951540	1	nm11837648	actor	\N	["Bill T. Clark"]
tt12951540	2	nm11837649	actress	\N	["Astrid","Francis May Haven"]
tt12951540	3	nm11837650	actor	\N	["Travis Crabtree"]
tt12951540	4	nm6365313	actor	\N	["Arlo"]
tt12951540	5	nm3795423	actress	\N	["Theresa Melita"]
tt12951540	6	nm11837651	actor	\N	["Brick"]
tt12951540	7	nm1756673	actor	\N	["Sam Clark"]
tt12951540	8	nm11837652	actress	\N	["Samantha Clark"]
tt12951540	9	nm11839062	actress	\N	["Nora Pearce"]
tt12951546	1	nm11596727	actor	\N	["David"]
tt12951546	2	nm12313271	actor	\N	["Ben Thomas"]
tt12951546	3	nm9877912	actor	\N	["Trent"]
tt12951546	4	nm4802212	actor	\N	["Kelvin"]
tt12951546	5	nm4806178	director	\N	\N
tt12951546	6	nm7927647	cinematographer	\N	\N
tt12951546	7	nm9457099	cinematographer	\N	\N
tt12951546	8	nm8099221	cinematographer	\N	\N
tt12951546	9	nm5582044	editor	\N	\N
tt12951550	1	nm11006799	actor	\N	["Chester Woof"]
tt12951560	1	nm1866491	actress	\N	["Colonizer woman"]
tt12951560	2	nm4120560	actor	\N	["Jason"]
tt12951560	3	nm4903687	actress	\N	["Girlfriend"]
tt12951560	4	nm8050898	actress	\N	["Daughter"]
tt12951560	5	nm11837664	director	\N	\N
tt12951560	6	nm6786718	producer	producer	\N
tt12951560	7	nm2548671	producer	producer	\N
tt12951560	8	nm4339679	cinematographer	director of photography	\N
tt12951560	9	nm6905545	actress	\N	["Latricia"]
tt12951564	1	nm9366715	actor	\N	["Leo"]
tt12951572	1	nm1504888	actor	\N	["Svengoolie"]
tt12951572	2	nm1508290	actor	\N	["Doug Graves"]
tt12951572	3	nm4883624	director	\N	\N
tt12951572	4	nm7342027	editor	\N	\N
tt12951592	10	nm11843139	self	\N	["Self"]
tt12951592	1	nm0131053	self	\N	["Self - Host"]
tt12951592	2	nm1508579	self	\N	["Self - Challenge Master"]
tt12951592	3	nm11843141	self	\N	["Self"]
tt12951592	4	nm11843140	self	\N	["Self"]
tt12951592	5	nm9263349	producer	producer	\N
tt12951592	6	nm11843143	self	\N	["Self"]
tt12951592	7	nm11843142	self	\N	["Self"]
tt12951592	8	nm12087453	self	\N	["Self"]
tt12951592	9	nm12087454	self	\N	["Self"]
tt12951594	10	nm11843138	self	\N	["Self"]
tt12951594	1	nm0131053	self	\N	["Self - Host"]
tt12951594	2	nm11843141	self	\N	["Self"]
tt12951594	3	nm11843140	self	\N	["Self"]
tt12951594	4	nm11843143	self	\N	["Self"]
tt12951594	5	nm9263349	producer	producer	\N
tt12951594	6	nm11843142	self	\N	["Self"]
tt12951594	7	nm12087453	self	\N	["Self"]
tt12951594	8	nm12087454	self	\N	["Self"]
tt12951594	9	nm11843139	self	\N	["Self"]
tt12951596	10	nm11843138	self	\N	["Self"]
tt12951596	1	nm0131053	self	\N	["Self - Host"]
tt12951596	2	nm11843141	self	\N	["Self"]
tt12951596	3	nm11843140	self	\N	["Self"]
tt12951596	4	nm11843143	self	\N	["Self"]
tt12951596	5	nm9263349	producer	producer	\N
tt12951596	6	nm11843142	self	\N	["Self"]
tt12951596	7	nm12087453	self	\N	["Self"]
tt12951596	8	nm12087454	self	\N	["Self"]
tt12951596	9	nm11843139	self	\N	["Self"]
tt12951598	1	nm3967981	self	\N	["Self - Co-Host"]
tt12951598	2	nm0078336	actress	\N	\N
tt12951598	3	nm2796866	self	\N	["Self - Co-Host"]
tt12951598	4	nm11801082	editor	output/finish editor	\N
tt12951600	1	nm11281149	actor	\N	["Beth"]
tt12951600	2	nm12920661	actress	\N	["Tina"]
tt12951600	3	nm6787832	actor	\N	["Gavin Wright"]
tt12951600	4	nm5815353	actor	\N	["Kevin Leads"]
tt12951600	5	nm4806178	director	\N	\N
tt12951600	6	nm10076191	cinematographer	\N	\N
tt12951604	1	nm11837689	actor	\N	["Host self"]
tt12951604	2	nm11395071	actress	\N	["Engineer editor"]
tt12951604	3	nm11376856	actor	\N	["Host self"]
tt12951606	1	nm8589146	self	\N	["Self - Co-Host"]
tt12951606	2	nm5675449	self	\N	["Self - Co-Host"]
tt12951606	3	nm9893363	self	\N	["Self - Author, After Life"]
tt12951606	4	nm6818370	self	\N	["Self - Washington Times Legal Affairs Reporter"]
tt12951608	10	nm10945224	self	\N	["Self - Democratic Strategist"]
tt12951608	1	nm8589146	self	\N	["Self - Co-Host"]
tt12951608	2	nm5675449	self	\N	["Self - Co-Host"]
tt12951608	3	nm9073263	self	\N	["Self - Guest Co-Host"]
tt12951608	4	nm0990442	self	\N	["Self - U.S. HUD Secretary"]
tt12951608	5	nm3073753	self	\N	["Self - Fox Business"]
tt12951608	6	nm10515819	self	\N	["Self - Ranking Member, House Oversight Committee"]
tt12951608	7	nm1285367	self	\N	["Self - Fox News Senior Meteorologist"]
tt12951608	8	nm8401508	self	\N	["Self - Trump 2020 Senior Advisor"]
tt12951608	9	nm0233137	self	\N	["Self - Co-Host, Fox & Friends"]
tt12951610	1	nm8589146	self	\N	["Self - Co-Host"]
tt12951610	2	nm5675449	self	\N	["Self - Co-Host"]
tt12951610	3	nm7432792	self	\N	["Self - Former Planned Parenthood Clinic Director"]
tt12951612	1	nm8589146	self	\N	["Self - Co-Host"]
tt12951612	2	nm5675449	self	\N	["Self - Co-Host"]
tt12951612	3	nm10512118	self	\N	["Self - Republican Strategist"]
tt12951616	1	nm8589146	self	\N	["Self - Co-Host"]
tt12951616	2	nm5675449	self	\N	["Self - Co-Host"]
tt12951620	1	nm11801430	actor	\N	["SPC Palouki"]
tt12951622	1	nm4693159	actress	\N	["Lux Rivera"]
tt12951622	2	nm9992103	actor	\N	["Daniel Cho"]
tt12951622	3	nm3818521	actor	\N	["Adan Bradley"]
tt12951622	4	nm2882273	director	\N	\N
tt12951622	5	nm6877677	writer	written by	\N
tt12951630	1	nm2514440	composer	\N	\N
tt12951630	2	nm10055927	composer	\N	\N
tt12951634	1	nm4693159	actress	\N	["Lux Rivera"]
tt12951634	2	nm9992103	actor	\N	["Daniel Cho"]
tt12951634	3	nm3818521	actor	\N	["Adan Bradley"]
tt12951634	4	nm2882273	director	\N	\N
tt12951634	5	nm6877677	writer	written by	\N
tt12951636	1	nm5498255	director	\N	\N
tt12951636	2	nm11837693	director	\N	\N
tt12951636	3	nm11627589	director	\N	\N
tt12951640	1	nm3602115	self	\N	["Self - Co-Host"]
tt12951640	2	nm0233137	self	\N	["Self - Co-Host"]
tt12951640	3	nm0453258	self	\N	["Self - Co-Host"]
tt12951640	4	nm5675449	self	\N	["Self - News Anchor"]
tt12951640	5	nm1285367	self	\N	["Self - Fox News Senior Meteorologist"]
tt12951648	1	nm3602115	self	\N	["Self - Co-Host"]
tt12951648	2	nm0233137	self	\N	["Self - Co-Host"]
tt12951648	3	nm0453258	self	\N	["Self - Co-Host"]
tt12951648	4	nm5675449	self	\N	["Self - News Anchor"]
tt12951648	5	nm1285367	self	\N	["Self - Fox News Senior Meteorologist"]
tt12951650	1	nm3602115	self	\N	["Self - Co-Host"]
tt12951650	2	nm0233137	self	\N	["Self - Co-Host"]
tt12951650	3	nm0453258	self	\N	["Self - Co-Host"]
tt12951650	4	nm5675449	self	\N	["Self - News Anchor"]
tt12951650	5	nm1285367	self	\N	["Self - Fox News Senior Meteorologist"]
tt12951652	1	nm3602115	self	\N	["Self - Co-Host"]
tt12951652	2	nm0233137	self	\N	["Self - Co-Host"]
tt12951652	3	nm0453258	self	\N	["Self - Co-Host"]
tt12951652	4	nm5675449	self	\N	["Self - News Anchor"]
tt12951652	5	nm1285367	self	\N	["Self - Fox News Senior Meteorologist"]
tt12951656	1	nm3602115	self	\N	["Self - Co-Host"]
tt12951656	2	nm0233137	self	\N	["Self - Co-Host"]
tt12951656	3	nm0453258	self	\N	["Self - Co-Host"]
tt12951656	4	nm5675449	self	\N	["Self - News Anchor"]
tt12951656	5	nm1285367	self	\N	["Self - Fox News Senior Meteorologist"]
tt12951658	1	nm11376856	director	\N	\N
tt12951662	1	nm3894364	actress	\N	["Natalie"]
tt12951662	2	nm7463843	actor	\N	["Matt Phillips"]
tt12951662	3	nm9644012	actress	\N	["Kate Foster"]
tt12951662	4	nm11837685	actress	\N	["Mariah"]
tt12951662	5	nm4806178	director	\N	\N
tt12951662	6	nm5582044	writer	\N	\N
tt12951662	7	nm9110142	actor	\N	["Garrett"]
tt12951662	8	nm8655861	actor	\N	["Nikki"]
tt12951662	9	nm11837699	actor	\N	["Connor"]
tt12951664	1	nm8070375	actor	\N	["Toby"]
tt12951668	1	nm11218547	actor	\N	["Devon Dedle","Devon"]
tt12951668	2	nm10660579	actress	\N	["Mary Herbert","Mary"]
tt12951668	3	nm11798877	actress	\N	["Dee Dee Nosewothy"]
tt12951668	4	nm10884168	actor	\N	["Mackenzie Kenzie Paterson","Mackenzie","Kenzie"]
tt12951668	5	nm11740942	writer	Writer	\N
tt12951668	6	nm11215200	writer	Writer	\N
tt12951668	7	nm11592213	writer	Writer	\N
tt12951668	8	nm11215199	writer	Writer	\N
tt12951668	9	nm11807433	composer	\N	\N
tt12951670	10	nm6713378	editor	\N	\N
tt12951670	1	nm2000144	actress	\N	["Samantha"]
tt12951670	2	nm5621902	actor	\N	["AJ"]
tt12951670	3	nm0948272	actor	\N	["Corey"]
tt12951670	4	nm0363885	actress	\N	["Mama"]
tt12951670	5	nm1105668	director	\N	\N
tt12951670	6	nm0795600	writer	written by	\N
tt12951670	7	nm1499970	producer	producer	\N
tt12951670	8	nm1872371	composer	\N	\N
tt12951670	9	nm9537681	cinematographer	\N	\N
tt12951676	10	nm6713378	editor	\N	\N
tt12951676	1	nm2000144	actress	\N	["Samantha"]
tt12951676	2	nm5621902	actor	\N	["AJ"]
tt12951676	3	nm0948272	actor	\N	["Corey"]
tt12951676	4	nm0363885	actress	\N	["Mama"]
tt12951676	5	nm1105668	director	\N	\N
tt12951676	6	nm0795600	writer	written by	\N
tt12951676	7	nm1499970	producer	producer	\N
tt12951676	8	nm1872371	composer	\N	\N
tt12951676	9	nm9537681	cinematographer	\N	\N
tt12951678	1	nm2942959	actress	\N	\N
tt12951678	2	nm13963340	actress	\N	\N
tt12951678	3	nm11837702	actor	\N	\N
tt12951682	10	nm6713378	editor	\N	\N
tt12951682	1	nm2000144	actress	\N	["Samantha"]
tt12951682	2	nm5621902	actor	\N	["AJ"]
tt12951682	3	nm0948272	actor	\N	["Corey"]
tt12951682	4	nm0363885	actress	\N	["Mama"]
tt12951682	5	nm1105668	director	\N	\N
tt12951682	6	nm0795600	writer	written by	\N
tt12951682	7	nm1499970	producer	producer	\N
tt12951682	8	nm1872371	composer	\N	\N
tt12951682	9	nm9537681	cinematographer	\N	\N
tt12951686	10	nm11262168	actress	\N	["Her"]
tt12951686	1	nm11833188	actress	\N	["Yeon-Mi"]
tt12951686	2	nm9847867	actor	\N	["Taeyoung"]
tt12951686	3	nm11837704	actress	\N	["Bowoo"]
tt12951686	4	nm11837705	actress	\N	["Counselor"]
tt12951686	5	nm2320985	director	\N	\N
tt12951686	6	nm7562369	producer	producer	\N
tt12951686	7	nm8904069	composer	\N	\N
tt12951686	8	nm5934308	cinematographer	\N	\N
tt12951686	9	nm9078035	actress	\N	["Juri"]
tt12951688	1	nm11837689	actor	\N	["Editor"]
tt12951688	2	nm11395071	director	\N	\N
tt12951692	10	nm6713378	editor	\N	\N
tt12951692	1	nm2000144	actress	\N	["Samantha"]
tt12951692	2	nm5621902	actor	\N	["AJ"]
tt12951692	3	nm0948272	actor	\N	["Corey"]
tt12951692	4	nm3858768	actress	\N	["Jojo"]
tt12951692	5	nm1105668	director	\N	\N
tt12951692	6	nm0795600	writer	written by	\N
tt12951692	7	nm1499970	producer	producer	\N
tt12951692	8	nm1872371	composer	\N	\N
tt12951692	9	nm9537681	cinematographer	\N	\N
tt12951700	1	nm8401975	self	\N	["Self - Artist"]
tt12951700	2	nm1738712	director	\N	\N
tt12951704	10	nm6713378	editor	\N	\N
tt12951704	1	nm2000144	actress	\N	["Samantha"]
tt12951704	2	nm5621902	actor	\N	["AJ"]
tt12951704	3	nm0948272	actor	\N	["Corey"]
tt12951704	4	nm0363885	actress	\N	["Mama"]
tt12951704	5	nm1105668	director	\N	\N
tt12951704	6	nm0795600	writer	written by	\N
tt12951704	7	nm1499970	producer	producer	\N
tt12951704	8	nm1872371	composer	\N	\N
tt12951704	9	nm9537681	cinematographer	\N	\N
tt12951710	1	nm10293856	self	\N	["Self"]
tt12951710	2	nm4490384	director	\N	\N
tt12951712	10	nm2814814	actor	\N	["Andy Sheperd"]
tt12951712	1	nm9746203	archive_footage	\N	["Piper Niven"]
tt12951712	2	nm0082553	archive_footage	\N	["The Dynamite Kid"]
tt12951712	3	nm3107661	archive_footage	\N	["Serena Deeb"]
tt12951712	4	nm0277969	archive_footage	\N	["The Belfast Bruiser"]
tt12951712	5	nm0505391	producer	producer	\N
tt12951712	6	nm0366170	archive_footage	\N	["Bret Hart"]
tt12951712	7	nm2122990	actor	\N	["Nigel McGuinness"]
tt12951712	8	nm5379353	archive_footage	\N	["Jeeves"]
tt12951712	9	nm0559983	archive_footage	\N	["Lord Steven Regal"]
tt12951716	1	nm6025848	actor	\N	["Lola"]
tt12951716	2	nm5628027	actress	\N	["Charlotte"]
tt12951716	3	nm6377872	director	\N	\N
tt12951716	4	nm5312050	composer	\N	\N
tt12951716	5	nm5632910	production_designer	\N	\N
tt12951736	1	nm3054394	self	\N	["Self - Co-Host"]
tt12951738	10	nm2028227	self	\N	["Self - Fox News Correspondent"]
tt12951738	1	nm3054394	self	\N	["Self - Co-Host"]
tt12951738	2	nm2033187	self	\N	["Self - Guest Co-Host"]
tt12951738	3	nm0072506	self	\N	["Self - Fox News Contributor"]
tt12951738	4	nm3628842	self	\N	["Self - Senate Judiciary Committee"]
tt12951738	5	nm5664101	self	\N	["Self - Senate Intelligence Committee"]
tt12951738	6	nm0184547	self	\N	["Self - Fox News Senior Correspondent"]
tt12951738	7	nm1285367	self	\N	["Self - Fox News Senior Meteorologist"]
tt12951738	8	nm3758625	self	\N	["Self - Fox News Correspondent"]
tt12951738	9	nm7361598	self	\N	["Self - Fox News Correspondent"]
tt12951740	1	nm3054394	self	\N	["Self - Co-Host"]
tt12951742	1	nm3054394	self	\N	["Self - Co-Host"]
tt12951742	2	nm4449058	self	\N	["Self - White House Press Secretary"]
tt12951744	1	nm3054394	self	\N	["Self - Co-Host"]
tt12951750	10	nm11850587	actress	\N	["Suji & A38"]
tt12951750	1	nm12724905	actress	\N	["Yujin"]
tt12951750	2	nm9078035	actress	\N	["Juri"]
tt12951750	3	nm11833188	actress	\N	["Yeon-Mi"]
tt12951750	4	nm8026616	actor	\N	["Diego"]
tt12951750	5	nm2320985	director	\N	\N
tt12951750	6	nm9847867	producer	producer	\N
tt12951750	7	nm8904069	composer	\N	\N
tt12951750	8	nm5934308	cinematographer	\N	\N
tt12951750	9	nm11689669	actor	\N	["Attorney Sa"]
tt12951752	1	nm1397524	actress	\N	\N
tt12951752	2	nm0438467	actor	\N	\N
tt12951752	3	nm1024847	actor	\N	\N
tt12951752	4	nm1541844	actress	\N	\N
tt12951752	5	nm11757917	director	\N	\N
tt12951754	10	nm11262168	actress	\N	["Her"]
tt12951754	1	nm12724905	actress	\N	["Yujin"]
tt12951754	2	nm8026616	actor	\N	["Diego"]
tt12951754	3	nm5913010	actress	\N	["Rosa"]
tt12951754	4	nm3349075	actor	\N	["Jose"]
tt12951754	5	nm2320985	director	\N	\N
tt12951754	6	nm9847867	producer	producer	\N
tt12951754	7	nm8904069	composer	\N	\N
tt12951754	8	nm5934308	cinematographer	\N	\N
tt12951754	9	nm11850587	actress	\N	["Suji & A38"]
tt12951760	1	nm5834792	actor	\N	["Revjc"]
tt12951762	10	nm11678037	actor	\N	["Keith"]
tt12951762	1	nm7899202	actor	\N	["Troy"]
tt12951762	2	nm9755510	actress	\N	["Alisha"]
tt12951762	3	nm12237104	actress	\N	["Candy"]
tt12951762	4	nm12197638	actor	\N	["Jaccob"]
tt12951762	5	nm11737413	director	\N	\N
tt12951762	6	nm11361490	cinematographer	\N	\N
tt12951762	7	nm3979473	editor	\N	\N
tt12951762	8	nm11931580	actor	\N	["Chase"]
tt12951762	9	nm12193155	actor	\N	["Luis"]
tt12951764	1	nm0093074	actor	\N	["Man"]
tt12951764	2	nm5246548	director	\N	\N
tt12951770	10	nm1621098	actor	\N	["Competitor","self"]
tt12951770	1	nm0031336	actress	\N	["Competitor","self"]
tt12951770	2	nm1755977	actor	\N	["Competitor","self"]
tt12951770	3	nm11837242	actress	\N	["Dancing","self"]
tt12951770	4	nm1155254	actress	\N	["Host","self"]
tt12951770	5	nm11826230	director	\N	\N
tt12951770	6	nm12209450	producer	producer	\N
tt12951770	7	nm12210218	producer	producer	\N
tt12951770	8	nm11725404	composer	\N	\N
tt12951770	9	nm0526022	actor	\N	["Competitor","self"]
tt12951772	1	nm1774069	director	\N	\N
tt12951772	2	nm3235090	cinematographer	\N	\N
tt12951772	3	nm0895698	production_designer	\N	\N
tt12951776	1	nm2139748	self	\N	["Self - Presenter"]
tt12951776	2	nm8332043	self	\N	["Self - Outside Xbox Presenter"]
tt12951780	10	nm12512885	actor	\N	["Young Jegam"]
tt12951780	1	nm3976411	actor	\N	\N
tt12951780	2	nm12391928	actor	\N	["Kamal","Rajan","Ramesh"]
tt12951780	3	nm13805124	actress	\N	["Roma"]
tt12951780	4	nm10787185	actress	\N	\N
tt12951780	5	nm12481273	actress	\N	["Rukhsar"]
tt12951780	6	nm7941771	actor	\N	\N
tt12951780	7	nm9829583	actress	\N	["Rashmi"]
tt12951780	8	nm13097921	actor	\N	\N
tt12951780	9	nm11840602	actor	\N	\N
tt12951782	1	nm0124579	actor	\N	\N
tt12951782	2	nm9650005	actor	\N	\N
tt12951782	3	nm8834060	composer	\N	\N
tt12951782	4	nm2701843	cinematographer	director of photography	\N
tt12951782	5	nm6944171	editor	\N	\N
tt12951784	10	nm11849631	actor	\N	["Jacob"]
tt12951784	1	nm11849633	actor	\N	["Tony"]
tt12951784	2	nm9756210	actress	\N	["Albina"]
tt12951784	3	nm7644716	actress	\N	["DJ"]
tt12951784	4	nm11849632	actor	\N	["Julio"]
tt12951784	5	nm9715601	director	\N	\N
tt12951784	6	nm8110499	producer	producer	\N
tt12951784	7	nm2354920	editor	\N	\N
tt12951784	8	nm11849637	actor	\N	["James"]
tt12951784	9	nm11849634	actor	\N	["James"]
tt12951786	10	nm10285922	actor	\N	["Mike Law"]
tt12951786	1	nm11273193	actress	\N	["Queen Aminata"]
tt12951786	2	nm5653659	actor	\N	["Marc Angel"]
tt12951786	3	nm11837752	actor	\N	["Vanessa Azuré"]
tt12951786	4	nm10306511	actor	\N	["Jamie Senegal"]
tt12951786	5	nm10285930	director	\N	\N
tt12951786	6	nm11837753	actor	\N	["Calvin Couture"]
tt12951786	7	nm10285929	actor	\N	["Xavier Cross"]
tt12951786	8	nm11837751	actor	\N	["DDS"]
tt12951786	9	nm7760927	actress	\N	["Ray Lyn"]
tt12951788	1	nm11215200	actress	\N	["Teryn Anderson","Teryn"]
tt12951788	2	nm11218547	actor	\N	["Devon Dedle","Devon"]
tt12951788	3	nm10660579	actress	\N	["Mary Herbert","Mary"]
tt12951788	4	nm11798877	actress	\N	["Dee Dee"]
tt12951788	5	nm10884168	director	\N	\N
tt12951788	6	nm11215199	producer	executive producer	\N
tt12951788	7	nm11807433	composer	\N	\N
tt12951788	8	nm11592213	cinematographer	\N	\N
tt12951794	1	nm4663859	self	\N	["Self - Presenter"]
tt12951794	2	nm2139748	self	\N	["Self - Presenter"]
tt12951796	10	nm1489893	actress	\N	["Competitor","self"]
tt12951796	1	nm4409511	actor	\N	["Competitor","self"]
tt12951796	2	nm1330418	actress	\N	["Competitor","self"]
tt12951796	3	nm11837242	actress	\N	["Dancing","self"]
tt12951796	4	nm1155254	actress	\N	["Host","self"]
tt12951796	5	nm11826230	director	\N	\N
tt12951796	6	nm12209450	producer	producer	\N
tt12951796	7	nm12210218	producer	producer	\N
tt12951796	8	nm11725404	composer	\N	\N
tt12951796	9	nm1887869	actor	\N	["Competitor","self"]
tt12951798	1	nm3583085	actor	\N	["Black Man"]
tt12951798	2	nm3628877	producer	producer	\N
tt12951798	3	nm11837762	producer	producer	\N
tt12951798	4	nm1087139	producer	producer	\N
tt12951802	1	nm8297298	actress	\N	["Olivia"]
tt12951802	2	nm10557810	actress	\N	["Alyssa"]
tt12951802	3	nm9423256	actor	\N	["John"]
tt12951802	4	nm8335775	actor	\N	["Trevor"]
tt12951802	5	nm10853787	director	\N	\N
tt12951802	6	nm9672908	cinematographer	\N	\N
tt12951802	7	nm10067814	cinematographer	\N	\N
tt12951804	1	nm3976411	actor	\N	\N
tt12951804	2	nm13458446	director	\N	\N
tt12951804	3	nm12729208	writer	written by	\N
tt12951804	4	nm12452557	cinematographer	\N	\N
tt12951804	5	nm12452542	cinematographer	\N	\N
tt12951806	1	nm11837770	actor	\N	["Singer - First Love"]
tt12951806	2	nm11837772	actor	\N	["Singer - First Love"]
tt12951806	3	nm11837771	actor	\N	["Singer - First Love"]
tt12951806	4	nm11837773	actor	\N	["Singer - First Love"]
tt12951806	5	nm0588079	director	\N	\N
tt12951806	6	nm0589464	producer	producer	\N
tt12951806	7	nm0338490	cinematographer	director of photography	\N
tt12951806	8	nm11837774	actress	\N	["The Freaky Girl"]
tt12951808	1	nm0196909	actress	\N	["Wendy"]
tt12951808	2	nm9773818	actor	\N	["Mr. Lugo"]
tt12951808	3	nm10270721	actor	\N	["Bank Manager"]
tt12951808	4	nm9189033	actor	\N	["Josh"]
tt12951808	5	nm5526320	director	\N	\N
tt12951808	6	nm12076700	producer	producer	\N
tt12951808	7	nm12450208	cinematographer	director of photography	\N
tt12951808	8	nm9320940	editor	\N	\N
tt12951808	9	nm11756368	editor	\N	\N
tt12951810	1	nm4663859	self	\N	["Self - Presenter"]
tt12951810	2	nm2139748	self	\N	["Self - Presenter"]
tt12951812	10	nm11837799	actor	\N	["Competitor","self"]
tt12951812	1	nm0087767	actor	\N	["Competitor","self"]
tt12951812	2	nm11837242	actress	\N	["Dancing","self"]
tt12951812	3	nm11837798	actor	\N	["Competitor","self"]
tt12951812	4	nm1155254	actress	\N	["Host","self"]
tt12951812	5	nm11826230	director	\N	\N
tt12951812	6	nm12209450	producer	producer	\N
tt12951812	7	nm12210218	producer	producer	\N
tt12951812	8	nm11725404	composer	\N	\N
tt12951812	9	nm0317755	actress	\N	["Competitor","self"]
tt12951816	1	nm9058120	actor	\N	["Mark Baker"]
tt12951816	2	nm7746304	actress	\N	["Lynda Baker"]
tt12951816	3	nm10188245	actor	\N	["Donavan Baker"]
tt12951816	4	nm8871537	actor	\N	["Daniel Augsut"]
tt12951816	5	nm6483649	director	\N	\N
tt12951816	6	nm7794123	producer	producer	\N
tt12951816	7	nm4209922	composer	\N	\N
tt12951816	8	nm7263387	editor	\N	\N
tt12951818	1	nm5691548	writer	written by	\N
tt12951820	1	nm11837805	actor	\N	["The Photographer"]
tt12951820	2	nm8460305	director	\N	\N
tt12951820	3	nm11837806	composer	\N	\N
tt12951822	1	nm5652442	director	\N	\N
tt12951824	1	nm3976411	actor	\N	\N
tt12951824	2	nm13458446	director	\N	\N
tt12951824	3	nm12729208	writer	written by	\N
tt12951824	4	nm12322226	producer	producer	\N
tt12951824	5	nm6421940	producer	producer	\N
tt12951824	6	nm12452557	cinematographer	\N	\N
tt12951824	7	nm12452542	cinematographer	\N	\N
tt12951826	1	nm6711730	actor	\N	["Man"]
tt12951826	2	nm4107928	actor	\N	["OB"]
tt12951826	3	nm2089114	actor	\N	["Paul"]
tt12951826	4	nm11837810	director	co-director	\N
tt12951830	1	nm2139748	self	\N	["Self - Presenter"]
tt12951830	2	nm4663859	self	\N	["Self - Presenter"]
tt12951832	1	nm0093074	actor	\N	["Man"]
tt12951832	2	nm11837812	director	\N	\N
tt12951836	1	nm4663859	self	\N	["Self - Presenter"]
tt12951836	2	nm2139748	self	\N	["Self - Presenter"]
tt12951840	1	nm11837816	actress	\N	["Karen"]
tt12951840	2	nm4736185	actor	\N	["Detective"]
tt12951840	3	nm9563981	actress	\N	["Victim"]
tt12951840	4	nm4883824	actress	\N	["Doctor"]
tt12951840	5	nm7302314	composer	\N	\N
tt12951840	6	nm3605631	cinematographer	director of photography	\N
tt12951844	1	nm0093074	actor	\N	["Mr. R"]
tt12951844	2	nm1850131	director	\N	\N
tt12951846	10	nm5871452	composer	\N	\N
tt12951846	1	nm0004365	actor	\N	["Pluto"]
tt12951846	2	nm8140069	actress	\N	["Vera Collins"]
tt12951846	3	nm8425817	actress	\N	["Sam Taylor"]
tt12951846	4	nm6415574	actor	\N	["Del Collins"]
tt12951846	5	nm8375627	director	\N	\N
tt12951846	6	nm7162946	writer	screenplay	\N
tt12951846	7	nm3055344	writer	screenplay	\N
tt12951846	8	nm0490375	producer	producer	\N
tt12951846	9	nm1700105	composer	\N	\N
tt12951848	1	nm10606865	actor	\N	["Agent Midol"]
tt12951848	2	nm11837820	director	\N	\N
tt12951848	3	nm11410285	writer	\N	\N
tt12951854	10	nm11717865	actor	\N	["Yod"]
tt12951854	1	nm8528863	actor	\N	["Man","Poramet Kiatkriangkrai"]
tt12951854	2	nm8528876	actor	\N	["Saifah"]
tt12951854	3	nm11232946	actress	\N	["Dandao","Dao"]
tt12951854	4	nm11717863	actress	\N	["Hongyok"]
tt12951854	5	nm11717861	director	\N	\N
tt12951854	6	nm1505145	actor	\N	["Arun"]
tt12951854	7	nm11717246	actor	\N	["Kawin"]
tt12951854	8	nm2206989	actor	\N	["Wanchai Kiatkriangkrai"]
tt12951854	9	nm2565180	actor	\N	["Sing"]
tt12951856	1	nm11181563	actor	\N	["Jonny"]
tt12951856	2	nm10327651	actor	\N	["Soso"]
tt12951856	3	nm10428705	actress	\N	["Rosie"]
tt12951856	4	nm1622035	actress	\N	["Carol"]
tt12951856	5	nm10849331	actor	\N	["Donald"]
tt12951858	10	nm0647399	self	\N	["Self"]
tt12951858	1	nm3277262	self	\N	["Themselves"]
tt12951858	2	nm3164206	self	\N	["Themselves"]
tt12951858	3	nm3225068	self	\N	["Themselves"]
tt12951858	4	nm11837829	self	\N	["Themselves"]
tt12951858	5	nm0139264	self	\N	["Self"]
tt12951858	6	nm0141853	self	\N	["Self"]
tt12951858	7	nm3861797	self	\N	["Self"]
tt12951858	8	nm1941899	self	\N	["Self"]
tt12951858	9	nm1426968	self	\N	["Self - Host"]
tt12951860	1	nm9558872	self	\N	["Self"]
tt12951860	2	nm11837834	self	\N	["Self"]
tt12951864	1	nm9558872	self	\N	["Self"]
tt12951866	1	nm0444858	actor	\N	["Hank Kidd (2021)"]
tt12951868	10	nm2373237	self	\N	["Self"]
tt12951868	1	nm0026053	self	\N	["Self"]
tt12951868	2	nm3633850	self	\N	["Themselves"]
tt12951868	3	nm1349094	self	\N	["Self"]
tt12951868	4	nm2558242	self	\N	["Self"]
tt12951868	5	nm3341998	self	\N	["Self"]
tt12951868	6	nm2016497	self	\N	["Self"]
tt12951868	7	nm4203922	self	\N	["Self"]
tt12951868	8	nm1821115	self	\N	["Self"]
tt12951868	9	nm4471346	self	\N	["Self"]
tt12951870	10	nm0412628	actor	\N	["Mashin Shovellow"]
tt12951870	1	nm11278708	actor	\N	["Juru Atsuta","Kiramai Red"]
tt12951870	2	nm9168977	actor	\N	["Tametomo Imizu","Kiramai Yellow"]
tt12951870	3	nm11278709	actress	\N	["Sena Hayami","Kiramai Green"]
tt12951870	4	nm6552464	actor	\N	["Shiguru Oshikiri","Kiramai Blue"]
tt12951870	5	nm0441359	director	\N	\N
tt12951870	6	nm10687740	writer	screenplay	\N
tt12951870	7	nm7360452	actress	\N	["Sayo Oharu","Kiramai Pink"]
tt12951870	8	nm11640866	actor	\N	["Takamichi Crystalia","Kiramai Silver"]
tt12951870	9	nm0840720	actor	\N	["Mashin Fire"]
tt12951874	10	nm9431116	actress	\N	["Kiara (2021-)"]
tt12951874	1	nm8447176	actress	\N	["Riddhima Rai Singhania"]
tt12951874	2	nm9040672	actor	\N	["Vansh Rai Singhania"]
tt12951874	3	nm8461050	actor	\N	["Kabir Sharma"]
tt12951874	4	nm13944337	actor	\N	["Pankaj guard"]
tt12951874	5	nm4250085	writer	creator	\N
tt12951874	6	nm12708152	actor	\N	["Mysterious Man"]
tt12951874	7	nm10543544	actor	\N	["Rudra RaiSinghania (2020)"]
tt12951874	8	nm7926775	actress	\N	["(2020)"]
tt12951874	9	nm12325273	actress	\N	["Sia RaiSinghania (2020)"]
tt12951876	1	nm0847715	actress	\N	["Josanna"]
tt12951876	2	nm5160628	director	\N	\N
tt12951876	3	nm2599556	producer	producer	\N
tt12951876	4	nm3911490	composer	\N	\N
tt12951876	5	nm9479683	cinematographer	\N	\N
tt12951876	6	nm9477275	editor	\N	\N
tt12951886	1	nm0886631	director	\N	\N
tt12951886	2	nm0187487	cinematographer	\N	\N
tt12951888	1	nm11837845	self	\N	["Self - Host"]
tt12951888	2	nm11826393	director	\N	\N
tt12951888	3	nm11826395	producer	producer	\N
tt12951890	1	nm0213760	self	\N	["Self - Host"]
tt12951890	2	nm0005429	self	\N	["Self - Co-Host"]
tt12951892	1	nm0213760	self	\N	["Self - Host"]
tt12951892	2	nm0005429	self	\N	["Self - Co-Host"]
tt12951894	1	nm0213760	self	\N	["Self - Host"]
tt12951894	2	nm0005429	self	\N	["Self - Co-Host"]
tt12951896	1	nm0213760	self	\N	["Self - Host"]
tt12951896	2	nm0005429	self	\N	["Self - Co-Host"]
tt12951898	1	nm0213760	self	\N	["Self - Host"]
tt12951898	2	nm0005429	self	\N	["Self - Co-Host"]
tt12951900	1	nm0213760	self	\N	["Self - Host"]
tt12951900	2	nm0005429	self	\N	["Self - Co-Host"]
tt12951902	1	nm0213760	self	\N	["Self - Host"]
tt12951902	2	nm0005429	self	\N	["Self - Co-Host"]
tt12951904	1	nm0213760	self	\N	["Self - Host"]
tt12951904	2	nm0005429	self	\N	["Self - Co-Host"]
tt12951908	1	nm0213760	self	\N	["Self - Host"]
tt12951908	2	nm0005429	self	\N	["Self - Co-Host"]
tt12951910	1	nm0213760	self	\N	["Self - Host"]
tt12951910	2	nm0005429	self	\N	["Self - Co-Host"]
tt12951912	1	nm0213760	self	\N	["Self - Host"]
tt12951912	2	nm0005429	self	\N	["Self - Co-Host"]
tt12951914	1	nm0213760	self	\N	["Self - Host"]
tt12951914	2	nm0005429	self	\N	["Self - Co-Host"]
tt12951916	1	nm0213760	self	\N	["Self - Host"]
tt12951916	2	nm0005429	self	\N	["Self - Co-Host"]
tt12951918	1	nm12087471	actress	\N	["Jade Hagemeier"]
tt12951920	1	nm4663859	self	\N	["Self - Presenter"]
tt12951920	2	nm2139748	self	\N	["Self - Presenter"]
tt12951922	1	nm0213760	self	\N	["Self - Host"]
tt12951922	2	nm1313871	self	\N	["Self - Co-Host"]
tt12951922	3	nm0018955	self	\N	["Self"]
tt12951922	4	nm1580877	self	\N	["Self"]
tt12951922	5	nm2029498	self	\N	["Self"]
tt12951922	6	nm1589816	self	\N	["Self"]
tt12951922	7	nm0496322	self	\N	["Self"]
tt12951926	10	nm2077528	archive_footage	\N	["Bayley"]
tt12951926	1	nm2819311	actress	\N	["Renee Young"]
tt12951926	2	nm0400259	actor	\N	["Booker T"]
tt12951926	3	nm0042524	archive_footage	\N	["'Stone Cold' Steve Austin"]
tt12951926	4	nm6685843	archive_footage	\N	["Sasha Banks"]
tt12951926	5	nm0242658	director	\N	\N
tt12951926	6	nm0130587	archive_footage	\N	["The Undertaker"]
tt12951926	7	nm2811639	archive_footage	\N	["Drew McIntyre"]
tt12951926	8	nm0366170	archive_footage	\N	["Bret Hart"]
tt12951926	9	nm6685842	archive_footage	\N	["Alexa Bliss"]
tt12951928	1	nm1789263	actress	\N	["Vivian"]
tt12951928	2	nm5043282	director	\N	\N
tt12951928	3	nm2020662	composer	\N	\N
tt12951932	10	nm3336031	editor	\N	\N
tt12951932	1	nm8930192	actor	\N	["Xavier De Guzman"]
tt12951932	2	nm9444464	actor	\N	["Mico Ramos"]
tt12951932	3	nm8339982	actress	\N	["Kookai Yambao"]
tt12951932	4	nm9990495	actor	\N	["Seph Policarpio"]
tt12951932	5	nm4423307	director	\N	\N
tt12951932	6	nm9878203	writer	story and screenplay	\N
tt12951932	7	nm6747643	writer	story and screenplay	\N
tt12951932	8	nm2752054	producer	producer	\N
tt12951932	9	nm5748757	cinematographer	\N	\N
tt12951934	1	nm11420385	actress	\N	["Immigrant Child"]
tt12951934	2	nm6674782	director	\N	\N
tt12951940	1	nm4663859	self	\N	["Self - Presenter"]
tt12951940	2	nm8332043	self	\N	["Self - Outside Xbox Presenter"]
tt12951940	3	nm2139748	self	\N	["Self - Presenter"]
tt12951942	1	nm11837855	self	\N	["Self - Host"]
tt12951942	2	nm1690109	self	\N	["Self - Co-Host"]
tt12951942	3	nm0491763	self	\N	["Self"]
tt12951944	1	nm11837855	self	\N	["Self - Host"]
tt12951944	2	nm1690109	self	\N	["Self - Co-Host"]
tt12951944	3	nm0320801	self	\N	["Self"]
tt12951948	10	nm2177878	cinematographer	\N	\N
tt12951948	1	nm0470739	actress	\N	["Uschi Schmitz"]
tt12951948	2	nm1286665	actor	\N	["Alexander Schmitz"]
tt12951948	3	nm0350686	actress	\N	["Evelyn Krings"]
tt12951948	4	nm0869748	actor	\N	["Mathes Krings"]
tt12951948	5	nm0934639	director	\N	\N
tt12951948	6	nm1050734	writer	\N	\N
tt12951948	7	nm0927696	producer	producer	\N
tt12951948	8	nm5624201	composer	\N	\N
tt12951948	9	nm0774782	composer	\N	\N
tt12951950	1	nm8245357	writer	scriptwriter	\N
tt12951950	2	nm2538198	cinematographer	\N	\N
tt12951952	1	nm11837855	self	\N	["Self - Host"]
tt12951952	2	nm1690109	self	\N	["Self - Co-Host"]
tt12951952	3	nm9079287	self	\N	["Self"]
tt12951954	1	nm11837855	self	\N	["Self - Host"]
tt12951954	2	nm1690109	self	\N	["Self - Co-Host"]
tt12951954	3	nm0076888	self	\N	["Self"]
tt12951956	1	nm11837855	self	\N	["Self - Host"]
tt12951956	2	nm1690109	self	\N	["Self - Co-Host"]
tt12951956	3	nm0813219	self	\N	["Self"]
tt12951958	1	nm11837855	self	\N	["Self - Host"]
tt12951958	2	nm1690109	self	\N	["Self - Co-Host"]
tt12951958	3	nm0656541	self	\N	["Self"]
tt12951962	1	nm4501677	writer	dialogue by	\N
tt12951962	2	nm8245357	writer	scriptwriter	\N
tt12951962	3	nm2538198	cinematographer	\N	\N
tt12951964	1	nm11669981	director	\N	\N
tt12951964	2	nm11669982	composer	composer	\N
tt12951968	1	nm4185889	director	\N	\N
tt12951968	2	nm11837863	composer	\N	\N
tt12951970	1	nm0070433	self	\N	["Self - Host"]
tt12951970	2	nm7323914	self	\N	["Self - Host"]
tt12951970	3	nm10515519	self	\N	["Self"]
tt12951970	4	nm10370089	self	\N	["Self"]
tt12951970	5	nm11788118	self	\N	["Self"]
tt12951972	10	nm1853710	self	\N	["Self"]
tt12951972	1	nm0052452	self	\N	["Self"]
tt12951972	2	nm0065025	self	\N	["Self"]
tt12951972	3	nm2442552	self	\N	["Themselves"]
tt12951972	4	nm5968167	self	\N	["Self"]
tt12951972	5	nm5493218	self	\N	["Self"]
tt12951972	6	nm11834034	self	\N	["Self"]
tt12951972	7	nm3509636	self	\N	["Self"]
tt12951972	8	nm4239347	self	\N	["Self"]
tt12951972	9	nm1426968	self	\N	["Self - Host"]
tt12951976	1	nm11837120	self	\N	["Self"]
tt12951976	2	nm11837119	self	\N	["Self"]
tt12951976	3	nm5175654	self	\N	["Self - Host"]
tt12951976	4	nm11837121	self	\N	["Self"]
tt12951976	5	nm11837122	self	\N	["Self"]
tt12951976	6	nm11837123	self	\N	["Self"]
tt12951976	7	nm11837887	self	\N	["Self"]
tt12951976	8	nm8376880	self	\N	["Self - Host"]
tt12951976	9	nm11837118	self	\N	["Self"]
tt12951980	1	nm10830822	self	\N	["Self - Host"]
tt12951980	2	nm4058310	self	\N	["Self - Host"]
tt12951980	3	nm10830823	actor	\N	["Mr. 97 - Self"]
tt12951980	4	nm11837896	self	\N	["Self"]
tt12951980	5	nm11652647	self	\N	["Self"]
tt12951982	1	nm11837900	actor	\N	["Anchor"]
tt12951982	2	nm11837899	actor	\N	["Badra"]
tt12951982	3	nm11837898	actor	\N	["Kali"]
tt12951982	4	nm11484899	actress	\N	["Chithi"]
tt12951982	5	nm11837897	director	\N	\N
tt12951984	1	nm11837901	self	\N	["Self"]
tt12951984	2	nm10830822	self	\N	["Self - Host"]
tt12951984	3	nm4058310	self	\N	["Self - Host"]
tt12951984	4	nm10830823	producer	producer	\N
tt12951990	1	nm0294154	director	\N	\N
tt12951990	2	nm2372545	producer	producer	\N
tt12951990	3	nm11669982	composer	composer	\N
tt12951992	1	nm10830822	self	\N	["Self - Host"]
tt12951992	2	nm4058310	self	\N	["Self - Host"]
tt12951992	3	nm10830823	actor	\N	["Mr. 97 - Self"]
tt12951992	4	nm11652647	self	\N	["Self"]
tt12951994	10	nm1977047	actor	\N	["Benito Rivers"]
tt12951994	1	nm1232282	actor	\N	["Germán Martínez"]
tt12951994	2	nm0897931	actress	\N	["Silvia Olvera"]
tt12951994	3	nm0840823	actor	\N	["Arturo López"]
tt12951994	4	nm9237249	actor	\N	["Rocko Ibargüengoitia"]
tt12951994	5	nm1593711	actress	\N	["Alejandra López"]
tt12951994	6	nm9237248	actor	\N	["Morris Ibargüengoitia"]
tt12951994	7	nm0531252	actress	\N	["Magdalena Pérez"]
tt12951994	8	nm0261228	actress	\N	["Lorena Rivers"]
tt12951994	9	nm0095108	actor	\N	["Frankie Rivers"]
tt12952000	10	nm0592443	self	\N	["Self"]
tt12952000	1	nm0213760	self	\N	["Self - Host"]
tt12952000	2	nm0034079	self	\N	["Self"]
tt12952000	3	nm0041300	self	\N	["Self"]
tt12952000	4	nm0045870	self	\N	["Self"]
tt12952000	5	nm0896429	director	\N	\N
tt12952000	6	nm0000962	self	\N	["Self"]
tt12952000	7	nm0325799	self	\N	["Self"]
tt12952000	8	nm0433564	self	\N	["Self"]
tt12952000	9	nm0544786	self	\N	["Self"]
tt12952002	10	nm1977047	actor	\N	["Benito Rivers"]
tt12952002	1	nm1232282	actor	\N	["Germán Martínez"]
tt12952002	2	nm0897931	actress	\N	["Silvia Olvera"]
tt12952002	3	nm0840823	actor	\N	["Arturo López"]
tt12952002	4	nm9237249	actor	\N	["Rocko Ibargüengoitia"]
tt12952002	5	nm1593711	actress	\N	["Alejandra López"]
tt12952002	6	nm9237248	actor	\N	["Morris Ibargüengoitia"]
tt12952002	7	nm0531252	actress	\N	["Magdalena Pérez"]
tt12952002	8	nm0261228	actress	\N	["Lorena Rivers"]
tt12952002	9	nm0095108	actor	\N	["Frankie Rivers"]
tt12952004	1	nm10830822	self	\N	["Self - Host"]
tt12952004	2	nm4058310	self	\N	["Self - Host"]
tt12952004	3	nm10916496	self	\N	["Self"]
tt12952004	4	nm10830823	producer	producer	\N
tt12952006	1	nm5877089	actress	\N	["Ashley"]
tt12952006	2	nm2268072	actress	\N	["News Reporter"]
tt12952006	3	nm3822892	actor	\N	["Jake"]
tt12952006	4	nm8616148	actor	\N	["Mr. Goldberg"]
tt12952006	5	nm3043632	director	\N	\N
tt12952006	6	nm4580604	producer	producer	\N
tt12952006	7	nm6996136	producer	producer	\N
tt12952006	8	nm11837909	cinematographer	\N	\N
tt12952008	1	nm10830822	self	\N	["Self - Host"]
tt12952008	2	nm4058310	self	\N	["Self - Host"]
tt12952008	3	nm10830823	actor	\N	["Mr. 97 - Self"]
tt12952008	4	nm11774834	self	\N	["Self"]
tt12952008	5	nm11652647	self	\N	["Self"]
tt12952010	10	nm11837118	self	\N	["Self"]
tt12952010	1	nm11837120	self	\N	["Self"]
tt12952010	2	nm11837119	self	\N	["Self"]
tt12952010	3	nm5175654	self	\N	["Self - Host"]
tt12952010	4	nm11837121	self	\N	["Self"]
tt12952010	5	nm11837122	self	\N	["Self"]
tt12952010	6	nm11837123	self	\N	["Self"]
tt12952010	7	nm11837910	self	\N	["Self"]
tt12952010	8	nm11837887	self	\N	["Self"]
tt12952010	9	nm8376880	self	\N	["Self - Host"]
tt12952012	1	nm10830822	self	\N	["Self - Host"]
tt12952012	2	nm4058310	self	\N	["Self - Host"]
tt12952012	3	nm11837911	self	\N	["Self"]
tt12952012	4	nm10830823	producer	producer	\N
tt12952014	1	nm0213760	self	\N	["Self - Host"]
tt12952014	2	nm0000809	self	\N	["Self"]
tt12952016	1	nm0213760	self	\N	["Self - Host"]
tt12952016	2	nm0034079	self	\N	["Self"]
tt12952018	1	nm0213760	self	\N	["Self - Host"]
tt12952018	2	nm0302287	self	\N	["Self"]
tt12952020	1	nm0213760	self	\N	["Self - Host"]
tt12952022	1	nm0213760	self	\N	["Self - Host"]
tt12952022	2	nm0240309	self	\N	["Self"]
tt12952024	1	nm0213760	self	\N	["Self - Host"]
tt12952024	2	nm0537571	self	\N	["Self"]
tt12952028	1	nm10830822	self	\N	["Self - Host"]
tt12952028	2	nm4058310	self	\N	["Self - Host"]
tt12952028	3	nm10830823	actor	\N	["Mr. 97 - Self"]
tt12952028	4	nm11652647	self	\N	["Self"]
tt12952030	1	nm0213760	self	\N	["Self - Host"]
tt12952030	2	nm0532734	self	\N	["Self"]
tt12952032	1	nm0213760	self	\N	["Self - Host"]
tt12952032	2	nm0605957	self	\N	["Self"]
tt12952036	1	nm0213760	self	\N	["Self - Host"]
tt12952036	2	nm1887310	self	\N	["Self"]
tt12952038	1	nm0213760	self	\N	["Self - Host"]
tt12952038	2	nm0498527	self	\N	["Self"]
tt12952040	1	nm0213760	self	\N	["Self - Host"]
tt12952040	2	nm0544786	self	\N	["Self"]
tt12952042	1	nm0213760	self	\N	["Self - Host"]
tt12952042	2	nm0845388	self	\N	["Self"]
tt12952044	1	nm10830822	self	\N	["Self - Host"]
tt12952044	2	nm4058310	self	\N	["Self - Host"]
tt12952044	3	nm10847505	self	\N	["Self"]
tt12952044	4	nm10830823	actor	\N	["Mr. 97 - Self"]
tt12952044	5	nm11652647	self	\N	["Self"]
tt12952046	1	nm0213760	self	\N	["Self - Host"]
tt12952046	2	nm0115730	self	\N	["Self"]
tt12952048	1	nm0213760	self	\N	["Self - Host"]
tt12952048	2	nm0664243	self	\N	["Self"]
tt12952050	1	nm0213760	self	\N	["Self - Host"]
tt12952050	2	nm0129885	self	\N	["Self"]
tt12952052	1	nm10830822	self	\N	["Self - Host"]
tt12952052	2	nm4058310	self	\N	["Self - Host"]
tt12952052	3	nm10830823	actor	\N	["Mr. 97 - Self"]
tt12952052	4	nm11652647	self	\N	["Self"]
tt12952052	5	nm1646562	self	\N	["Self"]
tt12952054	1	nm10830822	self	\N	["Self - Host"]
tt12952054	2	nm4058310	self	\N	["Self - Host"]
tt12952054	3	nm10830823	producer	producer	\N
tt12952058	1	nm0213760	self	\N	["Self - Host"]
tt12952058	2	nm0433564	self	\N	["Self"]
tt12952060	1	nm11837964	director	\N	\N
tt12952060	2	nm0121233	composer	\N	\N
tt12952062	1	nm0213760	self	\N	["Self - Host"]
tt12952062	2	nm0006939	self	\N	["Self"]
tt12952064	1	nm5159292	actor	\N	\N
tt12952064	2	nm11741051	actress	\N	\N
tt12952064	3	nm2192297	actress	\N	["Nana"]
tt12952064	4	nm9096029	director	\N	\N
tt12952064	5	nm6484632	producer	producer	\N
tt12952064	6	nm3476829	composer	\N	\N
tt12952064	7	nm9096030	editor	\N	\N
tt12952066	1	nm0213760	self	\N	["Self - Host"]
tt12952066	2	nm0790878	self	\N	["Self"]
tt12952068	1	nm0213760	self	\N	["Self - Host"]
tt12952068	2	nm0951456	self	\N	["Self"]
tt12952070	1	nm0213760	self	\N	["Self - Host"]
tt12952070	2	nm0419929	self	\N	["Self"]
tt12952072	10	nm0746146	actress	\N	\N
tt12952072	1	nm0081703	actor	\N	\N
tt12952072	2	nm11837970	actress	\N	\N
tt12952072	3	nm11837968	actress	\N	\N
tt12952072	4	nm0310210	actress	\N	\N
tt12952072	5	nm4128569	director	\N	\N
tt12952072	6	nm7202227	actress	\N	\N
tt12952072	7	nm11246442	actress	\N	\N
tt12952072	8	nm11837971	actress	\N	\N
tt12952072	9	nm11837967	actress	\N	\N
tt12952074	1	nm0213760	self	\N	["Self - Host"]
tt12952074	2	nm0349134	self	\N	["Self"]
tt12952076	1	nm0213760	self	\N	["Self - Host"]
tt12952076	2	nm0580440	self	\N	["Self"]
tt12952078	1	nm0213760	self	\N	["Self - Host"]
tt12952078	2	nm0681284	self	\N	["Self"]
tt12952080	1	nm0213760	self	\N	["Self - Host"]
tt12952080	2	nm0166385	self	\N	["Self"]
tt12952082	1	nm0213760	self	\N	["Self - Host"]
tt12952082	2	nm0592443	self	\N	["Self"]
tt12952084	1	nm0213760	self	\N	["Self - Host"]
tt12952084	2	nm0539022	self	\N	["Self"]
tt12952086	1	nm0213760	self	\N	["Self - Host"]
tt12952086	2	nm0356803	self	\N	["Self"]
tt12952088	1	nm0213760	self	\N	["Self - Host"]
tt12952088	2	nm0674606	self	\N	["Self"]
tt12952090	1	nm0213760	self	\N	["Self - Host"]
tt12952090	2	nm0513299	self	\N	["Self"]
tt12952092	1	nm8682505	self	\N	["Self"]
tt12952092	2	nm10830822	self	\N	["Self - Host"]
tt12952092	3	nm4058310	self	\N	["Self - Host"]
tt12952092	4	nm10830823	producer	producer	\N
tt12952094	10	nm11837981	self	\N	["Self"]
tt12952094	1	nm11837120	self	\N	["Self"]
tt12952094	2	nm11837119	self	\N	["Self"]
tt12952094	3	nm5175654	self	\N	["Self - Host"]
tt12952094	4	nm11837121	self	\N	["Self"]
tt12952094	5	nm11837122	self	\N	["Self"]
tt12952094	6	nm11837123	self	\N	["Self"]
tt12952094	7	nm11837910	self	\N	["Self"]
tt12952094	8	nm11837887	self	\N	["Self"]
tt12952094	9	nm8376880	self	\N	["Self - Host"]
tt12952096	1	nm0213760	self	\N	["Self - Host"]
tt12952096	2	nm0221022	self	\N	["Self"]
tt12952098	1	nm0213760	self	\N	["Self - Host"]
tt12952098	2	nm0001352	self	\N	["Self"]
tt12952100	1	nm0213760	self	\N	["Self - Host"]
tt12952100	2	nm0244850	self	\N	["Self"]
tt12952102	1	nm11812552	actor	\N	["Uncle Pete"]
tt12952102	2	nm8730524	actor	\N	["El Vato"]
tt12952104	1	nm0213760	self	\N	["Self - Host"]
tt12952104	2	nm0066159	self	\N	["Self"]
tt12952106	1	nm0213760	self	\N	["Self - Host"]
tt12952106	2	nm0041300	self	\N	["Self"]
tt12952108	1	nm0213760	self	\N	["Self - Host"]
tt12952108	2	nm0517197	self	\N	["Self"]
tt12952110	10	nm0774782	composer	\N	\N
tt12952110	1	nm0470739	actress	\N	["Uschi Schmitz"]
tt12952110	2	nm0649762	actress	\N	["Lisa Habbig"]
tt12952110	3	nm1286665	actor	\N	["Alexander Schmitz"]
tt12952110	4	nm0869748	actor	\N	["Mathes Krings"]
tt12952110	5	nm0934639	director	\N	\N
tt12952110	6	nm0474004	writer	\N	\N
tt12952110	7	nm0537482	writer	\N	\N
tt12952110	8	nm0927696	producer	producer	\N
tt12952110	9	nm5624201	composer	\N	\N
tt12952112	1	nm0213760	self	\N	["Self - Host"]
tt12952112	2	nm0487353	self	\N	["Self"]
tt12952114	1	nm0213760	self	\N	["Self - Host"]
tt12952114	2	nm0597816	self	\N	["Self"]
tt12952116	1	nm0213760	self	\N	["Self - Host"]
tt12952116	2	nm0331754	self	\N	["Self"]
tt12952118	1	nm0213760	self	\N	["Self - Host"]
tt12952118	2	nm11837985	self	\N	["Self"]
tt12952120	1	nm0213760	self	\N	["Self - Host"]
tt12952120	2	nm0267785	self	\N	["Self"]
tt12952122	1	nm11812552	actor	\N	["Uncle Pete","Vito Gold"]
tt12952122	2	nm8730524	actor	\N	["El Vato"]
tt12952124	1	nm0213760	self	\N	["Self - Host"]
tt12952124	2	nm0593306	self	\N	["Self"]
tt12952126	1	nm0213760	self	\N	["Self - Host"]
tt12952126	2	nm0099378	self	\N	["Self"]
tt12952128	1	nm0213760	self	\N	["Self - Host"]
tt12952128	2	nm0001031	self	\N	["Self"]
tt12952130	1	nm0213760	self	\N	["Self - Host"]
tt12952130	2	nm0851724	self	\N	["Self"]
tt12952132	1	nm0213760	self	\N	["Self - Host"]
tt12952132	2	nm0209239	self	\N	["Self"]
tt12952136	1	nm0213760	self	\N	["Self - Host"]
tt12952136	2	nm0161725	self	\N	["Self"]
tt12952138	1	nm0213760	self	\N	["Self - Host"]
tt12952138	2	nm0150520	self	\N	["Self"]
tt12952142	1	nm0213760	self	\N	["Self - Host"]
tt12952142	2	nm0531511	self	\N	["Self"]
tt12952144	1	nm0213760	self	\N	["Self - Host"]
tt12952144	2	nm0294401	self	\N	["Self"]
tt12952146	1	nm0213760	self	\N	["Self - Host"]
tt12952146	2	nm0287637	self	\N	["Self"]
tt12952148	1	nm10830822	self	\N	["Self - Host"]
tt12952148	2	nm4058310	self	\N	["Self - Host"]
tt12952148	3	nm10830823	producer	producer	\N
tt12952150	1	nm0213760	self	\N	["Self - Host"]
tt12952150	2	nm0071114	self	\N	["Self"]
tt12952152	1	nm0213760	self	\N	["Self - Host"]
tt12952152	2	nm0000962	self	\N	["Self"]
tt12952154	1	nm0213760	self	\N	["Self - Host"]
tt12952154	2	nm0320801	self	\N	["Self"]
tt12952156	1	nm0213760	self	\N	["Self - Host"]
tt12952156	2	nm0000945	self	\N	["Self"]
tt12952158	1	nm0213760	self	\N	["Self - Host"]
tt12952158	2	nm0879853	self	\N	["Self"]
tt12952160	1	nm0213760	self	\N	["Self - Host"]
tt12952160	2	nm0951456	self	\N	["Self"]
tt12952162	1	nm0213760	self	\N	["Self - Host"]
tt12952162	2	nm0116035	self	\N	["Self"]
tt12952164	1	nm0213760	self	\N	["Self - Host"]
tt12952164	2	nm0404091	self	\N	["Self"]
tt12952164	3	nm0916616	self	\N	["Self"]
tt12952166	1	nm10830822	self	\N	["Self - Host"]
tt12952166	2	nm4058310	self	\N	["Self - Host"]
tt12952166	3	nm11838007	self	\N	["Self"]
tt12952166	4	nm11838006	self	\N	["Self"]
tt12952166	5	nm10830823	producer	producer	\N
tt12952168	1	nm0213760	self	\N	["Self - Host"]
tt12952168	2	nm1013114	self	\N	["Self"]
tt12952170	1	nm3587250	actor	\N	["Officer Morris"]
tt12952170	2	nm11820577	actor	\N	\N
tt12952170	3	nm2625609	actor	\N	\N
tt12952170	4	nm1975115	actor	\N	["Plumber"]
tt12952172	1	nm0213760	self	\N	["Self - Host"]
tt12952172	2	nm0427262	self	\N	["Self"]
tt12952176	1	nm0213760	self	\N	["Self - Host"]
tt12952176	2	nm0143479	self	\N	["Self"]
tt12952178	1	nm0213760	self	\N	["Self - Host"]
tt12952178	2	nm0643825	self	\N	["Self"]
tt12952182	1	nm0213760	self	\N	["Self - Host"]
tt12952182	2	nm0623899	self	\N	["Self"]
tt12952186	1	nm0213760	self	\N	["Self - Host"]
tt12952186	2	nm0697744	self	\N	["Self"]
tt12952194	1	nm0213760	self	\N	["Self - Host"]
tt12952194	2	nm0492200	self	\N	["Self"]
tt12952196	1	nm0213760	self	\N	["Self - Host"]
tt12952196	2	nm0182946	self	\N	["Self"]
tt12952198	1	nm0213760	self	\N	["Self - Host"]
tt12952198	2	nm0487895	self	\N	["Self"]
tt12952202	10	nm0000125	archive_footage	\N	["Self"]
tt12952202	1	nm4728284	self	\N	["Self - Host"]
tt12952202	2	nm0779567	self	\N	["Self -Guest"]
tt12952202	3	nm0011188	archive_footage	\N	["Self"]
tt12952202	4	nm1976481	archive_footage	\N	["Self"]
tt12952202	5	nm0000789	archive_footage	\N	["Self"]
tt12952202	6	nm0000840	archive_footage	\N	["Self"]
tt12952202	7	nm6117010	archive_footage	\N	["Self"]
tt12952202	8	nm0000967	archive_footage	\N	["Self"]
tt12952202	9	nm0143261	archive_footage	\N	["Self"]
tt12952204	1	nm0213760	self	\N	["Self - Host"]
tt12952204	2	nm0154055	self	\N	["Self"]
tt12952206	1	nm7672770	actor	\N	["Charles Falco"]
tt12952206	2	nm2440022	actor	\N	["Psycho"]
tt12952206	3	nm8831029	actor	\N	["Detective Halliday"]
tt12952206	4	nm8195627	actor	\N	["Paul Derry"]
tt12952206	5	nm1530425	director	\N	\N
tt12952206	6	nm1604637	editor	\N	\N
tt12952206	7	nm5640829	production_designer	\N	\N
tt12952206	8	nm3529717	actor	\N	["Terrible"]
tt12952208	1	nm13389812	director	\N	\N
tt12952210	10	nm1095200	cinematographer	\N	\N
tt12952210	1	nm0934706	actor	\N	["Karl-Heinz Westphal"]
tt12952210	2	nm0470739	actress	\N	["Uschi Schmitz"]
tt12952210	3	nm0775709	actor	\N	["Gerd Schuster"]
tt12952210	4	nm0649762	actress	\N	["Lisa Pawelczik"]
tt12952210	5	nm0026561	director	\N	\N
tt12952210	6	nm0559333	writer	\N	\N
tt12952210	7	nm2786706	producer	producer	\N
tt12952210	8	nm0381891	composer	\N	\N
tt12952210	9	nm0774782	composer	\N	\N
tt12952212	1	nm10830822	self	\N	["Self - Host"]
tt12952212	2	nm4058310	self	\N	["Self - Host"]
tt12952212	3	nm11652647	self	\N	["Self"]
tt12952212	4	nm10830823	producer	producer	\N
tt12952214	1	nm2178052	self	\N	["Self - Co-Host"]
tt12952214	2	nm0290261	self	\N	["Self - Co-Host"]
tt12952214	3	nm4998117	self	\N	["Self - Guest Co-Host"]
tt12952214	4	nm8098962	self	\N	["Self - Guest Co-Host"]
tt12952214	5	nm1972944	self	\N	["Self - Guest Co-Host"]
tt12952214	6	nm1832175	self	\N	["Self - Anchor, Special Report"]
tt12952216	1	nm2178052	self	\N	["Self - Co-Host"]
tt12952216	2	nm0290261	self	\N	["Self - Co-Host"]
tt12952216	3	nm4998117	self	\N	["Self - Guest Co-Host"]
tt12952216	4	nm2166842	self	\N	["Self - Guest Co-Host"]
tt12952216	5	nm1667685	self	\N	["Self - Fox News Contributor"]
tt12952216	6	nm3378918	self	\N	["Self - Fox News Chief Correspondent"]
tt12952216	7	nm8543579	self	\N	["Self - Fox News Meteorologist"]
tt12952218	1	nm2178052	self	\N	["Self - Co-Host"]
tt12952218	2	nm0290261	self	\N	["Self - Co-Host"]
tt12952218	3	nm4998117	self	\N	["Self - Guest Co-Host"]
tt12952218	4	nm1972944	self	\N	["Self - Guest Co-Host"]
tt12952218	5	nm5214654	self	\N	["Self - Fox News Contributor"]
tt12952218	6	nm8543579	self	\N	["Self - Fox News Meteorologist"]
tt12952220	1	nm2178052	self	\N	["Self - Co-Host"]
tt12952220	2	nm0290261	self	\N	["Self - Co-Host"]
tt12952220	3	nm4998117	self	\N	["Self - Guest Co-Host"]
tt12952220	4	nm6590286	self	\N	["Self - Guest Co-Host"]
tt12952220	5	nm0908567	self	\N	["Self - Host, Fox News Sunday"]
tt12952220	6	nm6119334	self	\N	["Self - Fox News Correspondent"]
tt12952222	1	nm2178052	self	\N	["Self - Co-Host"]
tt12952222	2	nm0290261	self	\N	["Self - Co-Host"]
tt12952222	3	nm0599840	self	\N	["Self - Guest Co-Host"]
tt12952222	4	nm2134385	self	\N	["Self - Guest Co-Host"]
tt12952222	5	nm4776841	self	\N	["Self - Fox News Analyst"]
tt12952222	6	nm1042709	self	\N	["Self - Fox News White House Correspondent"]
tt12952224	1	nm10830822	self	\N	["Self - Host"]
tt12952224	2	nm4058310	self	\N	["Self - Host"]
tt12952224	3	nm10830823	actor	\N	["Mr. 97 - Self"]
tt12952224	4	nm11774834	self	\N	["Self"]
tt12952224	5	nm11652647	self	\N	["Self"]
tt12952228	1	nm10830822	self	\N	["Self - Host"]
tt12952228	2	nm4058310	self	\N	["Self - Host"]
tt12952228	3	nm10830823	actor	\N	["Mr. 97 - Self"]
tt12952228	4	nm11774834	self	\N	["Self"]
tt12952228	5	nm11652647	self	\N	["Self"]
tt12952230	10	nm0338012	production_designer	\N	\N
tt12952230	1	nm1906500	actress	\N	["DCI Natalie Hobbs"]
tt12952230	2	nm0408846	actor	\N	["DI Tony Myerscough"]
tt12952230	3	nm5878360	actress	\N	["DC Vanessa Warren"]
tt12952230	4	nm4788100	actor	\N	["DC Kyle Petit"]
tt12952230	5	nm1637768	director	\N	\N
tt12952230	6	nm0443047	writer	written by	\N
tt12952230	7	nm2237529	producer	producer	\N
tt12952230	8	nm0129054	cinematographer	\N	\N
tt12952230	9	nm4249682	editor	\N	\N
tt12952232	10	nm1431618	writer	script writer	\N
tt12952232	1	nm0010075	actor	\N	["Eric Brady"]
tt12952232	2	nm0030100	actor	\N	["Victor Kiriakis"]
tt12952232	3	nm0042593	actress	\N	["Christina Rush"]
tt12952232	4	nm0004294	actress	\N	["Chloe Lane"]
tt12952232	5	nm0812211	director	\N	\N
tt12952232	6	nm0485989	writer	head writer	\N
tt12952232	7	nm1011976	writer	breakdown writer	\N
tt12952232	8	nm1088908	writer	breakdown writer	\N
tt12952232	9	nm1105358	writer	breakdown writer	\N
tt12952234	1	nm1906500	actress	\N	["DCI Natalie Hobbs"]
tt12952234	2	nm0408846	actor	\N	["DI Tony Myerscough"]
tt12952234	3	nm5878360	actress	\N	["DC Vanessa Warren"]
tt12952234	4	nm4788100	actor	\N	["DC Kyle Petit"]
tt12952234	5	nm1637768	director	\N	\N
tt12952234	6	nm2237529	producer	producer	\N
tt12952234	7	nm0129054	cinematographer	\N	\N
tt12952234	8	nm4249682	editor	\N	\N
tt12952234	9	nm0338012	production_designer	\N	\N
tt12952236	1	nm2621186	actor	\N	\N
tt12952236	2	nm9009714	actor	\N	\N
tt12952236	3	nm7999037	director	\N	\N
tt12952236	4	nm5776332	writer	\N	\N
tt12952236	5	nm11825790	producer	producer	\N
tt12952236	6	nm11825650	composer	\N	\N
tt12952236	7	nm6666867	cinematographer	\N	\N
tt12952238	10	nm0338012	production_designer	\N	\N
tt12952238	1	nm1906500	actress	\N	["DCI Natalie Hobbs"]
tt12952238	2	nm0408846	actor	\N	["DI Tony Myerscough"]
tt12952238	3	nm5878360	actress	\N	["DC Vanessa Warren"]
tt12952238	4	nm4788100	actor	\N	["DC Kyle Petit"]
tt12952238	5	nm1637768	director	\N	\N
tt12952238	6	nm0443047	writer	written by	\N
tt12952238	7	nm2237529	producer	producer	\N
tt12952238	8	nm0129054	cinematographer	\N	\N
tt12952238	9	nm4249682	editor	\N	\N
tt12952240	1	nm11635116	self	\N	["Self"]
tt12952240	2	nm10830822	self	\N	["Self - Host"]
tt12952240	3	nm10830823	actor	\N	["Mr. 97 - Self"]
tt12952240	4	nm4058310	writer	\N	\N
tt12952242	1	nm6647257	actor	\N	\N
tt12952242	2	nm0801507	actor	\N	\N
tt12952242	3	nm1295603	actress	\N	\N
tt12952242	4	nm5096704	director	\N	\N
tt12952242	5	nm4152452	writer	\N	\N
tt12952242	6	nm5796273	producer	producer	\N
tt12952244	10	nm10280760	writer	written by	\N
tt12952244	1	nm4375194	actor	\N	["Chupp"]
tt12952244	2	nm1218521	actor	\N	["Pecos"]
tt12952244	3	nm0221697	actor	\N	["Le Prisonnier"]
tt12952244	4	nm6303670	actress	\N	["Rosanna"]
tt12952244	5	nm6389893	director	animation director	\N
tt12952244	6	nm1242156	director	creative director	\N
tt12952244	7	nm8918327	director	\N	\N
tt12952244	8	nm11838057	writer	story	\N
tt12952244	9	nm10690575	writer	written by	\N
tt12952246	1	nm11838060	actor	\N	["Technician"]
tt12952246	2	nm1586516	actor	\N	["Old Man"]
tt12952246	3	nm7999037	director	\N	\N
tt12952246	4	nm5776332	writer	\N	\N
tt12952246	5	nm11825790	producer	producer	\N
tt12952246	6	nm6666867	cinematographer	\N	\N
tt12952248	1	nm11022018	actress	\N	["Sapphire","Ginne"]
tt12952248	2	nm11821269	actress	\N	["Grace"]
tt12952248	3	nm11022016	actor	\N	["Dylan","The Diamond King"]
tt12952248	4	nm11022131	actor	\N	["Student"]
tt12952250	1	nm11022018	actress	\N	["Sapphire"]
tt12952250	2	nm11022016	actor	\N	["Dylan","Satan"]
tt12952252	10	nm5077458	actor	\N	["Statue Extra"]
tt12952252	1	nm5005180	actor	\N	["Donnie"]
tt12952252	2	nm2740421	actress	\N	["Older Sister"]
tt12952252	3	nm8147626	actress	\N	["Little Sister"]
tt12952252	4	nm5475833	actress	\N	["Mother"]
tt12952252	5	nm5726822	director	\N	\N
tt12952252	6	nm7793296	producer	producer	\N
tt12952252	7	nm6273689	actor	\N	["Father"]
tt12952252	8	nm6788863	actor	\N	["Bunny"]
tt12952252	9	nm7783425	actor	\N	["Patrick"]
tt12952254	1	nm11022018	actress	\N	["Sapphire"]
tt12952254	2	nm11022133	actor	\N	["Frank"]
tt12952254	3	nm11022016	actor	\N	["Satan"]
tt12952254	4	nm11838069	actor	\N	["Ethan"]
tt12952254	5	nm11838070	actress	\N	["Lexi","Queen of Hell"]
tt12952256	1	nm11022018	actress	\N	["Sapphire"]
tt12952256	2	nm11022016	actor	\N	["Satan"]
tt12952256	3	nm11022118	actor	\N	["Sam"]
tt12952256	4	nm11838073	actor	\N	["Sam the Cat"]
tt12952258	1	nm11022018	actress	\N	["Sapphire","Lilith"]
tt12952258	2	nm11022016	actor	\N	["Satan"]
tt12952258	3	nm11022118	actor	\N	["Sam"]
tt12952258	4	nm11838073	actor	\N	["Sam the Cat"]
tt12952262	1	nm11022018	actress	\N	["Sapphire"]
tt12952262	2	nm11110411	actor	\N	["Charlie"]
tt12952262	3	nm11022016	actor	\N	["Satan"]
tt12952264	1	nm11022018	actress	\N	["Sapphire","Lilith"]
tt12952264	2	nm11022016	actor	\N	["Satan"]
tt12952264	3	nm11110411	actor	\N	["Charlie"]
tt12952266	1	nm4667322	writer	\N	\N
tt12952266	2	nm8956286	writer	\N	\N
tt12952268	1	nm11022018	actress	\N	["Sapphire","Lilith"]
tt12952268	2	nm11022016	actor	\N	["Satan"]
tt12952268	3	nm11405401	actress	\N	["Victim"]
tt12952268	4	nm11022133	actor	\N	["Victim"]
tt12952268	5	nm11838075	actor	\N	["Victim"]
tt12952270	1	nm3631674	actress	\N	\N
tt12952270	2	nm1911708	actor	\N	\N
tt12952270	3	nm3147307	actress	\N	\N
tt12952270	4	nm6247343	actor	\N	\N
tt12952270	5	nm1162240	actor	\N	\N
tt12952272	1	nm11022018	actress	\N	["Sapphire"]
tt12952272	2	nm11022016	actor	\N	["Dylan","Satan"]
tt12952272	3	nm11022133	actor	\N	["Victim"]
tt12952272	4	nm11838075	actor	\N	["Victim"]
tt12952274	10	nm4075765	producer	producer	\N
tt12952274	1	nm8364237	actress	\N	\N
tt12952274	2	nm11838078	actor	\N	\N
tt12952274	3	nm11838077	actor	\N	\N
tt12952274	4	nm6666872	actor	\N	\N
tt12952274	5	nm7999037	director	\N	\N
tt12952274	6	nm5776332	writer	\N	\N
tt12952274	7	nm4717005	producer	producer	\N
tt12952274	8	nm5285474	producer	producer	\N
tt12952274	9	nm6136973	producer	producer	\N
tt12952280	1	nm0070486	self	\N	["Self - Host"]
tt12952280	2	nm11838088	self	\N	["Self"]
tt12952280	3	nm11838087	self	\N	["Self - Musician"]
tt12952280	4	nm2560313	self	\N	["Self - Musician"]
tt12952280	5	nm4508002	director	\N	\N
tt12952284	10	nm8362958	actress	\N	["D.M. Kalyani Deshmukh"]
tt12952284	1	nm2961568	actor	\N	["Sub Inspector Malhar Rane"]
tt12952284	2	nm10238882	actor	\N	["Advocate Sarthak Rane"]
tt12952284	3	nm3245012	actress	\N	["Anupriya"]
tt12952284	4	nm8211003	actress	\N	["Swara Vivek Deshmukh"]
tt12952284	5	nm8567994	producer	producer	\N
tt12952284	6	nm9017376	actor	\N	["Vivek Deshmukh"]
tt12952284	7	nm9638245	actress	\N	["Avni Malhar Rane"]
tt12952284	8	nm10529135	actress	\N	["Godavari Deshmukh"]
tt12952284	9	nm0694900	actress	\N	["Ahilya Sayajirao Deshmukh"]
tt12952288	10	nm11837981	self	\N	["Self"]
tt12952288	1	nm11837120	self	\N	["Self"]
tt12952288	2	nm11837119	self	\N	["Self"]
tt12952288	3	nm5175654	self	\N	["Self - Host"]
tt12952288	4	nm11837121	self	\N	["Self"]
tt12952288	5	nm11837122	self	\N	["Self"]
tt12952288	6	nm11837123	self	\N	["Self"]
tt12952288	7	nm11837910	self	\N	["Self"]
tt12952288	8	nm11837887	self	\N	["Self"]
tt12952288	9	nm8376880	self	\N	["Self - Host"]
tt12952290	10	nm2405918	actress	\N	["Dori"]
tt12952290	1	nm0944985	actress	\N	["Shinchan Nohara"]
tt12952290	2	nm0312656	actor	\N	["Masked Muchacho"]
tt12952290	3	nm0370657	actress	\N	["Nini"]
tt12952290	4	nm0840642	actress	\N	["Max"]
tt12952290	5	nm0594084	director	\N	\N
tt12952290	6	nm1270457	writer	created by	\N
tt12952290	7	nm0556318	actress	\N	["Cosmo"]
tt12952290	8	nm0621200	actress	\N	["Mitsy Nohara"]
tt12952290	9	nm0766333	actress	\N	["Bo"]
tt12952294	1	nm7332173	actress	\N	["Sara"]
tt12952294	2	nm11838112	actor	\N	["Amir"]
tt12952294	3	nm11838113	actor	\N	["Kader"]
tt12952294	4	nm3976544	actor	\N	["Aka Beg"]
tt12952294	5	nm11838114	composer	\N	\N
tt12952294	6	nm5298533	cinematographer	director of photography	\N
tt12952294	7	nm2934843	editor	\N	\N
tt12952296	10	nm0766333	actress	\N	["Bo"]
tt12952296	1	nm0944985	actress	\N	["Shinchan Nohara"]
tt12952296	2	nm0297873	actor	\N	["Harry Nohara"]
tt12952296	3	nm0370657	actress	\N	["Nini"]
tt12952296	4	nm0840642	actress	\N	["Max"]
tt12952296	5	nm0594084	director	\N	\N
tt12952296	6	nm1270457	writer	created by	\N
tt12952296	7	nm0556318	actress	\N	["Cosmo"]
tt12952296	8	nm0621200	actress	\N	["Mitsy Nohara"]
tt12952296	9	nm0623220	actor	\N	["Enzo"]
tt12952298	1	nm11840517	self	\N	["Self"]
tt12952300	1	nm0807686	self	\N	["Self - Host"]
tt12952300	2	nm0180257	archive_footage	\N	["Self"]
tt12952300	3	nm9207088	archive_footage	\N	["Self"]
tt12952300	4	nm3399189	self	\N	["Self"]
tt12952300	5	nm0180235	archive_footage	\N	["Self"]
tt12952300	6	nm0001357	archive_footage	\N	["Self"]
tt12952300	7	nm9293481	self	\N	["Self"]
tt12952302	10	nm11838164	cinematographer	\N	\N
tt12952302	1	nm11838162	actor	\N	\N
tt12952302	2	nm11838159	actor	\N	\N
tt12952302	3	nm11838160	actor	\N	\N
tt12952302	4	nm11838161	actor	\N	\N
tt12952302	5	nm7999037	director	\N	\N
tt12952302	6	nm5776332	writer	co-adaptation	\N
tt12952302	7	nm6666872	writer	co-adaptation	\N
tt12952302	8	nm11825790	producer	producer	\N
tt12952302	9	nm9438136	composer	\N	\N
tt12952306	10	nm5843170	actor	\N	["Barry"]
tt12952306	1	nm2472121	actress	\N	["Janvi Rajeev Bansal (2020-)"]
tt12952306	2	nm6489926	actor	\N	["Rajeev Bansal (2020-)"]
tt12952306	3	nm5620977	actor	\N	["Rishabh Bansal (2020-)"]
tt12952306	4	nm4627263	actress	\N	["Daljeet Bansal Bagga"]
tt12952306	5	nm12245373	actor	\N	["Guru (interviewer & Anchor)"]
tt12952306	6	nm13260258	actor	\N	["Ranveer"]
tt12952306	7	nm11641028	actor	\N	["Man"]
tt12952306	8	nm13347452	actor	\N	["Ravindra Bagga"]
tt12952306	9	nm5328107	actor	\N	["Wedding Guy"]
tt12952308	1	nm0865522	actor	\N	\N
tt12952310	1	nm0865522	actor	\N	\N
tt12952312	1	nm2161646	director	\N	\N
tt12952314	1	nm0865522	actor	\N	\N
tt12952318	1	nm0865522	actor	\N	\N
tt12952320	10	nm1374576	editor	\N	\N
tt12952320	1	nm3670005	actress	\N	["Maryska Cybulska"]
tt12952320	2	nm7597548	actress	\N	["Jagna Dobosz"]
tt12952320	3	nm1450664	actor	\N	["Brunon Malecki"]
tt12952320	4	nm3519100	actor	\N	["Patryk Karwowski"]
tt12952320	5	nm0310686	director	\N	\N
tt12952320	6	nm11098059	writer	screenplay	\N
tt12952320	7	nm11097782	writer	screenplay	\N
tt12952320	8	nm11097781	writer	head writer	\N
tt12952320	9	nm11098564	cinematographer	\N	\N
tt12952322	1	nm0865522	actor	\N	\N
tt12952324	1	nm0070486	self	\N	["Self - Host"]
tt12952324	2	nm11838169	self	\N	["Self - Musician"]
tt12952324	3	nm3117158	self	\N	["Self"]
tt12952324	4	nm11838168	self	\N	["Themselves - Musician"]
tt12952324	5	nm4508002	director	\N	\N
tt12952326	1	nm0572231	self	\N	["Self - Facilitator, 2GB Radio Host"]
tt12952328	1	nm0865522	actor	\N	\N
tt12952330	1	nm0865522	actor	\N	\N
tt12952332	1	nm0865522	actor	\N	\N
tt12952336	10	nm0221497	writer	characters	\N
tt12952336	1	nm0395229	actress	\N	["Blanche Marci"]
tt12952336	2	nm2397992	actress	\N	["Mila Valle"]
tt12952336	3	nm3675679	actress	\N	["Coralie Blain #2"]
tt12952336	4	nm3471859	actor	\N	["Abdel Fedala"]
tt12952336	5	nm0197463	director	\N	\N
tt12952336	6	nm0209379	director	\N	\N
tt12952336	7	nm1738748	writer	characters	\N
tt12952336	8	nm3952974	writer	dialogue	\N
tt12952336	9	nm0078855	writer	original idea	\N
tt12952338	10	nm0024734	editor	\N	\N
tt12952338	1	nm0317329	actress	\N	["Jamie"]
tt12952338	2	nm0674065	actress	\N	["Fran"]
tt12952338	3	nm1599744	actress	\N	["Tina Bartrum"]
tt12952338	4	nm0080276	actor	\N	["Robin Sharma"]
tt12952338	5	nm1635193	director	\N	\N
tt12952338	6	nm9711708	writer	written by	\N
tt12952338	7	nm4189030	writer	written by	\N
tt12952338	8	nm0141041	producer	producer	\N
tt12952338	9	nm1024970	cinematographer	\N	\N
tt12952340	10	nm6179247	cinematographer	\N	\N
tt12952340	1	nm11102198	actor	\N	\N
tt12952340	2	nm10795919	actor	\N	\N
tt12952340	3	nm6420521	actress	\N	\N
tt12952340	4	nm7999037	director	\N	\N
tt12952340	5	nm5776332	writer	\N	\N
tt12952340	6	nm4717005	producer	producer	\N
tt12952340	7	nm5285474	producer	producer	\N
tt12952340	8	nm6136973	producer	producer	\N
tt12952340	9	nm4075765	producer	producer	\N
tt12952342	1	nm0865522	actor	\N	\N
tt12952344	1	nm1954673	self	\N	["Self - Presenter"]
tt12952344	2	nm4229189	self	\N	["Self - Presenter"]
tt12952344	3	nm7257120	self	\N	["Self"]
tt12952344	4	nm5999016	self	\N	["Self"]
tt12952348	1	nm0865522	actor	\N	\N
tt12952350	1	nm0865522	actor	\N	\N
tt12952352	10	nm7597428	actor	\N	["Guy Harris"]
tt12952352	1	nm6739196	actress	\N	["Lucy"]
tt12952352	2	nm2763922	actor	\N	["Jon"]
tt12952352	3	nm2224565	actor	\N	["Russell Howard"]
tt12952352	4	nm0891943	actor	\N	["Johnny Vegas"]
tt12952352	5	nm7285877	writer	written by	\N
tt12952352	6	nm0042475	actress	\N	["Dani Julian"]
tt12952352	7	nm2413324	actress	\N	["Rosina Carbone"]
tt12952352	8	nm1544132	actor	\N	["Lucy's Ex"]
tt12952352	9	nm10991367	actress	\N	["Elinor Dixon"]
tt12952354	1	nm0865522	actor	\N	\N
tt12952356	1	nm0865522	actor	\N	\N
tt12952360	1	nm0865522	actor	\N	\N
tt12952362	1	nm0865522	actor	\N	\N
tt12952364	1	nm0865522	actor	\N	\N
tt12952366	1	nm0865522	actor	\N	\N
tt12952368	1	nm0865522	actor	\N	\N
tt12952370	1	nm11833963	actress	\N	\N
tt12952370	2	nm11827485	actress	\N	\N
tt12952370	3	nm11833964	actor	\N	\N
tt12952370	4	nm11819321	director	\N	\N
tt12952370	5	nm11838205	producer	producer	\N
tt12952370	6	nm11827486	cinematographer	\N	\N
tt12952372	1	nm0865522	actor	\N	\N
tt12952374	1	nm0865522	actor	\N	\N
tt12952376	10	nm8587107	production_designer	\N	\N
tt12952376	1	nm0862286	actor	\N	\N
tt12952376	2	nm3132995	actor	\N	\N
tt12952376	3	nm2989218	director	\N	\N
tt12952376	4	nm3845602	writer	co-writer	\N
tt12952376	5	nm2971638	producer	producer	\N
tt12952376	6	nm0611274	producer	producer	\N
tt12952376	7	nm7725727	composer	\N	\N
tt12952376	8	nm3021820	cinematographer	\N	\N
tt12952376	9	nm4596085	editor	\N	\N
tt12952378	10	nm11837981	self	\N	["Self"]
tt12952378	1	nm11837120	self	\N	["Self"]
tt12952378	2	nm11837119	self	\N	["Self"]
tt12952378	3	nm5175654	self	\N	["Self - Host"]
tt12952378	4	nm11837121	self	\N	["Self"]
tt12952378	5	nm11837122	self	\N	["Self"]
tt12952378	6	nm11837123	self	\N	["Self"]
tt12952378	7	nm11837910	self	\N	["Self"]
tt12952378	8	nm11837887	self	\N	["Self"]
tt12952378	9	nm8376880	self	\N	["Self - Host"]
tt12952380	1	nm9580278	self	\N	["Self"]
tt12952380	2	nm10057335	self	\N	["Self"]
tt12952380	3	nm10174133	self	\N	["Self"]
tt12952380	4	nm10052446	self	\N	["Self"]
tt12952380	5	nm10082582	self	\N	["Self"]
tt12952382	1	nm12228709	actor	\N	\N
tt12952382	2	nm12228710	actor	\N	\N
tt12952382	3	nm12228711	actor	\N	\N
tt12952382	4	nm12228712	actor	\N	\N
tt12952382	5	nm3799704	director	\N	\N
tt12952382	6	nm7148789	producer	producer	\N
tt12952382	7	nm3941888	producer	producer	\N
tt12952382	8	nm12228723	producer	producer	\N
tt12952382	9	nm4243288	cinematographer	\N	\N
tt12952386	10	nm3266463	editor	off-line editor	\N
tt12952386	1	nm6739196	actress	\N	["Lucy"]
tt12952386	2	nm2763922	actor	\N	["Jon"]
tt12952386	3	nm2224565	actor	\N	["Russell Howard"]
tt12952386	4	nm0891943	actor	\N	["Johnny Vegas"]
tt12952386	5	nm1090041	director	\N	\N
tt12952386	6	nm3096469	director	\N	\N
tt12952386	7	nm7285877	writer	written by	\N
tt12952386	8	nm0942879	cinematographer	director of photography	\N
tt12952386	9	nm1428940	editor	off-line editor	\N
tt12952388	10	nm1171478	actress	\N	["Lucy's Mum"]
tt12952388	1	nm6739196	actress	\N	["Lucy"]
tt12952388	2	nm2763922	actor	\N	["Jon"]
tt12952388	3	nm0232997	actor	\N	["Jason Donovan"]
tt12952388	4	nm12154441	self	\N	["Self"]
tt12952388	5	nm7285877	writer	written by	\N
tt12952388	6	nm1428940	editor	\N	\N
tt12952388	7	nm2224565	self	\N	["Self"]
tt12952388	8	nm0891943	actor	\N	["Johnny Vegas"]
tt12952388	9	nm12154442	actor	\N	\N
tt12952390	10	nm7278111	actress	\N	\N
tt12952390	1	nm6739196	actress	\N	["Lucy"]
tt12952390	2	nm2763922	actor	\N	["Jon"]
tt12952390	3	nm1554220	self	\N	["Self"]
tt12952390	4	nm0680766	self	\N	["Self"]
tt12952390	5	nm7285877	writer	written by	\N
tt12952390	6	nm1171478	actress	\N	["Lucy's Mum"]
tt12952390	7	nm0042475	actress	\N	["Dani Julian"]
tt12952390	8	nm5502252	actress	\N	\N
tt12952390	9	nm1640538	actress	\N	\N
tt12952392	10	nm0042475	actress	\N	["Dani Julian"]
tt12952392	1	nm6739196	actress	\N	["Lucy"]
tt12952392	2	nm2763922	actor	\N	["Jon"]
tt12952392	3	nm1954673	actor	\N	["Rob Beckett"]
tt12952392	4	nm0317558	actor	\N	["Roland Gift"]
tt12952392	5	nm7285877	writer	written by	\N
tt12952392	6	nm2198800	actress	\N	["Jessica Knappett"]
tt12952392	7	nm0680766	actress	\N	["Sally Phillips"]
tt12952392	8	nm0891943	actor	\N	["Johnny Vegas"]
tt12952392	9	nm1171478	actress	\N	["Lucy's Mum"]
tt12952394	10	nm0056709	actor	\N	\N
tt12952394	1	nm6739196	actress	\N	["Lucy"]
tt12952394	2	nm2763922	actor	\N	["Jon"]
tt12952394	3	nm1954673	actor	\N	["Rob Beckett"]
tt12952394	4	nm1225633	actress	\N	["Barbara Nice"]
tt12952394	5	nm7285877	writer	written by	\N
tt12952394	6	nm2224565	actor	\N	["Russell Howard"]
tt12952394	7	nm0680766	actress	\N	["Sally Phillips"]
tt12952394	8	nm1034207	actor	\N	["Mark Radcliffe"]
tt12952394	9	nm0042475	actress	\N	["Dani Julian"]
tt12952396	10	nm2094856	actress	\N	["Make-up Artist"]
tt12952396	1	nm6739196	actress	\N	["Lucy"]
tt12952396	2	nm2763922	actor	\N	["Jon"]
tt12952396	3	nm0048364	actor	\N	["Danny Baker"]
tt12952396	4	nm2224565	actor	\N	["Russell Howard"]
tt12952396	5	nm7285877	writer	written by	\N
tt12952396	6	nm1652333	actor	\N	["Kevin McCloud"]
tt12952396	7	nm1171478	actress	\N	["Lucy's Mum"]
tt12952396	8	nm0042475	actress	\N	["Dani Julian"]
tt12952396	9	nm2289639	actress	\N	["Trish"]
tt12952398	1	nm11832976	self	\N	["Self - President of Jardim Zoológico"]
tt12952398	2	nm11832977	self	\N	["Self - Administrator of Jardim Zoológico"]
tt12952398	3	nm11832978	self	\N	["Self - Curator of Reptiles and Birds"]
tt12952398	4	nm11832979	self	\N	["Self - Director of Architecture and Maintenance"]
tt12952398	5	nm2750493	director	\N	\N
tt12952398	6	nm0622994	director	\N	\N
tt12952398	7	nm0844782	composer	\N	\N
tt12952400	1	nm10052443	self	\N	["Self"]
tt12952400	2	nm10052196	self	\N	["Self"]
tt12952400	3	nm7460461	self	\N	["Self"]
tt12952400	4	nm9580278	self	\N	["Self"]
tt12952400	5	nm10052195	self	\N	["Self"]
tt12952400	6	nm4986452	self	\N	["Self"]
tt12952400	7	nm10174133	self	\N	["Self"]
tt12952400	8	nm10082582	self	\N	["Self"]
tt12952402	10	nm1171478	actress	\N	["Lucy's Mum"]
tt12952402	1	nm6739196	actress	\N	["Lucy"]
tt12952402	2	nm2763922	actor	\N	["Jon"]
tt12952402	3	nm5415643	actor	\N	["Dane Baptiste"]
tt12952402	4	nm1954673	actor	\N	["Rob Beckett"]
tt12952402	5	nm8165210	director	co-director	\N
tt12952402	6	nm7285877	writer	written by	\N
tt12952402	7	nm5441406	actor	\N	["Alex Brooker"]
tt12952402	8	nm1225633	actress	\N	["Barbara Nice"]
tt12952402	9	nm2224565	actor	\N	["Russell Howard"]
tt12952404	10	nm0663009	actress	\N	["Sarah Parks","Margaret"]
tt12952404	1	nm6739196	actress	\N	["Lucy"]
tt12952404	2	nm2763922	actor	\N	["Jon"]
tt12952404	3	nm1954673	actor	\N	["Rob Beckett"]
tt12952404	4	nm0153002	actor	\N	["Craig Charles"]
tt12952404	5	nm7285877	writer	written by	\N
tt12952404	6	nm0891943	actor	\N	["Johnny Vegas"]
tt12952404	7	nm0042475	actress	\N	["Dani Julian"]
tt12952404	8	nm2413324	actress	\N	["Rosina Carbone"]
tt12952404	9	nm10991367	actress	\N	["Elinor Dixon"]
tt12952406	1	nm10052196	self	\N	["Self"]
tt12952406	2	nm11838212	self	\N	["Self"]
tt12952406	3	nm10052195	self	\N	["Self"]
tt12952406	4	nm10052446	self	\N	["Self"]
tt12952410	1	nm10052196	self	\N	["Self"]
tt12952410	2	nm7460461	self	\N	["Self"]
tt12952410	3	nm9894647	self	\N	["Self"]
tt12952410	4	nm9580278	self	\N	["Self"]
tt12952410	5	nm10052195	self	\N	["Self"]
tt12952410	6	nm10082582	self	\N	["Self"]
tt12952416	1	nm11036310	writer	\N	\N
tt12952418	1	nm11818480	actress	\N	["Doctor Carnett"]
tt12952418	2	nm3527281	actor	\N	["Courier"]
tt12952418	3	nm11789625	actor	\N	["Mr. Cole"]
tt12952418	4	nm11838213	actress	\N	["Anaesthetist"]
tt12952418	5	nm10207084	director	\N	\N
tt12952424	1	nm11838216	self	\N	["Self - Narrator"]
tt12952424	2	nm3174038	director	\N	\N
tt12952424	3	nm10814420	director	\N	\N
tt12952424	4	nm0414368	editor	\N	\N
tt12952426	1	nm11838212	self	\N	["Self"]
tt12952426	2	nm10052195	self	\N	["Self"]
tt12952426	3	nm3133737	self	\N	["Self"]
tt12952426	4	nm10174134	self	\N	["Self"]
tt12952426	5	nm10082582	self	\N	["Self"]
tt12952428	10	nm1720564	editor	\N	\N
tt12952428	1	nm3670005	actress	\N	["Maryska Cybulska"]
tt12952428	2	nm7597548	actress	\N	["Jagna Dobosz"]
tt12952428	3	nm1450664	actor	\N	["Brunon Malecki"]
tt12952428	4	nm3519100	actor	\N	["Patryk Karwowski"]
tt12952428	5	nm0310686	director	\N	\N
tt12952428	6	nm11098083	writer	screenplay	\N
tt12952428	7	nm11098059	writer	screenplay	\N
tt12952428	8	nm11097781	writer	head writer	\N
tt12952428	9	nm11098564	cinematographer	\N	\N
tt12952430	1	nm11036310	writer	\N	\N
tt12952432	10	nm2809785	editor	\N	\N
tt12952432	1	nm0766736	actor	\N	["Tommy"]
tt12952432	2	nm0910180	actor	\N	["Ronnie Pike"]
tt12952432	3	nm0164929	actor	\N	["Aaron Bishop"]
tt12952432	4	nm1961009	actor	\N	["Chris Munroe"]
tt12952432	5	nm1319499	director	\N	\N
tt12952432	6	nm0522393	writer	created by	\N
tt12952432	7	nm0207313	producer	executive producer	\N
tt12952432	8	nm1154632	composer	\N	\N
tt12952432	9	nm0568074	cinematographer	director of photography	\N
tt12952434	1	nm9894647	self	\N	["Self"]
tt12952434	2	nm9182152	self	\N	["Self"]
tt12952434	3	nm10052195	self	\N	["Self"]
tt12952434	4	nm3133737	self	\N	["Self"]
tt12952434	5	nm10174133	self	\N	["Self"]
tt12952434	6	nm10052446	self	\N	["Self"]
tt12952436	10	nm0355232	actor	\N	["Aristotelis Iliopoulos"]
tt12952436	1	nm0699620	actor	\N	["Dimitris"]
tt12952436	2	nm1909928	actress	\N	["Marina"]
tt12952436	3	nm0517769	actor	\N	\N
tt12952436	4	nm0740563	actress	\N	\N
tt12952436	5	nm1644483	director	\N	\N
tt12952436	6	nm1918682	writer	\N	\N
tt12952436	7	nm2853475	actor	\N	["Alexandros"]
tt12952436	8	nm2904713	actress	\N	["Vera"]
tt12952436	9	nm1655223	actor	\N	["Michalis"]
tt12952454	1	nm10052443	self	\N	["Self"]
tt12952454	2	nm10052196	self	\N	["Self"]
tt12952454	3	nm10052445	self	\N	["Self"]
tt12952454	4	nm11838212	self	\N	["Self"]
tt12952454	5	nm3133737	self	\N	["Self"]
tt12952460	1	nm4302738	director	\N	\N
tt12952460	2	nm0874524	composer	composer	\N
tt12952460	3	nm7032116	cinematographer	\N	\N
tt12952460	4	nm11838224	editor	film editor	\N
tt12952466	1	nm11838225	actor	\N	["Teo"]
tt12952466	2	nm11838226	actor	\N	["Ksaver"]
tt12952466	3	nm1034172	actor	\N	["Dad"]
tt12952466	4	nm9442387	actress	\N	["Mom"]
tt12952466	5	nm7619797	director	\N	\N
tt12952466	6	nm6013983	producer	producer	\N
tt12952466	7	nm4875887	cinematographer	\N	\N
tt12952466	8	nm7272150	editor	\N	\N
tt12952466	9	nm2849516	production_designer	\N	\N
tt12952478	1	nm10830822	self	\N	["Self - Host"]
tt12952478	2	nm4058310	self	\N	["Self - Host"]
tt12952478	3	nm10830823	producer	producer	\N
tt12952488	1	nm10830822	self	\N	["Self - Host"]
tt12952488	2	nm4058310	self	\N	["Self - Host"]
tt12952488	3	nm10830823	producer	producer	\N
tt12952492	1	nm9668981	self	\N	["Self"]
tt12952492	2	nm9129688	self	\N	["Self"]
tt12952492	3	nm8889613	director	\N	\N
tt12952496	1	nm11863462	self	\N	["Self"]
tt12952498	1	nm1462626	self	\N	["Self"]
tt12952498	2	nm7569218	self	\N	["Self"]
tt12952498	3	nm9338386	self	\N	["Self"]
tt12952498	4	nm2715088	director	\N	\N
tt12952498	5	nm10820765	producer	producer	\N
tt12952500	1	nm4959544	self	\N	["Self - Host"]
tt12952504	1	nm11838236	actor	\N	\N
tt12952504	2	nm10830822	self	\N	["Self - Host"]
tt12952504	3	nm4058310	self	\N	["Self - Host"]
tt12952504	4	nm10830823	producer	producer	\N
tt12952506	1	nm4959544	self	\N	["Self - Host"]
tt12952508	1	nm7725685	director	\N	\N
tt12952512	1	nm4959544	self	\N	["Self - Host"]
tt12952514	1	nm4959544	self	\N	["Self - Host"]
tt12952518	1	nm4959544	self	\N	["Self - Host"]
tt12952522	1	nm10830822	self	\N	["Self - Host"]
tt12952522	2	nm4058310	self	\N	["Self - Host"]
tt12952522	3	nm10830823	actor	\N	["Mr. 97 - Self"]
tt12952522	4	nm11774834	self	\N	["Self"]
tt12952522	5	nm11652647	self	\N	["Self"]
tt12952542	1	nm4420782	editor	\N	\N
tt12952548	1	nm4420782	editor	\N	\N
tt12952550	1	nm11838241	actress	\N	\N
tt12952550	2	nm4072337	actress	\N	["Mother"]
tt12952550	3	nm2263000	actor	\N	["Father"]
tt12952550	4	nm6120602	director	\N	\N
tt12952550	5	nm9870259	cinematographer	director of photography	\N
tt12952554	10	nm1374576	editor	\N	\N
tt12952554	1	nm3670005	actress	\N	["Maryska Cybulska"]
tt12952554	2	nm7597548	actress	\N	["Jagna Dobosz"]
tt12952554	3	nm1450664	actor	\N	["Brunon Malecki"]
tt12952554	4	nm3519100	actor	\N	["Patryk Karwowski"]
tt12952554	5	nm4846648	director	\N	\N
tt12952554	6	nm11098083	writer	screenplay	\N
tt12952554	7	nm11098059	writer	screenplay	\N
tt12952554	8	nm11097781	writer	head writer	\N
tt12952554	9	nm1370801	cinematographer	\N	\N
tt12952556	1	nm4420782	editor	\N	\N
tt12952602	1	nm1650168	actress	\N	["Gauri"]
tt12952602	2	nm1381801	actor	\N	["Hiten"]
tt12952602	3	nm6120602	director	\N	\N
tt12952602	4	nm9870259	cinematographer	director of photography	\N
tt12952610	1	nm10830822	self	\N	["Self - Host"]
tt12952610	2	nm4058310	self	\N	["Self - Host"]
tt12952610	3	nm10830823	actor	\N	["Mr. 97 - Self"]
tt12952610	4	nm10847512	self	\N	["Self"]
tt12952610	5	nm10847535	self	\N	["Self"]
tt12952610	6	nm10847495	self	\N	["Self"]
tt12952618	10	nm4060795	cinematographer	\N	\N
tt12952618	1	nm3670005	actress	\N	["Maryska Cybulska"]
tt12952618	2	nm7597548	actress	\N	["Jagna Dobosz"]
tt12952618	3	nm1450664	actor	\N	["Brunon Malecki"]
tt12952618	4	nm3519100	actor	\N	["Patryk Karwowski"]
tt12952618	5	nm4846648	director	\N	\N
tt12952618	6	nm11098083	writer	screenplay	\N
tt12952618	7	nm11097782	writer	screenplay	\N
tt12952618	8	nm11097781	writer	head writer	\N
tt12952618	9	nm1370801	cinematographer	\N	\N
tt12952620	10	nm11837981	self	\N	["Self"]
tt12952620	1	nm11837120	self	\N	["Self"]
tt12952620	2	nm11837119	self	\N	["Self"]
tt12952620	3	nm5175654	self	\N	["Self - Host"]
tt12952620	4	nm11837121	self	\N	["Self"]
tt12952620	5	nm11837122	self	\N	["Self"]
tt12952620	6	nm11837123	self	\N	["Self"]
tt12952620	7	nm11837910	self	\N	["Self"]
tt12952620	8	nm11837887	self	\N	["Self"]
tt12952620	9	nm8376880	self	\N	["Self - Host"]
tt12952626	10	nm11837981	self	\N	["Self"]
tt12952626	1	nm11837120	self	\N	["Self"]
tt12952626	2	nm11837119	self	\N	["Self"]
tt12952626	3	nm5175654	self	\N	["Self - Host"]
tt12952626	4	nm11837121	self	\N	["Self"]
tt12952626	5	nm11837122	self	\N	["Self"]
tt12952626	6	nm11837123	self	\N	["Self"]
tt12952626	7	nm11837910	self	\N	["Self"]
tt12952626	8	nm11837887	self	\N	["Self"]
tt12952626	9	nm8376880	self	\N	["Self - Host"]
tt12952628	1	nm10830822	self	\N	["Self - Host"]
tt12952628	2	nm4058310	self	\N	["Self - Host"]
tt12952628	3	nm10830823	actor	\N	["Mr. 97 - Self"]
tt12952628	4	nm11774834	self	\N	["Self"]
tt12952628	5	nm11652647	self	\N	["Self"]
tt12952628	6	nm10847512	self	\N	["Self"]
tt12952630	1	nm7999037	director	\N	\N
tt12952630	2	nm11828231	writer	story editor	\N
tt12952630	3	nm11838163	producer	producer	\N
tt12952630	4	nm11838262	producer	producer	\N
tt12952630	5	nm6666872	cinematographer	second cinematographer	\N
tt12952630	6	nm11067285	editor	\N	\N
tt12952632	10	nm11837981	self	\N	["Self"]
tt12952632	1	nm11837120	self	\N	["Self"]
tt12952632	2	nm11837119	self	\N	["Self"]
tt12952632	3	nm5175654	self	\N	["Self - Host"]
tt12952632	4	nm11837121	self	\N	["Self"]
tt12952632	5	nm11837122	self	\N	["Self"]
tt12952632	6	nm11837123	self	\N	["Self"]
tt12952632	7	nm11837910	self	\N	["Self"]
tt12952632	8	nm11837887	self	\N	["Self"]
tt12952632	9	nm8376880	self	\N	["Self - Host"]
tt12952636	10	nm11837981	self	\N	["Self"]
tt12952636	1	nm11837120	self	\N	["Self"]
tt12952636	2	nm11837119	self	\N	["Self"]
tt12952636	3	nm5175654	self	\N	["Self - Host"]
tt12952636	4	nm11837121	self	\N	["Self"]
tt12952636	5	nm11837122	self	\N	["Self"]
tt12952636	6	nm11837123	self	\N	["Self"]
tt12952636	7	nm11837910	self	\N	["Self"]
tt12952636	8	nm11837887	self	\N	["Self"]
tt12952636	9	nm8376880	self	\N	["Self - Host"]
tt12952640	1	nm10830822	self	\N	["Self - Host"]
tt12952640	2	nm4058310	self	\N	["Self - Host"]
tt12952640	3	nm10830823	producer	producer	\N
tt12952644	10	nm7913009	actress	\N	\N
tt12952644	1	nm3618107	actor	\N	["Average Aslam"]
tt12952644	2	nm2069336	actor	\N	\N
tt12952644	3	nm4400518	actor	\N	\N
tt12952644	4	nm3959922	actress	\N	\N
tt12952644	5	nm8667358	actress	\N	\N
tt12952644	6	nm7681832	actor	\N	\N
tt12952644	7	nm6703229	actress	\N	\N
tt12952644	8	nm7772822	actor	\N	\N
tt12952644	9	nm4565953	actor	\N	\N
tt12952646	1	nm4462702	actress	\N	\N
tt12952646	2	nm11838266	actor	\N	\N
tt12952646	3	nm11819321	director	\N	\N
tt12952646	4	nm11820862	cinematographer	\N	\N
tt12952648	10	nm8376880	self	\N	["Self - Host"]
tt12952648	1	nm11837120	self	\N	["Self"]
tt12952648	2	nm11838268	self	\N	["Self"]
tt12952648	3	nm11837119	self	\N	["Self"]
tt12952648	4	nm5175654	self	\N	["Self - Host"]
tt12952648	5	nm11837121	self	\N	["Self"]
tt12952648	6	nm11837122	self	\N	["Self"]
tt12952648	7	nm11837123	self	\N	["Self"]
tt12952648	8	nm11837910	self	\N	["Self"]
tt12952648	9	nm11837887	self	\N	["Self"]
tt12952650	1	nm11838270	actor	\N	\N
tt12952650	2	nm11838269	actor	\N	\N
tt12952650	3	nm9028151	actor	\N	["Child Artist"]
tt12952650	4	nm11554237	director	\N	\N
tt12952650	5	nm11838271	writer	\N	\N
tt12952652	10	nm1314991	actor	\N	\N
tt12952652	1	nm13609662	actress	\N	\N
tt12952652	2	nm5599265	actress	\N	\N
tt12952652	3	nm13609661	actor	\N	\N
tt12952652	4	nm2565534	actor	\N	\N
tt12952652	5	nm13609727	director	\N	\N
tt12952652	6	nm13609726	director	\N	\N
tt12952652	7	nm13609725	director	\N	\N
tt12952652	8	nm11535243	writer	\N	\N
tt12952652	9	nm11783970	actor	\N	\N
tt12952656	1	nm1773287	self	\N	["Self - Moderatorin"]
tt12952656	2	nm2664810	self	\N	["Self - Moderator"]
tt12952656	3	nm5443848	director	\N	\N
tt12952656	4	nm11165963	cinematographer	\N	\N
tt12952658	1	nm2664367	actress	\N	["Lee Na-Eun"]
tt12952658	2	nm2412682	actor	\N	["Cha Kang-Woo"]
tt12952660	1	nm10830822	self	\N	["Self - Host"]
tt12952660	2	nm4058310	self	\N	["Self - Host"]
tt12952660	3	nm11838278	self	\N	["Self"]
tt12952660	4	nm10830823	producer	producer	\N
tt12952664	10	nm11823555	actor	\N	\N
tt12952664	1	nm1295603	actress	\N	\N
tt12952664	2	nm0801507	actor	\N	\N
tt12952664	3	nm6607842	actress	\N	\N
tt12952664	4	nm12120309	actress	\N	\N
tt12952664	5	nm5096704	director	\N	\N
tt12952664	6	nm4152452	writer	\N	\N
tt12952664	7	nm3154357	producer	producer	\N
tt12952664	8	nm1159526	producer	producer	\N
tt12952664	9	nm1204661	actress	\N	\N
tt12952666	1	nm3448387	director	\N	\N
tt12952668	10	nm1374576	editor	\N	\N
tt12952668	1	nm3670005	actress	\N	["Maryska Cybulska"]
tt12952668	2	nm7597548	actress	\N	["Jagna Dobosz"]
tt12952668	3	nm1450664	actor	\N	["Brunon Malecki"]
tt12952668	4	nm3519100	actor	\N	["Patryk Karwowski"]
tt12952668	5	nm4846648	director	\N	\N
tt12952668	6	nm11098059	writer	screenplay	\N
tt12952668	7	nm11097782	writer	screenplay	\N
tt12952668	8	nm11097781	writer	head writer	\N
tt12952668	9	nm4060795	cinematographer	\N	\N
tt12952670	1	nm11840602	actor	\N	\N
tt12952670	2	nm7941771	actor	\N	\N
tt12952670	3	nm3976411	actor	\N	\N
tt12952670	4	nm10787185	actress	\N	\N
tt12952670	5	nm13458446	director	\N	\N
tt12952670	6	nm12729208	writer	written by	\N
tt12952670	7	nm12452557	cinematographer	\N	\N
tt12952670	8	nm12452542	cinematographer	\N	\N
tt12952670	9	nm12512885	actor	\N	["Young Jegam"]
tt12952672	1	nm11823555	actor	\N	\N
tt12952672	2	nm12120309	actress	\N	\N
tt12952672	3	nm6647257	actor	\N	\N
tt12952672	4	nm6607842	actress	\N	\N
tt12952672	5	nm5096704	director	\N	\N
tt12952672	6	nm4152452	writer	\N	\N
tt12952672	7	nm0801507	actor	\N	\N
tt12952672	8	nm1295603	actress	\N	\N
tt12952672	9	nm1204661	actress	\N	\N
tt12952674	1	nm3448387	director	\N	\N
tt12952674	2	nm6419855	director	\N	\N
tt12952676	1	nm0139146	actress	\N	["Anita"]
tt12952676	2	nm0249947	actress	\N	["Britt Monk"]
tt12952676	3	nm5810823	actress	\N	["Tesni Parri"]
tt12952676	4	nm0624333	actor	\N	["Colin"]
tt12952676	5	nm1746052	director	\N	\N
tt12952676	6	nm1343287	actor	\N	["Gerwyn Parri"]
tt12952680	10	nm3445979	actor	\N	\N
tt12952680	1	nm1295603	actress	\N	\N
tt12952680	2	nm0801507	actor	\N	\N
tt12952680	3	nm1204661	actress	\N	\N
tt12952680	4	nm11823555	actor	\N	\N
tt12952680	5	nm5096704	director	\N	\N
tt12952680	6	nm4152452	writer	\N	\N
tt12952680	7	nm12120309	actress	\N	\N
tt12952680	8	nm12120470	actress	\N	\N
tt12952680	9	nm4005971	actor	\N	\N
tt12952684	1	nm0525518	self	\N	["Self - Sprecher"]
tt12952684	2	nm9313141	writer	\N	\N
tt12952684	3	nm7169160	cinematographer	\N	\N
tt12952684	4	nm2376230	cinematographer	\N	\N
tt12952684	5	nm5431390	cinematographer	\N	\N
tt12952686	1	nm10830822	self	\N	["Self - Host"]
tt12952686	2	nm4058310	self	\N	["Self - Host"]
tt12952686	3	nm10830823	producer	producer	\N
tt12952688	1	nm3448387	director	\N	\N
tt12952688	2	nm6419855	director	\N	\N
tt12952690	10	nm2529452	self	\N	["Themselves"]
tt12952690	1	nm0018493	self	\N	["Self"]
tt12952690	2	nm0026053	self	\N	["Self"]
tt12952690	3	nm0051650	self	\N	["Self"]
tt12952690	4	nm0067192	self	\N	["Self"]
tt12952690	5	nm1069078	self	\N	["Self"]
tt12952690	6	nm0278922	self	\N	["Self"]
tt12952690	7	nm11836455	self	\N	["Self"]
tt12952690	8	nm0367078	self	\N	["Self"]
tt12952690	9	nm1426968	self	\N	["Self - Host"]
tt12952692	1	nm3448387	director	\N	\N
tt12952692	2	nm6419855	director	\N	\N
tt12952694	1	nm10830822	self	\N	["Self - Host"]
tt12952694	2	nm4058310	self	\N	["Self - Host"]
tt12952694	3	nm10830823	producer	producer	\N
tt12952696	1	nm3448387	director	\N	\N
tt12952696	2	nm6419855	director	\N	\N
tt12952698	1	nm11830968	actor	\N	["Guto Parri"]
tt12952698	2	nm5810823	actress	\N	["Tesni Parri"]
tt12952698	3	nm1343287	actor	\N	["Gerwyn Parri"]
tt12952698	4	nm8536460	actor	\N	["Mathew"]
tt12952698	5	nm1746052	director	\N	\N
tt12952698	6	nm4976120	actress	\N	["Sioned"]
tt12952704	1	nm3448387	director	\N	\N
tt12952704	2	nm6419855	director	\N	\N
tt12952706	1	nm10830822	self	\N	["Self - Host"]
tt12952706	2	nm4058310	self	\N	["Self - Host"]
tt12952706	3	nm10830823	producer	producer	\N
tt12952708	10	nm2204129	self	\N	["Self"]
tt12952708	1	nm1201806	self	\N	["Self"]
tt12952708	2	nm1513164	self	\N	["Self"]
tt12952708	3	nm11838314	self	\N	["Themselves"]
tt12952708	4	nm0391539	self	\N	["Self"]
tt12952708	5	nm11838313	self	\N	["Self"]
tt12952708	6	nm3637749	self	\N	["Themselves"]
tt12952708	7	nm1426968	self	\N	["Self - Host"]
tt12952708	8	nm1519591	self	\N	["Self"]
tt12952708	9	nm10774658	self	\N	["Themselves"]
tt12952714	1	nm1036545	actress	\N	["Jaclyn Parri"]
tt12952714	2	nm5810823	actress	\N	["Tesni Parri"]
tt12952714	3	nm1343287	actor	\N	["Gerwyn Parri"]
tt12952714	4	nm8536460	actor	\N	["Mathew"]
tt12952714	5	nm1746052	director	\N	\N
tt12952714	6	nm1087585	actress	\N	["Gaynor"]
tt12952716	1	nm10830822	self	\N	["Self - Host"]
tt12952716	2	nm4058310	self	\N	["Self - Host"]
tt12952716	3	nm10830823	actor	\N	["Mr. 97 - Self"]
tt12952718	1	nm0039629	self	\N	["Self - Presenter"]
tt12952718	2	nm2164154	self	\N	["Self"]
tt12952718	3	nm0420852	producer	producer	\N
tt12952720	1	nm0039629	self	\N	["Self - Presenter"]
tt12952720	2	nm0085650	self	\N	["Self"]
tt12952720	3	nm0420852	producer	producer	\N
tt12952722	1	nm0039629	self	\N	["Self - Presenter"]
tt12952722	2	nm0675727	self	\N	["Self"]
tt12952722	3	nm0420852	producer	producer	\N
tt12952724	1	nm0039629	self	\N	["Self - Presenter"]
tt12952724	2	nm0729727	self	\N	["Self"]
tt12952724	3	nm0420852	producer	producer	\N
tt12952726	1	nm0039629	self	\N	["Self - Presenter"]
tt12952726	2	nm0603449	self	\N	["Self"]
tt12952726	3	nm0936344	self	\N	["Self"]
tt12952726	4	nm0420852	producer	producer	\N
tt12952728	1	nm0039629	self	\N	["Self - Presenter"]
tt12952728	2	nm0420852	producer	producer	\N
tt12952734	1	nm2701563	self	\N	["Self - Host"]
tt12952734	2	nm9610238	archive_footage	\N	["Self"]
tt12952734	3	nm4735266	archive_footage	\N	["Self"]
tt12952734	4	nm4669740	self	\N	["Self"]
tt12952734	5	nm11683683	archive_footage	\N	["Self"]
tt12952734	6	nm9483512	self	\N	["Self - Panellist"]
tt12952734	7	nm3317393	self	\N	["Self - Panellist"]
tt12952734	8	nm1701992	archive_footage	\N	["Self"]
tt12952734	9	nm11059593	self	\N	["Self - Panellist"]
tt12952740	1	nm10830822	self	\N	["Self - Host"]
tt12952740	2	nm4058310	self	\N	["Self - Host"]
tt12952740	3	nm10830823	actor	\N	["Mr. 97 - Self"]
tt12952748	1	nm10830822	self	\N	["Self - Host"]
tt12952748	2	nm4058310	self	\N	["Self - Host"]
tt12952748	3	nm10830823	producer	producer	\N
tt12952752	1	nm0260567	director	\N	\N
tt12952756	1	nm2745248	self	\N	["Self - Host"]
tt12952756	2	nm4784280	self	\N	["Self - Host"]
tt12952756	3	nm1437954	self	\N	["Self - Host"]
tt12952756	4	nm2948726	self	\N	["Self - Host"]
tt12952756	5	nm2585775	self	\N	["Self - Reporter"]
tt12952756	6	nm6640531	self	\N	["Self - Reporter"]
tt12952764	1	nm5852613	self	\N	["Self"]
tt12952764	2	nm9894647	self	\N	["Self"]
tt12952764	3	nm8667438	self	\N	["Self"]
tt12952764	4	nm11838384	self	\N	["Self"]
tt12952764	5	nm10052187	self	\N	["Self"]
tt12952770	1	nm0039629	self	\N	["Self - Presenter"]
tt12952770	2	nm1645330	self	\N	["Self"]
tt12952770	3	nm0420852	producer	producer	\N
tt12952772	10	nm11837981	self	\N	["Self"]
tt12952772	1	nm11837120	self	\N	["Self"]
tt12952772	2	nm11838268	self	\N	["Self"]
tt12952772	3	nm5175654	self	\N	["Self - Host"]
tt12952772	4	nm11837121	self	\N	["Self"]
tt12952772	5	nm11837122	self	\N	["Self"]
tt12952772	6	nm11837123	self	\N	["Self"]
tt12952772	7	nm11837910	self	\N	["Self"]
tt12952772	8	nm11837887	self	\N	["Self"]
tt12952772	9	nm8376880	self	\N	["Self - Host"]
tt12952774	1	nm0039629	self	\N	["Self - Presenter"]
tt12952774	2	nm0925930	self	\N	["Self"]
tt12952774	3	nm0420852	producer	producer	\N
tt12952776	1	nm1091782	self	\N	["Self"]
tt12952776	2	nm2432722	self	\N	["Self"]
tt12952776	3	nm7626790	self	\N	["Self"]
tt12952776	4	nm11309536	self	\N	["Self"]
tt12952776	5	nm5535093	self	\N	["Self"]
tt12952776	6	nm10363121	self	\N	["Self"]
tt12952776	7	nm7896378	self	\N	["Self"]
tt12952776	8	nm11838185	self	\N	["Self"]
tt12952778	1	nm0039629	self	\N	["Self - Presenter"]
tt12952778	2	nm0001088	self	\N	["Self"]
tt12952778	3	nm0420852	producer	producer	\N
tt12952780	1	nm0039629	self	\N	["Self - Presenter"]
tt12952780	2	nm0144180	self	\N	["Self"]
tt12952780	3	nm0420852	producer	producer	\N
tt12952782	1	nm0039629	self	\N	["Self - Presenter"]
tt12952782	2	nm0522884	self	\N	["Self"]
tt12952782	3	nm0420852	producer	producer	\N
tt12952784	1	nm0039629	self	\N	["Self - Presenter"]
tt12952784	2	nm0862776	self	\N	["Self"]
tt12952784	3	nm0420852	producer	producer	\N
tt12952786	1	nm0039629	self	\N	["Self - Presenter"]
tt12952786	2	nm0005358	self	\N	["Self"]
tt12952786	3	nm0420852	producer	producer	\N
tt12952790	1	nm5852613	self	\N	["Self"]
tt12952790	2	nm10052196	self	\N	["Self"]
tt12952790	3	nm7460461	self	\N	["Self"]
tt12952790	4	nm10052195	self	\N	["Self"]
tt12952790	5	nm10052187	self	\N	["Self"]
tt12952790	6	nm10052193	self	\N	["Self"]
tt12952792	10	nm11837981	self	\N	["Self"]
tt12952792	1	nm11837120	self	\N	["Self"]
tt12952792	2	nm11838268	self	\N	["Self"]
tt12952792	3	nm5175654	self	\N	["Self - Host"]
tt12952792	4	nm11837121	self	\N	["Self"]
tt12952792	5	nm11837122	self	\N	["Self"]
tt12952792	6	nm11837123	self	\N	["Self"]
tt12952792	7	nm11837910	self	\N	["Self"]
tt12952792	8	nm11837887	self	\N	["Self"]
tt12952792	9	nm8376880	self	\N	["Self - Host"]
tt12952796	10	nm11837981	self	\N	["Self"]
tt12952796	1	nm11837120	self	\N	["Self"]
tt12952796	2	nm11838268	self	\N	["Self"]
tt12952796	3	nm5175654	self	\N	["Self - Host"]
tt12952796	4	nm11837121	self	\N	["Self"]
tt12952796	5	nm11837122	self	\N	["Self"]
tt12952796	6	nm11837123	self	\N	["Self"]
tt12952796	7	nm11837910	self	\N	["Self"]
tt12952796	8	nm11837887	self	\N	["Self"]
tt12952796	9	nm8376880	self	\N	["Self - Host"]
tt12952798	1	nm8667438	self	\N	["Self"]
tt12952798	2	nm3133737	self	\N	["Self"]
tt12952798	3	nm10052187	self	\N	["Self"]
tt12952802	1	nm1091782	self	\N	["Self"]
tt12952802	2	nm2432722	self	\N	["Self"]
tt12952802	3	nm11309536	self	\N	["Self"]
tt12952802	4	nm5535093	self	\N	["Self"]
tt12952802	5	nm10363121	self	\N	["Self"]
tt12952802	6	nm7896378	self	\N	["Self"]
tt12952802	7	nm7896412	self	\N	["Self"]
tt12952802	8	nm7626790	self	\N	["Self"]
tt12952802	9	nm11838185	self	\N	["Self"]
tt12952806	10	nm11837981	self	\N	["Self"]
tt12952806	1	nm11837120	self	\N	["Self"]
tt12952806	2	nm11838268	self	\N	["Self"]
tt12952806	3	nm5175654	self	\N	["Self - Host"]
tt12952806	4	nm11837121	self	\N	["Self"]
tt12952806	5	nm11837122	self	\N	["Self"]
tt12952806	6	nm11837123	self	\N	["Self"]
tt12952806	7	nm11837910	self	\N	["Self"]
tt12952806	8	nm11837887	self	\N	["Self"]
tt12952806	9	nm8376880	self	\N	["Self - Host"]
tt12952808	10	nm11837981	self	\N	["Self"]
tt12952808	1	nm11837120	self	\N	["Self"]
tt12952808	2	nm11838268	self	\N	["Self"]
tt12952808	3	nm5175654	self	\N	["Self - Host"]
tt12952808	4	nm11837121	self	\N	["Self"]
tt12952808	5	nm11837122	self	\N	["Self"]
tt12952808	6	nm11837123	self	\N	["Self"]
tt12952808	7	nm11837910	self	\N	["Self"]
tt12952808	8	nm11837887	self	\N	["Self"]
tt12952808	9	nm8376880	self	\N	["Self - Host"]
tt12952810	1	nm10052443	self	\N	["Self"]
tt12952810	2	nm10052196	self	\N	["Self"]
tt12952810	3	nm7460461	self	\N	["Self"]
tt12952810	4	nm10052187	self	\N	["Self"]
tt12952814	10	nm11837981	self	\N	["Self"]
tt12952814	1	nm11837120	self	\N	["Self"]
tt12952814	2	nm11838268	self	\N	["Self"]
tt12952814	3	nm5175654	self	\N	["Self - Host"]
tt12952814	4	nm11837121	self	\N	["Self"]
tt12952814	5	nm11837122	self	\N	["Self"]
tt12952814	6	nm11837123	self	\N	["Self"]
tt12952814	7	nm11837910	self	\N	["Self"]
tt12952814	8	nm11837887	self	\N	["Self"]
tt12952814	9	nm8376880	self	\N	["Self - Host"]
tt12952816	10	nm11837981	self	\N	["Self"]
tt12952816	1	nm11837120	self	\N	["Self"]
tt12952816	2	nm11838268	self	\N	["Self"]
tt12952816	3	nm5175654	self	\N	["Self - Host"]
tt12952816	4	nm11837121	self	\N	["Self"]
tt12952816	5	nm11837122	self	\N	["Self"]
tt12952816	6	nm11837123	self	\N	["Self"]
tt12952816	7	nm11837910	self	\N	["Self"]
tt12952816	8	nm11837887	self	\N	["Self"]
tt12952816	9	nm8376880	self	\N	["Self - Host"]
tt12952818	1	nm10052196	self	\N	["Self"]
tt12952818	2	nm7460461	self	\N	["Self"]
tt12952818	3	nm10052195	self	\N	["Self"]
tt12952818	4	nm10052193	self	\N	["Self"]
tt12952820	10	nm0674482	actress	\N	["Competitor","self"]
tt12952820	1	nm0009349	actor	\N	["Competitor","self"]
tt12952820	2	nm2018321	actor	\N	["Competitor","self"]
tt12952820	3	nm0216922	actress	\N	["Competitor","self"]
tt12952820	4	nm1350281	actor	\N	["Competitor","self"]
tt12952820	5	nm11826230	director	\N	\N
tt12952820	6	nm12209450	producer	producer	\N
tt12952820	7	nm12210218	producer	producer	\N
tt12952820	8	nm11725404	composer	\N	\N
tt12952820	9	nm1155254	actress	\N	["Host","self"]
tt12952824	10	nm11837981	self	\N	["Self"]
tt12952824	1	nm11837120	self	\N	["Self"]
tt12952824	2	nm11838268	self	\N	["Self"]
tt12952824	3	nm5175654	self	\N	["Self - Host"]
tt12952824	4	nm11837121	self	\N	["Self"]
tt12952824	5	nm11837122	self	\N	["Self"]
tt12952824	6	nm11837123	self	\N	["Self"]
tt12952824	7	nm11837910	self	\N	["Self"]
tt12952824	8	nm11837887	self	\N	["Self"]
tt12952824	9	nm8376880	self	\N	["Self - Host"]
tt12952826	10	nm1863397	writer	writer	\N
tt12952826	1	nm4670149	actress	\N	["Nazaré Gomes"]
tt12952826	2	nm2150974	actor	\N	["Duarte Blanco"]
tt12952826	3	nm0683747	actor	\N	["Toni Silva"]
tt12952826	4	nm3019381	actor	\N	["Rui Tavares"]
tt12952826	5	nm3476112	director	\N	\N
tt12952826	6	nm0136649	director	\N	\N
tt12952826	7	nm0854104	director	\N	\N
tt12952826	8	nm3053362	writer	writer	\N
tt12952826	9	nm2792470	writer	writer	\N
tt12952828	10	nm4060795	cinematographer	\N	\N
tt12952828	1	nm3670005	actress	\N	["Maryska Cybulska"]
tt12952828	2	nm7597548	actress	\N	["Jagna Dobosz"]
tt12952828	3	nm1450664	actor	\N	["Brunon Malecki"]
tt12952828	4	nm3519100	actor	\N	["Patryk Karwowski"]
tt12952828	5	nm4846648	director	\N	\N
tt12952828	6	nm11098083	writer	screenplay	\N
tt12952828	7	nm11098059	writer	screenplay	\N
tt12952828	8	nm11097781	writer	head writer	\N
tt12952828	9	nm1370801	cinematographer	\N	\N
tt12952832	10	nm11837118	self	\N	["Self"]
tt12952832	1	nm11837120	self	\N	["Self"]
tt12952832	2	nm11838268	self	\N	["Self"]
tt12952832	3	nm5175654	self	\N	["Self - Host"]
tt12952832	4	nm11837122	self	\N	["Self"]
tt12952832	5	nm11837123	self	\N	["Self"]
tt12952832	6	nm11837910	self	\N	["Self"]
tt12952832	7	nm11837887	self	\N	["Self"]
tt12952832	8	nm8376880	self	\N	["Self - Host"]
tt12952832	9	nm11837981	self	\N	["Self"]
tt12952838	10	nm11837118	self	\N	["Self"]
tt12952838	1	nm11837120	self	\N	["Self"]
tt12952838	2	nm11838268	self	\N	["Self"]
tt12952838	3	nm5175654	self	\N	["Self - Host"]
tt12952838	4	nm11837122	self	\N	["Self"]
tt12952838	5	nm11837123	self	\N	["Self"]
tt12952838	6	nm11837910	self	\N	["Self"]
tt12952838	7	nm11837887	self	\N	["Self"]
tt12952838	8	nm8376880	self	\N	["Self - Host"]
tt12952838	9	nm11837981	self	\N	["Self"]
tt12952840	1	nm5810823	actress	\N	["Tesni Parri"]
tt12952840	2	nm7606520	actor	\N	["Rhys"]
tt12952840	3	nm11838400	actor	\N	["Iolo"]
tt12952840	4	nm8536460	actor	\N	["Mathew"]
tt12952840	5	nm11831088	director	\N	\N
tt12952840	6	nm4976120	actress	\N	["Sioned"]
tt12952842	1	nm0664071	actor	\N	["Leonidas Fokas (captain)"]
tt12952842	2	nm0355232	actor	\N	["Charis Kanelos (first mate)"]
tt12952842	3	nm1069746	actress	\N	["Valeria Poulopoulou (singer)"]
tt12952842	4	nm0857513	actress	\N	["Myrto Mavroyialourou (ship owner)"]
tt12952842	5	nm0631805	actress	\N	["Antzy Lambrou"]
tt12952842	6	nm0819994	actor	\N	["Vlassis (steward)"]
tt12952842	7	nm1165561	actress	\N	["Gogo (Hairstylist) (2001-2002)"]
tt12952842	8	nm0098211	actor	\N	["Alekos Apostolou (doctor)"]
tt12952842	9	nm1007346	actor	\N	["Aristides Drougas (accountant)"]
tt12952844	1	nm0944985	actress	\N	["Shinchan Nohara"]
tt12952848	1	nm0664071	actor	\N	["Leonidas Fokas (captain)"]
tt12952848	2	nm0355232	actor	\N	["Charis Kanelos (first mate)"]
tt12952848	3	nm1069746	actress	\N	["Valeria Poulopoulou (singer)"]
tt12952848	4	nm0857513	actress	\N	["Myrto Mavroyialourou (ship owner)"]
tt12952848	5	nm0631805	actress	\N	["Antzy Lambrou"]
tt12952848	6	nm0819994	actor	\N	["Vlassis (steward)"]
tt12952848	7	nm1165561	actress	\N	["Gogo (Hairstylist) (2001-2002)"]
tt12952848	8	nm0098211	actor	\N	["Alekos Apostolou (doctor)"]
tt12952848	9	nm1007346	actor	\N	["Aristides Drougas (accountant)"]
tt12952850	1	nm10052196	self	\N	["Self"]
tt12952850	2	nm10052444	self	\N	["Self"]
tt12952850	3	nm7460461	self	\N	["Self"]
tt12952850	4	nm10052445	self	\N	["Self"]
tt12952850	5	nm9894646	self	\N	["Self"]
tt12952850	6	nm9577719	self	\N	["Self"]
tt12952852	10	nm6973598	editor	\N	\N
tt12952852	1	nm0218942	actor	\N	\N
tt12952852	2	nm2063406	actress	\N	["Kano"]
tt12952852	3	nm0441161	actress	\N	\N
tt12952852	4	nm3607741	actress	\N	\N
tt12952852	5	nm8141358	director	\N	\N
tt12952852	6	nm7442906	producer	producer	\N
tt12952852	7	nm2091448	producer	producer	\N
tt12952852	8	nm5880576	composer	\N	\N
tt12952852	9	nm8530984	cinematographer	\N	\N
tt12952854	10	nm1183414	actress	\N	["Mela Papastefanou (gymnast) (2001-2002)"]
tt12952854	1	nm0664071	actor	\N	["Leonidas Fokas (captain)"]
tt12952854	2	nm0355232	actor	\N	["Charis Kanelos (first mate)"]
tt12952854	3	nm1069746	actress	\N	["Valeria Poulopoulou (singer)"]
tt12952854	4	nm0857513	actress	\N	["Myrto Mavroyialourou (ship owner)"]
tt12952854	5	nm0631805	actress	\N	["Antzy Lambrou"]
tt12952854	6	nm0819994	actor	\N	["Vlassis (steward)"]
tt12952854	7	nm1165561	actress	\N	["Gogo (Hairstylist) (2001-2002)"]
tt12952854	8	nm0098211	actor	\N	["Alekos Apostolou (doctor)"]
tt12952854	9	nm1007346	actor	\N	["Aristides Drougas (accountant)"]
tt12952858	10	nm1863397	writer	writer	\N
tt12952858	1	nm4670149	actress	\N	["Nazaré Gomes"]
tt12952858	2	nm2150974	actor	\N	["Duarte Blanco"]
tt12952858	3	nm0683747	actor	\N	["Toni Silva"]
tt12952858	4	nm3019381	actor	\N	["Rui Tavares"]
tt12952858	5	nm3476112	director	\N	\N
tt12952858	6	nm0136649	director	\N	\N
tt12952858	7	nm0854104	director	\N	\N
tt12952858	8	nm3053362	writer	writer	\N
tt12952858	9	nm2792470	writer	writer	\N
tt12952860	10	nm1183414	actress	\N	["Mela Papastefanou (gymnast) (2001-2002)"]
tt12952860	1	nm0664071	actor	\N	["Leonidas Fokas (captain)"]
tt12952860	2	nm0355232	actor	\N	["Charis Kanelos (first mate)"]
tt12952860	3	nm1069746	actress	\N	["Valeria Poulopoulou (singer)"]
tt12952860	4	nm0857513	actress	\N	["Myrto Mavroyialourou (ship owner)"]
tt12952860	5	nm0631805	actress	\N	["Antzy Lambrou"]
tt12952860	6	nm0819994	actor	\N	["Vlassis (steward)"]
tt12952860	7	nm1165561	actress	\N	["Gogo (Hairstylist) (2001-2002)"]
tt12952860	8	nm0098211	actor	\N	["Alekos Apostolou (doctor)"]
tt12952860	9	nm1007346	actor	\N	["Aristides Drougas (accountant)"]
tt12952866	1	nm0203594	actor	\N	["Mark"]
tt12952866	2	nm1036545	actress	\N	["Jaclyn Parri"]
tt12952866	3	nm5810823	actress	\N	["Tesni Parri"]
tt12952866	4	nm0654086	actress	\N	["Ffion"]
tt12952866	5	nm0394245	director	\N	\N
tt12952866	6	nm1343287	actor	\N	["Gerwyn Parri"]
tt12952870	1	nm3133737	self	\N	["Self"]
tt12952870	2	nm8782243	self	\N	["Self"]
tt12952870	3	nm10057335	self	\N	["Self"]
tt12952870	4	nm9182244	self	\N	["Self"]
tt12952870	5	nm5638331	self	\N	["Self"]
tt12952872	1	nm0031893	actor	\N	["Jason"]
tt12952872	2	nm1036545	actress	\N	["Jaclyn Parri"]
tt12952872	3	nm5810823	actress	\N	["Tesni Parri"]
tt12952872	4	nm0605028	actress	\N	["Brenda Parri"]
tt12952872	5	nm0394245	director	\N	\N
tt12952872	6	nm1343287	actor	\N	["Gerwyn Parri"]
tt12952874	1	nm10066104	self	\N	["Self"]
tt12952874	2	nm9894646	self	\N	["Self"]
tt12952874	3	nm3133737	self	\N	["Self"]
tt12952874	4	nm10057335	self	\N	["Self"]
tt12952874	5	nm9182244	self	\N	["Self"]
tt12952874	6	nm10052194	self	\N	["Self"]
tt12952876	1	nm0944985	actress	\N	["Shinchan Nohara"]
tt12952884	1	nm10325135	director	\N	\N
tt12952884	2	nm10365417	director	\N	\N
tt12952884	3	nm11838406	writer	narration written by	\N
tt12952884	4	nm10365588	writer	narration written by	\N
tt12952884	5	nm10365581	composer	\N	\N
tt12952886	10	nm0718329	self	\N	["Self"]
tt12952886	1	nm1679620	self	\N	["Self - Host"]
tt12952886	2	nm5527399	self	\N	["Self - Host"]
tt12952886	3	nm4224746	self	\N	["Self - Capitã"]
tt12952886	4	nm1482014	self	\N	["Self - Capitão"]
tt12952886	5	nm8101260	self	\N	["Self"]
tt12952886	6	nm0299129	self	\N	["Self"]
tt12952886	7	nm1101722	self	\N	["Self"]
tt12952886	8	nm0481153	self	\N	["Self"]
tt12952886	9	nm1521240	self	\N	["Self"]
tt12952888	1	nm4507569	actor	\N	["Seyfi"]
tt12952888	2	nm0259877	actress	\N	["Bülent"]
tt12952888	3	nm1761274	actor	\N	\N
tt12952888	4	nm0354563	actor	\N	["Turgut"]
tt12952888	5	nm1864715	director	\N	\N
tt12952888	6	nm0876561	writer	\N	\N
tt12952888	7	nm0408389	producer	producer	\N
tt12952888	8	nm1759520	actor	\N	["Hakan"]
tt12952888	9	nm2880253	actor	\N	\N
tt12952890	1	nm2484602	self	\N	["Self - Host"]
tt12952890	2	nm0023450	self	\N	["Self"]
tt12952892	1	nm0664071	actor	\N	["Leonidas Fokas (captain)"]
tt12952892	2	nm0355232	actor	\N	["Charis Kanelos (first mate)"]
tt12952892	3	nm1069746	actress	\N	["Valeria Poulopoulou (singer)"]
tt12952892	4	nm0857513	actress	\N	["Myrto Mavroyialourou (ship owner)"]
tt12952892	5	nm0631805	actress	\N	["Antzy Lambrou"]
tt12952892	6	nm0819994	actor	\N	["Vlassis (steward)"]
tt12952892	7	nm1165561	actress	\N	["Gogo (Hairstylist) (2001-2002)"]
tt12952892	8	nm0098211	actor	\N	["Alekos Apostolou (doctor)"]
tt12952892	9	nm1007346	actor	\N	["Aristides Drougas (accountant)"]
tt12952894	1	nm0664071	actor	\N	["Leonidas Fokas (captain)"]
tt12952894	2	nm0355232	actor	\N	["Charis Kanelos (first mate)"]
tt12952894	3	nm1069746	actress	\N	["Valeria Poulopoulou (singer)"]
tt12952894	4	nm0857513	actress	\N	["Myrto Mavroyialourou (ship owner)"]
tt12952894	5	nm0631805	actress	\N	["Antzy Lambrou"]
tt12952894	6	nm0819994	actor	\N	["Vlassis (steward)"]
tt12952894	7	nm1165561	actress	\N	["Gogo (Hairstylist) (2001-2002)"]
tt12952894	8	nm0098211	actor	\N	["Alekos Apostolou (doctor)"]
tt12952894	9	nm1007346	actor	\N	["Aristides Drougas (accountant)"]
tt12952896	1	nm0664071	actor	\N	["Leonidas Fokas (captain)"]
tt12952896	2	nm0355232	actor	\N	["Charis Kanelos (first mate)"]
tt12952896	3	nm1069746	actress	\N	["Valeria Poulopoulou (singer)"]
tt12952896	4	nm0857513	actress	\N	["Myrto Mavroyialourou (ship owner)"]
tt12952896	5	nm0631805	actress	\N	["Antzy Lambrou"]
tt12952896	6	nm0819994	actor	\N	["Vlassis (steward)"]
tt12952896	7	nm1165561	actress	\N	["Gogo (Hairstylist) (2001-2002)"]
tt12952896	8	nm0098211	actor	\N	["Alekos Apostolou (doctor)"]
tt12952896	9	nm1007346	actor	\N	["Aristides Drougas (accountant)"]
tt12952898	1	nm0664071	actor	\N	["Leonidas Fokas (captain)"]
tt12952898	2	nm0355232	actor	\N	["Charis Kanelos (first mate)"]
tt12952898	3	nm1069746	actress	\N	["Valeria Poulopoulou (singer)"]
tt12952898	4	nm0857513	actress	\N	["Myrto Mavroyialourou (ship owner)"]
tt12952898	5	nm0631805	actress	\N	["Antzy Lambrou"]
tt12952898	6	nm0819994	actor	\N	["Vlassis (steward)"]
tt12952898	7	nm1165561	actress	\N	["Gogo (Hairstylist) (2001-2002)"]
tt12952898	8	nm0098211	actor	\N	["Alekos Apostolou (doctor)"]
tt12952900	10	nm1374576	editor	\N	\N
tt12952900	1	nm3670005	actress	\N	["Maryska Cybulska"]
tt12952900	2	nm7597548	actress	\N	["Jagna Dobosz"]
tt12952900	3	nm1450664	actor	\N	["Brunon Malecki"]
tt12952900	4	nm3519100	actor	\N	["Patryk Karwowski"]
tt12952900	5	nm4846648	director	\N	\N
tt12952900	6	nm11098059	writer	screenplay	\N
tt12952900	7	nm11097782	writer	screenplay	\N
tt12952900	8	nm11097781	writer	head writer	\N
tt12952900	9	nm10299663	cinematographer	\N	\N
tt12952902	1	nm0664071	actor	\N	["Leonidas Fokas (captain)"]
tt12952902	2	nm0355232	actor	\N	["Charis Kanelos (first mate)"]
tt12952902	3	nm1069746	actress	\N	["Valeria Poulopoulou (singer)"]
tt12952902	4	nm0857513	actress	\N	["Myrto Mavroyialourou (ship owner)"]
tt12952902	5	nm0631805	actress	\N	["Antzy Lambrou"]
tt12952902	6	nm0819994	actor	\N	["Vlassis (steward)"]
tt12952902	7	nm1165561	actress	\N	["Gogo (Hairstylist) (2001-2002)"]
tt12952902	8	nm0098211	actor	\N	["Alekos Apostolou (doctor)"]
tt12952902	9	nm1007346	actor	\N	["Aristides Drougas (accountant)"]
tt12952904	1	nm0664071	actor	\N	["Leonidas Fokas (captain)"]
tt12952904	2	nm0355232	actor	\N	["Charis Kanelos (first mate)"]
tt12952904	3	nm1069746	actress	\N	["Valeria Poulopoulou (singer)"]
tt12952904	4	nm0857513	actress	\N	["Myrto Mavroyialourou (ship owner)"]
tt12952904	5	nm0631805	actress	\N	["Antzy Lambrou"]
tt12952904	6	nm0819994	actor	\N	["Vlassis (steward)"]
tt12952904	7	nm1165561	actress	\N	["Gogo (Hairstylist) (2001-2002)"]
tt12952904	8	nm0098211	actor	\N	["Alekos Apostolou (doctor)"]
tt12952904	9	nm1007346	actor	\N	["Aristides Drougas (accountant)"]
tt12952906	10	nm9808591	actor	\N	["Lu Yao"]
tt12952906	1	nm11838427	actor	\N	["Sterling"]
tt12952906	2	nm11838425	actor	\N	["Marquis Harvey"]
tt12952906	3	nm2531281	actor	\N	["Anderson"]
tt12952906	4	nm7050766	actress	\N	["Meng Xiaoyun"]
tt12952906	5	nm8922015	director	\N	\N
tt12952906	6	nm8084230	director	executive director	\N
tt12952906	7	nm11547588	director	executive director	\N
tt12952906	8	nm3123134	writer	\N	\N
tt12952906	9	nm11838423	writer	screenplay	\N
tt12952910	1	nm0203746	actress	\N	["Sara"]
tt12952910	2	nm0400935	actress	\N	["Kath"]
tt12952910	3	nm11830968	actor	\N	["Guto Parri"]
tt12952910	4	nm5810823	actress	\N	["Tesni Parri"]
tt12952910	5	nm8624638	director	\N	\N
tt12952910	6	nm0605028	actress	\N	["Brenda Parri"]
tt12952912	1	nm0664071	actor	\N	["Leonidas Fokas (captain)"]
tt12952912	2	nm0355232	actor	\N	["Charis Kanelos (first mate)"]
tt12952912	3	nm1069746	actress	\N	["Valeria Poulopoulou (singer)"]
tt12952912	4	nm0857513	actress	\N	["Myrto Mavroyialourou (ship owner)"]
tt12952912	5	nm0631805	actress	\N	["Antzy Lambrou"]
tt12952912	6	nm0819994	actor	\N	["Vlassis (steward)"]
tt12952912	7	nm1165561	actress	\N	["Gogo (Hairstylist) (2001-2002)"]
tt12952912	8	nm0098211	actor	\N	["Alekos Apostolou (doctor)"]
tt12952912	9	nm1007346	actor	\N	["Aristides Drougas (accountant)"]
tt12952916	1	nm5284673	actress	\N	["Yin"]
tt12952916	2	nm11838430	actor	\N	["God"]
tt12952916	3	nm11838429	actor	\N	["Yang"]
tt12952916	4	nm4741512	director	\N	\N
tt12952916	5	nm9631735	composer	\N	\N
tt12952918	1	nm0039629	self	\N	["Self - Presenter"]
tt12952918	2	nm1067821	self	\N	["Self"]
tt12952918	3	nm0420852	producer	producer	\N
tt12952920	1	nm0039629	self	\N	["Self - Presenter"]
tt12952920	2	nm0930932	self	\N	["Self"]
tt12952920	3	nm0420852	producer	producer	\N
tt12952922	1	nm0039629	self	\N	["Self - Presenter"]
tt12952922	2	nm0574978	self	\N	["Self"]
tt12952922	3	nm0420852	producer	producer	\N
tt12952924	1	nm0039629	self	\N	["Self - Presenter"]
tt12952924	2	nm0911844	self	\N	["Self"]
tt12952924	3	nm0420852	producer	producer	\N
tt12952926	1	nm0039629	self	\N	["Self - Presenter"]
tt12952926	2	nm0001088	self	\N	["Self"]
tt12952926	3	nm0420852	producer	producer	\N
tt12952928	1	nm0039629	self	\N	["Self - Presenter"]
tt12952928	2	nm0393506	self	\N	["Self"]
tt12952928	3	nm0420852	producer	producer	\N
tt12952930	1	nm0039629	self	\N	["Self - Presenter"]
tt12952930	2	nm0098344	self	\N	["Self"]
tt12952930	3	nm0420852	producer	producer	\N
tt12952936	1	nm4154021	actor	\N	["Sam Weto"]
tt12952936	2	nm4080474	actress	\N	["Dr. Lilian Kareithi"]
tt12952936	3	nm10789525	actor	\N	["Michael Kareithi"]
tt12952936	4	nm12498978	actress	\N	["Judy Weto"]
tt12952936	5	nm6515020	director	\N	\N
tt12952936	6	nm8027553	writer	\N	\N
tt12952936	7	nm11542556	cinematographer	\N	\N
tt12952936	8	nm12498979	actress	\N	["Sifa Weto"]
tt12952938	10	nm1855165	self	\N	["Self","competitor"]
tt12952938	1	nm0009349	self	\N	["Self","competitor"]
tt12952938	2	nm11837242	actress	\N	["Dancing","self"]
tt12952938	3	nm1155254	actress	\N	["Host","self"]
tt12952938	4	nm11838434	actor	\N	["Doña Concha","Competitor"]
tt12952938	5	nm11826230	director	\N	\N
tt12952938	6	nm12209450	producer	producer	\N
tt12952938	7	nm12210218	producer	producer	\N
tt12952938	8	nm11725404	composer	\N	\N
tt12952938	9	nm7048523	actor	\N	["Doña Blanca Nieves","Competitor"]
tt12952940	1	nm0944985	actress	\N	["Shinchan Nohara"]
tt12952942	1	nm1036545	actress	\N	["Jaclyn Parri"]
tt12952942	2	nm5810823	actress	\N	["Tesni Parri"]
tt12952942	3	nm1343287	actor	\N	["Gerwyn Parri"]
tt12952942	4	nm11838400	actor	\N	["Iolo"]
tt12952942	5	nm8624638	director	\N	\N
tt12952942	6	nm7059716	actor	\N	["Tyler"]
tt12952944	1	nm9966120	self	\N	["Self"]
tt12952944	2	nm1591899	actor	\N	\N
tt12952944	3	nm8334521	actor	\N	\N
tt12952944	4	nm9516532	self	\N	["Self"]
tt12952944	5	nm6571003	actor	\N	\N
tt12952944	6	nm10382397	actor	\N	\N
tt12952944	7	nm7745059	actor	\N	\N
tt12952944	8	nm0729528	self	\N	["Self"]
tt12952944	9	nm9516351	actor	\N	\N
tt12952952	10	nm1863397	writer	writer	\N
tt12952952	1	nm4670149	actress	\N	["Nazaré Gomes"]
tt12952952	2	nm2150974	actor	\N	["Duarte Blanco"]
tt12952952	3	nm0683747	actor	\N	["Toni Silva"]
tt12952952	4	nm3019381	actor	\N	["Rui Tavares"]
tt12952952	5	nm3476112	director	\N	\N
tt12952952	6	nm0136649	director	\N	\N
tt12952952	7	nm0854104	director	\N	\N
tt12952952	8	nm3053362	writer	writer	\N
tt12952952	9	nm2792470	writer	writer	\N
tt12952954	1	nm1036545	actress	\N	["Jaclyn Parri"]
tt12952954	2	nm11830968	actor	\N	["Guto Parri"]
tt12952954	3	nm5810823	actress	\N	["Tesni Parri"]
tt12952954	4	nm1343287	actor	\N	["Gerwyn Parri"]
tt12952954	5	nm4851680	director	\N	\N
tt12952954	6	nm8536460	actor	\N	["Mathew"]
tt12952958	1	nm0944985	actress	\N	["Shinchan Nohara"]
tt12952958	2	nm0594084	director	\N	\N
tt12952962	1	nm11316462	self	\N	["Self"]
tt12952962	2	nm7284843	self	\N	["Self"]
tt12952962	3	nm11836647	self	\N	["Self"]
tt12952962	4	nm11836646	self	\N	["Self"]
tt12952966	1	nm11316462	self	\N	["Self"]
tt12952966	2	nm7284843	self	\N	["Self"]
tt12952966	3	nm11836647	self	\N	["Self"]
tt12952966	4	nm11836646	self	\N	["Self"]
tt12952968	10	nm1863397	writer	writer	\N
tt12952968	1	nm4670149	actress	\N	["Nazaré Gomes"]
tt12952968	2	nm2150974	actor	\N	["Duarte Blanco"]
tt12952968	3	nm0683747	actor	\N	["Toni Silva"]
tt12952968	4	nm3019381	actor	\N	["Rui Tavares"]
tt12952968	5	nm3476112	director	\N	\N
tt12952968	6	nm0136649	director	\N	\N
tt12952968	7	nm0854104	director	\N	\N
tt12952968	8	nm3053362	writer	writer	\N
tt12952968	9	nm2792470	writer	writer	\N
tt12952970	1	nm6329711	self	\N	["Self - Host"]
tt12952970	2	nm1422942	self	\N	["Self - Contestant"]
tt12952970	3	nm1907024	self	\N	["Self - Contestant"]
tt12952970	4	nm10066999	self	\N	["Self - Contestant"]
tt12952970	5	nm0989930	self	\N	["Self - Contestant"]
tt12952972	1	nm6329711	self	\N	["Self - Host"]
tt12952972	2	nm1422942	self	\N	["Self - Contestant"]
tt12952972	3	nm1907024	self	\N	["Self - Contestant"]
tt12952972	4	nm10066999	self	\N	["Self - Contestant"]
tt12952972	5	nm0989930	self	\N	["Self - Contestant"]
tt12952974	1	nm11316462	self	\N	["Self"]
tt12952974	2	nm7284843	self	\N	["Self"]
tt12952974	3	nm11836647	self	\N	["Self"]
tt12952974	4	nm11836646	self	\N	["Self"]
tt12952982	1	nm11784465	director	\N	\N
tt12952986	1	nm0944985	actress	\N	["Shinchan Nohara"]
tt12952986	2	nm1060975	director	\N	\N
tt12952988	1	nm6839215	actor	\N	\N
tt12952988	2	nm5737767	director	\N	\N
tt12952988	3	nm11838453	writer	\N	\N
tt12952988	4	nm8728570	cinematographer	director of photography	\N
tt12952990	1	nm11316462	self	\N	["Self"]
tt12952990	2	nm7284843	self	\N	["Self"]
tt12952990	3	nm11836647	self	\N	["Self"]
tt12952990	4	nm11836646	self	\N	["Self"]
tt12952994	10	nm1863397	writer	writer	\N
tt12952994	1	nm4670149	actress	\N	["Nazaré Gomes"]
tt12952994	2	nm2150974	actor	\N	["Duarte Blanco"]
tt12952994	3	nm0683747	actor	\N	["Toni Silva"]
tt12952994	4	nm3019381	actor	\N	["Rui Tavares"]
tt12952994	5	nm3476112	director	\N	\N
tt12952994	6	nm0136649	director	\N	\N
tt12952994	7	nm0854104	director	\N	\N
tt12952994	8	nm3053362	writer	writer	\N
tt12952994	9	nm2792470	writer	writer	\N
tt12952998	1	nm11316462	self	\N	["Self"]
tt12952998	2	nm7284843	self	\N	["Self"]
tt12952998	3	nm11836647	self	\N	["Self"]
tt12953000	1	nm11316462	self	\N	["Self"]
tt12953000	2	nm7284843	self	\N	["Self"]
tt12953000	3	nm11836647	self	\N	["Self"]
tt12953000	4	nm11836646	self	\N	["Self"]
tt12953002	10	nm11837118	self	\N	["Self"]
tt12953002	1	nm11837120	self	\N	["Self"]
tt12953002	2	nm11838268	self	\N	["Self"]
tt12953002	3	nm5175654	self	\N	["Self - Host"]
tt12953002	4	nm11837122	self	\N	["Self"]
tt12953002	5	nm11837123	self	\N	["Self"]
tt12953002	6	nm11837910	self	\N	["Self"]
tt12953002	7	nm11837887	self	\N	["Self"]
tt12953002	8	nm8376880	self	\N	["Self - Host"]
tt12953002	9	nm11837981	self	\N	["Self"]
tt12953006	1	nm11316462	self	\N	["Self"]
tt12953006	2	nm7284843	self	\N	["Self"]
tt12953006	3	nm11836647	self	\N	["Self"]
tt12953006	4	nm11836646	self	\N	["Self"]
tt12953008	1	nm1036545	actress	\N	["Jaclyn Parri"]
tt12953008	2	nm11830968	actor	\N	["Guto Parri"]
tt12953008	3	nm5810823	actress	\N	["Tesni Parri"]
tt12953008	4	nm0680576	actress	\N	["Kelly Evans"]
tt12953008	5	nm1086324	director	\N	\N
tt12953008	6	nm1528612	actor	\N	["Ed"]
tt12953016	10	nm11838399	self	\N	["Self"]
tt12953016	1	nm11837120	self	\N	["Self"]
tt12953016	2	nm11838268	self	\N	["Self"]
tt12953016	3	nm5175654	self	\N	["Self - Host"]
tt12953016	4	nm11837122	self	\N	["Self"]
tt12953016	5	nm11837123	self	\N	["Self"]
tt12953016	6	nm11837910	self	\N	["Self"]
tt12953016	7	nm11837887	self	\N	["Self"]
tt12953016	8	nm8376880	self	\N	["Self - Host"]
tt12953016	9	nm11837118	self	\N	["Self"]
tt12953020	10	nm11838399	self	\N	["Self"]
tt12953020	1	nm11837120	self	\N	["Self"]
tt12953020	2	nm11838268	self	\N	["Self"]
tt12953020	3	nm5175654	self	\N	["Self - Host"]
tt12953020	4	nm11837122	self	\N	["Self"]
tt12953020	5	nm11837123	self	\N	["Self"]
tt12953020	6	nm11837910	self	\N	["Self"]
tt12953020	7	nm11837887	self	\N	["Self"]
tt12953020	8	nm8376880	self	\N	["Self - Host"]
tt12953020	9	nm11837118	self	\N	["Self"]
tt12953024	10	nm11838399	self	\N	["Self"]
tt12953024	1	nm11837120	self	\N	["Self"]
tt12953024	2	nm11838268	self	\N	["Self"]
tt12953024	3	nm5175654	self	\N	["Self - Host"]
tt12953024	4	nm11837122	self	\N	["Self"]
tt12953024	5	nm11837123	self	\N	["Self"]
tt12953024	6	nm11837910	self	\N	["Self"]
tt12953024	7	nm11837887	self	\N	["Self"]
tt12953024	8	nm8376880	self	\N	["Self - Host"]
tt12953024	9	nm11837118	self	\N	["Self"]
tt12953026	1	nm0944985	actress	\N	["Shinchan Nohara"]
tt12953028	1	nm5741914	self	\N	["Self - Host"]
tt12953030	10	nm11838399	self	\N	["Self"]
tt12953030	1	nm11837120	self	\N	["Self"]
tt12953030	2	nm11838268	self	\N	["Self"]
tt12953030	3	nm5175654	self	\N	["Self - Host"]
tt12953030	4	nm11837122	self	\N	["Self"]
tt12953030	5	nm11837123	self	\N	["Self"]
tt12953030	6	nm11837910	self	\N	["Self"]
tt12953030	7	nm11837887	self	\N	["Self"]
tt12953030	8	nm8376880	self	\N	["Self - Host"]
tt12953030	9	nm11837118	self	\N	["Self"]
tt12953034	1	nm11838462	actor	\N	["Karan"]
tt12953034	2	nm11821605	actress	\N	["Rhea"]
tt12953034	3	nm10518178	director	\N	\N
tt12953034	4	nm3193041	writer	written by	\N
tt12953034	5	nm9842377	composer	\N	\N
tt12953034	6	nm10542289	cinematographer	\N	\N
tt12953036	1	nm11838463	writer	\N	\N
tt12953036	2	nm0961227	composer	\N	\N
tt12953036	3	nm11838464	composer	\N	\N
tt12953038	1	nm0664071	actor	\N	["Leonidas Fokas (captain)"]
tt12953038	2	nm0355232	actor	\N	["Charis Kanelos (first mate)"]
tt12953038	3	nm1069746	actress	\N	["Valeria Poulopoulou (singer)"]
tt12953038	4	nm0857513	actress	\N	["Myrto Mavroyialourou (ship owner)"]
tt12953038	5	nm0631805	actress	\N	["Antzy Lambrou"]
tt12953038	6	nm0819994	actor	\N	["Vlassis (steward)"]
tt12953038	7	nm1165561	actress	\N	["Gogo (Hairstylist) (2001-2002)"]
tt12953038	8	nm0098211	actor	\N	["Alekos Apostolou (doctor)"]
tt12953038	9	nm1007346	actor	\N	["Aristides Drougas (accountant)"]
tt12953040	1	nm0664071	actor	\N	["Leonidas Fokas (captain)"]
tt12953040	2	nm0355232	actor	\N	["Charis Kanelos (first mate)"]
tt12953040	3	nm1069746	actress	\N	["Valeria Poulopoulou (singer)"]
tt12953040	4	nm0857513	actress	\N	["Myrto Mavroyialourou (ship owner)"]
tt12953040	5	nm0631805	actress	\N	["Antzy Lambrou"]
tt12953040	6	nm0819994	actor	\N	["Vlassis (steward)"]
tt12953040	7	nm1165561	actress	\N	["Gogo (Hairstylist) (2001-2002)"]
tt12953040	8	nm0098211	actor	\N	["Alekos Apostolou (doctor)"]
tt12953040	9	nm1007346	actor	\N	["Aristides Drougas (accountant)"]
tt12953042	1	nm0664071	actor	\N	["Leonidas Fokas (captain)"]
tt12953042	2	nm0355232	actor	\N	["Charis Kanelos (first mate)"]
tt12953042	3	nm1069746	actress	\N	["Valeria Poulopoulou (singer)"]
tt12953042	4	nm0857513	actress	\N	["Myrto Mavroyialourou (ship owner)"]
tt12953042	5	nm0631805	actress	\N	["Antzy Lambrou"]
tt12953042	6	nm0819994	actor	\N	["Vlassis (steward)"]
tt12953042	7	nm1165561	actress	\N	["Gogo (Hairstylist) (2001-2002)"]
tt12953042	8	nm0098211	actor	\N	["Alekos Apostolou (doctor)"]
tt12953042	9	nm1007346	actor	\N	["Aristides Drougas (accountant)"]
tt12953046	1	nm0664071	actor	\N	["Leonidas Fokas (captain)"]
tt12953046	2	nm0355232	actor	\N	["Charis Kanelos (first mate)"]
tt12953046	3	nm1069746	actress	\N	["Valeria Poulopoulou (singer)"]
tt12953046	4	nm0857513	actress	\N	["Myrto Mavroyialourou (ship owner)"]
tt12953046	5	nm0631805	actress	\N	["Antzy Lambrou"]
tt12953046	6	nm0819994	actor	\N	["Vlassis (steward)"]
tt12953046	7	nm1165561	actress	\N	["Gogo (Hairstylist) (2001-2002)"]
tt12953046	8	nm0098211	actor	\N	["Alekos Apostolou (doctor)"]
tt12953046	9	nm1007346	actor	\N	["Aristides Drougas (accountant)"]
tt12953048	10	nm11838399	self	\N	["Self"]
tt12953048	1	nm11837120	self	\N	["Self"]
tt12953048	2	nm11838268	self	\N	["Self"]
tt12953048	3	nm5175654	self	\N	["Self - Host"]
tt12953048	4	nm11837122	self	\N	["Self"]
tt12953048	5	nm11837123	self	\N	["Self"]
tt12953048	6	nm11837910	self	\N	["Self"]
tt12953048	7	nm11837887	self	\N	["Self"]
tt12953048	8	nm8376880	self	\N	["Self - Host"]
tt12953048	9	nm11837118	self	\N	["Self"]
tt12953050	1	nm0664071	actor	\N	["Leonidas Fokas (captain)"]
tt12953050	2	nm0355232	actor	\N	["Charis Kanelos (first mate)"]
tt12953050	3	nm1069746	actress	\N	["Valeria Poulopoulou (singer)"]
tt12953050	4	nm0857513	actress	\N	["Myrto Mavroyialourou (ship owner)"]
tt12953050	5	nm0631805	actress	\N	["Antzy Lambrou"]
tt12953050	6	nm0819994	actor	\N	["Vlassis (steward)"]
tt12953050	7	nm1165561	actress	\N	["Gogo (Hairstylist) (2001-2002)"]
tt12953050	8	nm0098211	actor	\N	["Alekos Apostolou (doctor)"]
tt12953050	9	nm1007346	actor	\N	["Aristides Drougas (accountant)"]
tt12953052	1	nm0664071	actor	\N	["Leonidas Fokas (captain)"]
tt12953052	2	nm0355232	actor	\N	["Charis Kanelos (first mate)"]
tt12953052	3	nm1069746	actress	\N	["Valeria Poulopoulou (singer)"]
tt12953052	4	nm0857513	actress	\N	["Myrto Mavroyialourou (ship owner)"]
tt12953052	5	nm0631805	actress	\N	["Antzy Lambrou"]
tt12953052	6	nm0819994	actor	\N	["Vlassis (steward)"]
tt12953052	7	nm1165561	actress	\N	["Gogo (Hairstylist) (2001-2002)"]
tt12953052	8	nm0098211	actor	\N	["Alekos Apostolou (doctor)"]
tt12953052	9	nm1007346	actor	\N	["Aristides Drougas (accountant)"]
tt12953054	10	nm0829923	actor	\N	["Sprecher"]
tt12953054	1	nm9787524	self	\N	["Self"]
tt12953054	2	nm11712651	self	\N	["Self"]
tt12953054	3	nm9787871	self	\N	["Self"]
tt12953054	4	nm11838465	self	\N	["Self"]
tt12953054	5	nm1181069	writer	writer	\N
tt12953054	6	nm1935486	cinematographer	\N	\N
tt12953054	7	nm1912887	cinematographer	\N	\N
tt12953054	8	nm1927450	editor	\N	\N
tt12953054	9	nm9792157	self	\N	["Self"]
tt12953058	1	nm0664071	actor	\N	["Leonidas Fokas (captain)"]
tt12953058	2	nm0355232	actor	\N	["Charis Kanelos (first mate)"]
tt12953058	3	nm1069746	actress	\N	["Valeria Poulopoulou (singer)"]
tt12953058	4	nm0857513	actress	\N	["Myrto Mavroyialourou (ship owner)"]
tt12953058	5	nm0631805	actress	\N	["Antzy Lambrou"]
tt12953058	6	nm0819994	actor	\N	["Vlassis (steward)"]
tt12953058	7	nm1165561	actress	\N	["Gogo (Hairstylist) (2001-2002)"]
tt12953058	8	nm0098211	actor	\N	["Alekos Apostolou (doctor)"]
tt12953058	9	nm1007346	actor	\N	["Aristides Drougas (accountant)"]
tt12953060	10	nm11838399	self	\N	["Self"]
tt12953060	1	nm11837120	self	\N	["Self"]
tt12953060	2	nm11838268	self	\N	["Self"]
tt12953060	3	nm5175654	self	\N	["Self - Host"]
tt12953060	4	nm11837122	self	\N	["Self"]
tt12953060	5	nm11837123	self	\N	["Self"]
tt12953060	6	nm11837910	self	\N	["Self"]
tt12953060	7	nm11837887	self	\N	["Self"]
tt12953060	8	nm8376880	self	\N	["Self - Host"]
tt12953060	9	nm11837118	self	\N	["Self"]
tt12953062	1	nm0664071	actor	\N	["Leonidas Fokas (captain)"]
tt12953062	2	nm0355232	actor	\N	["Charis Kanelos (first mate)"]
tt12953062	3	nm1069746	actress	\N	["Valeria Poulopoulou (singer)"]
tt12953062	4	nm0857513	actress	\N	["Myrto Mavroyialourou (ship owner)"]
tt12953062	5	nm0631805	actress	\N	["Antzy Lambrou"]
tt12953062	6	nm0819994	actor	\N	["Vlassis (steward)"]
tt12953062	7	nm1165561	actress	\N	["Gogo (Hairstylist) (2001-2002)"]
tt12953062	8	nm0098211	actor	\N	["Alekos Apostolou (doctor)"]
tt12953062	9	nm1007346	actor	\N	["Aristides Drougas (accountant)"]
tt12953066	1	nm0664071	actor	\N	["Leonidas Fokas (captain)"]
tt12953066	2	nm0355232	actor	\N	["Charis Kanelos (first mate)"]
tt12953066	3	nm1069746	actress	\N	["Valeria Poulopoulou (singer)"]
tt12953066	4	nm0857513	actress	\N	["Myrto Mavroyialourou (ship owner)"]
tt12953066	5	nm0631805	actress	\N	["Antzy Lambrou"]
tt12953066	6	nm0819994	actor	\N	["Vlassis (steward)"]
tt12953066	7	nm1165561	actress	\N	["Gogo (Hairstylist) (2001-2002)"]
tt12953066	8	nm0098211	actor	\N	["Alekos Apostolou (doctor)"]
tt12953066	9	nm1007346	actor	\N	["Aristides Drougas (accountant)"]
tt12953068	1	nm0664071	actor	\N	["Leonidas Fokas (captain)"]
tt12953068	2	nm0355232	actor	\N	["Charis Kanelos (first mate)"]
tt12953068	3	nm1069746	actress	\N	["Valeria Poulopoulou (singer)"]
tt12953068	4	nm0857513	actress	\N	["Myrto Mavroyialourou (ship owner)"]
tt12953068	5	nm0631805	actress	\N	["Antzy Lambrou"]
tt12953068	6	nm0819994	actor	\N	["Vlassis (steward)"]
tt12953068	7	nm1165561	actress	\N	["Gogo (Hairstylist) (2001-2002)"]
tt12953068	8	nm0098211	actor	\N	["Alekos Apostolou (doctor)"]
tt12953068	9	nm1007346	actor	\N	["Aristides Drougas (accountant)"]
tt12953070	10	nm11838399	self	\N	["Self"]
tt12953070	1	nm11837120	self	\N	["Self"]
tt12953070	2	nm11838268	self	\N	["Self"]
tt12953070	3	nm5175654	self	\N	["Self - Host"]
tt12953070	4	nm11837122	self	\N	["Self"]
tt12953070	5	nm11837123	self	\N	["Self"]
tt12953070	6	nm11837910	self	\N	["Self"]
tt12953070	7	nm11837887	self	\N	["Self"]
tt12953070	8	nm8376880	self	\N	["Self - Host"]
tt12953070	9	nm11837118	self	\N	["Self"]
tt12953072	1	nm0341311	self	\N	["Self - Host"]
tt12953072	2	nm11809330	self	\N	["Themselves"]
tt12953072	3	nm0512388	self	\N	["Self - Orchestra Leader"]
tt12953072	4	nm0548840	self	\N	["Self"]
tt12953072	5	nm3016495	self	\N	["Themselves"]
tt12953072	6	nm10209326	self	\N	["Self"]
tt12953072	7	nm0853067	self	\N	["Self"]
tt12953072	8	nm0894682	self	\N	["Self"]
tt12953074	1	nm0944985	actress	\N	["Shinchan Nohara"]
tt12953076	1	nm0039629	self	\N	["Self - Presenter"]
tt12953076	2	nm1451837	self	\N	["Self"]
tt12953076	3	nm0924263	producer	producer	\N
tt12953080	1	nm0039629	self	\N	["Self - Presenter"]
tt12953080	2	nm0145321	self	\N	["Self"]
tt12953080	3	nm0924263	producer	producer	\N
tt12953082	1	nm0039629	self	\N	["Self - Presenter"]
tt12953082	2	nm0349899	self	\N	["Self"]
tt12953082	3	nm0924263	producer	producer	\N
tt12953084	1	nm0039629	self	\N	["Self - Presenter"]
tt12953084	2	nm0924263	producer	producer	\N
tt12953086	1	nm0039629	self	\N	["Self - Presenter"]
tt12953086	2	nm0652104	self	\N	["Self"]
tt12953086	3	nm0005287	self	\N	["Self"]
tt12953086	4	nm0652116	self	\N	["Self"]
tt12953086	5	nm0924263	producer	producer	\N
tt12953088	1	nm0039629	self	\N	["Self - Presenter"]
tt12953088	2	nm0033613	self	\N	["Self"]
tt12953088	3	nm6206113	self	\N	["Self"]
tt12953088	4	nm0924263	producer	producer	\N
tt12953090	1	nm0039629	self	\N	["Self - Presenter"]
tt12953090	2	nm1286491	self	\N	["Self"]
tt12953090	3	nm0924263	producer	producer	\N
tt12953092	10	nm11838399	self	\N	["Self"]
tt12953092	1	nm11837120	self	\N	["Self"]
tt12953092	2	nm11838268	self	\N	["Self"]
tt12953092	3	nm5175654	self	\N	["Self - Host"]
tt12953092	4	nm11837122	self	\N	["Self"]
tt12953092	5	nm11837123	self	\N	["Self"]
tt12953092	6	nm11837910	self	\N	["Self"]
tt12953092	7	nm11837887	self	\N	["Self"]
tt12953092	8	nm8376880	self	\N	["Self - Host"]
tt12953092	9	nm11837118	self	\N	["Self"]
tt12953094	1	nm0039629	self	\N	["Self - Presenter"]
tt12953094	2	nm1445102	self	\N	["Self"]
tt12953094	3	nm0924263	producer	producer	\N
tt12953096	1	nm0039629	self	\N	["Self - Presenter"]
tt12953096	2	nm0235741	self	\N	["Self"]
tt12953096	3	nm0796283	self	\N	["Self"]
tt12953096	4	nm0924263	producer	producer	\N
tt12953098	1	nm0039629	self	\N	["Self - Presenter"]
tt12953098	2	nm10349234	self	\N	["Self"]
tt12953098	3	nm0924263	producer	producer	\N
tt12953102	1	nm0039629	self	\N	["Self - Presenter"]
tt12953102	2	nm0261390	self	\N	["Self"]
tt12953102	3	nm0924263	producer	producer	\N
tt12953104	10	nm11838399	self	\N	["Self"]
tt12953104	1	nm11837120	self	\N	["Self"]
tt12953104	2	nm11838268	self	\N	["Self"]
tt12953104	3	nm5175654	self	\N	["Self - Host"]
tt12953104	4	nm11837122	self	\N	["Self"]
tt12953104	5	nm11837123	self	\N	["Self"]
tt12953104	6	nm11837910	self	\N	["Self"]
tt12953104	7	nm11837887	self	\N	["Self"]
tt12953104	8	nm8376880	self	\N	["Self - Host"]
tt12953104	9	nm11837118	self	\N	["Self"]
tt12953108	10	nm11838399	self	\N	["Self"]
tt12953108	1	nm11837120	self	\N	["Self"]
tt12953108	2	nm11838268	self	\N	["Self"]
tt12953108	3	nm5175654	self	\N	["Self - Host"]
tt12953108	4	nm11837122	self	\N	["Self"]
tt12953108	5	nm11837123	self	\N	["Self"]
tt12953108	6	nm11837910	self	\N	["Self"]
tt12953108	7	nm11837887	self	\N	["Self"]
tt12953108	8	nm8376880	self	\N	["Self - Host"]
tt12953108	9	nm11837118	self	\N	["Self"]
tt12953112	10	nm12940511	actor	\N	["Mesonero Loco","Mesonero de 'La comidita'"]
tt12953112	1	nm0059689	actress	\N	["Competitor","self"]
tt12953112	2	nm1155254	actress	\N	["Host","self"]
tt12953112	3	nm0526022	actor	\N	["Competitor","self"]
tt12953112	4	nm1402813	actor	\N	["Competitor","self"]
tt12953112	5	nm11826230	director	\N	\N
tt12953112	6	nm12209450	producer	producer	\N
tt12953112	7	nm12210218	producer	producer	\N
tt12953112	8	nm11725404	composer	\N	\N
tt12953112	9	nm1003513	actress	\N	["Competitor","self"]
tt12953116	10	nm11838399	self	\N	["Self"]
tt12953116	1	nm11837120	self	\N	["Self"]
tt12953116	2	nm11838268	self	\N	["Self"]
tt12953116	3	nm5175654	self	\N	["Self - Host"]
tt12953116	4	nm11837122	self	\N	["Self"]
tt12953116	5	nm11837123	self	\N	["Self"]
tt12953116	6	nm11837910	self	\N	["Self"]
tt12953116	7	nm11837887	self	\N	["Self"]
tt12953116	8	nm8376880	self	\N	["Self - Host"]
tt12953116	9	nm11837118	self	\N	["Self"]
tt12953120	10	nm11838399	self	\N	["Self"]
tt12953120	1	nm11837120	self	\N	["Self"]
tt12953120	2	nm11838268	self	\N	["Self"]
tt12953120	3	nm5175654	self	\N	["Self - Host"]
tt12953120	4	nm11837122	self	\N	["Self"]
tt12953120	5	nm11837123	self	\N	["Self"]
tt12953120	6	nm11837910	self	\N	["Self"]
tt12953120	7	nm11837887	self	\N	["Self"]
tt12953120	8	nm8376880	self	\N	["Self - Host"]
tt12953120	9	nm11837118	self	\N	["Self"]
tt12953124	10	nm11838399	self	\N	["Self"]
tt12953124	1	nm11837120	self	\N	["Self"]
tt12953124	2	nm11838268	self	\N	["Self"]
tt12953124	3	nm5175654	self	\N	["Self - Host"]
tt12953124	4	nm11837122	self	\N	["Self"]
tt12953124	5	nm11837123	self	\N	["Self"]
tt12953124	6	nm11837910	self	\N	["Self"]
tt12953124	7	nm11837887	self	\N	["Self"]
tt12953124	8	nm8376880	self	\N	["Self - Host"]
tt12953124	9	nm11837118	self	\N	["Self"]
tt12953126	10	nm11838399	self	\N	["Self"]
tt12953126	1	nm11837120	self	\N	["Self"]
tt12953126	2	nm11838268	self	\N	["Self"]
tt12953126	3	nm5175654	self	\N	["Self - Host"]
tt12953126	4	nm11837122	self	\N	["Self"]
tt12953126	5	nm11837123	self	\N	["Self"]
tt12953126	6	nm11837910	self	\N	["Self"]
tt12953126	7	nm11837887	self	\N	["Self"]
tt12953126	8	nm8376880	self	\N	["Self - Host"]
tt12953126	9	nm11837118	self	\N	["Self"]
tt12953134	10	nm8951741	self	\N	["Self"]
tt12953134	1	nm11837120	self	\N	["Self"]
tt12953134	2	nm11838268	self	\N	["Self"]
tt12953134	3	nm5175654	self	\N	["Self - Host"]
tt12953134	4	nm11837122	self	\N	["Self"]
tt12953134	5	nm11837123	self	\N	["Self"]
tt12953134	6	nm11837910	self	\N	["Self"]
tt12953134	7	nm11837887	self	\N	["Self"]
tt12953134	8	nm8376880	self	\N	["Self - Host"]
tt12953134	9	nm11837118	self	\N	["Self"]
tt12953144	1	nm5455622	self	\N	["Self"]
tt12953144	2	nm2110232	self	\N	["Self"]
tt12953144	3	nm3140538	self	\N	["Self"]
tt12953144	4	nm6639179	self	\N	["Self"]
tt12953144	5	nm1351760	director	\N	\N
tt12953144	6	nm7754501	cinematographer	\N	\N
tt12953150	1	nm2277399	director	\N	\N
tt12953158	1	nm0341311	self	\N	["Self - Host"]
tt12953158	2	nm0226887	self	\N	["Self"]
tt12953158	3	nm0359454	self	\N	["Self"]
tt12953158	4	nm0482881	self	\N	["Self"]
tt12953158	5	nm0512388	self	\N	["Self - Orchestra Leader"]
tt12953158	6	nm3016495	self	\N	["Themselves"]
tt12953158	7	nm0628233	self	\N	["Self"]
tt12953164	10	nm1720564	editor	\N	\N
tt12953164	1	nm3670005	actress	\N	["Maryska Cybulska"]
tt12953164	2	nm7597548	actress	\N	["Jagna Dobosz"]
tt12953164	3	nm1450664	actor	\N	["Brunon Malecki"]
tt12953164	4	nm3519100	actor	\N	["Patryk Karwowski"]
tt12953164	5	nm9717416	director	\N	\N
tt12953164	6	nm11098083	writer	screenplay	\N
tt12953164	7	nm11098059	writer	screenplay	\N
tt12953164	8	nm11097781	writer	head writer	\N
tt12953164	9	nm4060795	cinematographer	\N	\N
tt12953170	1	nm0341311	self	\N	["Self - Host"]
tt12953170	2	nm0139888	self	\N	["Self"]
tt12953170	3	nm0001016	self	\N	["Self"]
tt12953170	4	nm0512388	self	\N	["Self - Orchestra Leader"]
tt12953170	5	nm3016495	self	\N	["Themselves"]
tt12953170	6	nm0770742	self	\N	["Self"]
tt12953170	7	nm0832415	self	\N	["Self"]
tt12953172	1	nm0944985	actress	\N	["Shinchan Nohara"]
tt12953174	1	nm0341311	self	\N	["Self - Host"]
tt12953174	2	nm0117711	self	\N	["Self - German actress"]
tt12953174	3	nm0206241	self	\N	["Self"]
tt12953174	4	nm0512388	self	\N	["Self - Orchestra Leader"]
tt12953174	5	nm3016495	self	\N	["Themselves"]
tt12953174	6	nm0680645	self	\N	["Self"]
tt12953174	7	nm0001636	self	\N	["Self"]
tt12953176	1	nm11834601	writer	writer	\N
tt12953178	1	nm7229091	director	\N	\N
tt12953180	1	nm0944985	actress	\N	["Shinchan Nohara"]
tt12953182	1	nm11838404	producer	producer	\N
tt12953182	2	nm11838497	composer	\N	\N
tt12953182	3	nm11245777	editor	\N	\N
tt12953184	1	nm0462086	actress	\N	["Shinchan Nohara"]
tt12953186	1	nm0664071	actor	\N	["Leonidas Fokas (captain)"]
tt12953186	2	nm0355232	actor	\N	["Charis Kanelos (first mate)"]
tt12953186	3	nm1069746	actress	\N	["Valeria Poulopoulou (singer)"]
tt12953186	4	nm0857513	actress	\N	["Myrto Mavroyialourou (ship owner)"]
tt12953186	5	nm0631805	actress	\N	["Antzy Lambrou"]
tt12953186	6	nm0819994	actor	\N	["Vlassis (steward)"]
tt12953186	7	nm1165561	actress	\N	["Gogo (Hairstylist) (2001-2002)"]
tt12953186	8	nm0098211	actor	\N	["Alekos Apostolou (doctor)"]
tt12953186	9	nm1007346	actor	\N	["Aristides Drougas (accountant)"]
tt12953188	1	nm0664071	actor	\N	["Leonidas Fokas (captain)"]
tt12953188	2	nm0355232	actor	\N	["Charis Kanelos (first mate)"]
tt12953188	3	nm1069746	actress	\N	["Valeria Poulopoulou (singer)"]
tt12953188	4	nm0857513	actress	\N	["Myrto Mavroyialourou (ship owner)"]
tt12953188	5	nm0631805	actress	\N	["Antzy Lambrou"]
tt12953188	6	nm0819994	actor	\N	["Vlassis (steward)"]
tt12953188	7	nm1165561	actress	\N	["Gogo (Hairstylist) (2001-2002)"]
tt12953188	8	nm0098211	actor	\N	["Alekos Apostolou (doctor)"]
tt12953188	9	nm1007346	actor	\N	["Aristides Drougas (accountant)"]
tt12953190	1	nm2294372	self	\N	["Self"]
tt12953190	2	nm0834934	self	\N	["Self"]
tt12953190	3	nm13956697	self	\N	["Self"]
tt12953190	4	nm13956698	self	\N	["Self"]
tt12953190	5	nm0624619	director	\N	\N
tt12953190	6	nm0029570	producer	producer	\N
tt12953190	7	nm0371067	editor	\N	\N
tt12953190	8	nm13956699	self	\N	["Self"]
tt12953192	1	nm0664071	actor	\N	["Leonidas Fokas (captain)"]
tt12953192	2	nm0355232	actor	\N	["Charis Kanelos (first mate)"]
tt12953192	3	nm1069746	actress	\N	["Valeria Poulopoulou (singer)"]
tt12953192	4	nm0857513	actress	\N	["Myrto Mavroyialourou (ship owner)"]
tt12953192	5	nm0631805	actress	\N	["Antzy Lambrou"]
tt12953192	6	nm0819994	actor	\N	["Vlassis (steward)"]
tt12953192	7	nm1165561	actress	\N	["Gogo (Hairstylist) (2001-2002)"]
tt12953192	8	nm0098211	actor	\N	["Alekos Apostolou (doctor)"]
tt12953192	9	nm1007346	actor	\N	["Aristides Drougas (accountant)"]
tt12953194	1	nm11834601	writer	writer	\N
tt12953196	1	nm0664071	actor	\N	["Leonidas Fokas (captain)"]
tt12953196	2	nm0355232	actor	\N	["Charis Kanelos (first mate)"]
tt12953196	3	nm1069746	actress	\N	["Valeria Poulopoulou (singer)"]
tt12953196	4	nm0857513	actress	\N	["Myrto Mavroyialourou (ship owner)"]
tt12953196	5	nm0631805	actress	\N	["Antzy Lambrou"]
tt12953196	6	nm0819994	actor	\N	["Vlassis (steward)"]
tt12953196	7	nm1165561	actress	\N	["Gogo (Hairstylist) (2001-2002)"]
tt12953196	8	nm0098211	actor	\N	["Alekos Apostolou (doctor)"]
tt12953196	9	nm1007346	actor	\N	["Aristides Drougas (accountant)"]
tt12953198	1	nm0664071	actor	\N	["Leonidas Fokas (captain)"]
tt12953198	2	nm0355232	actor	\N	["Charis Kanelos (first mate)"]
tt12953198	3	nm1069746	actress	\N	["Valeria Poulopoulou (singer)"]
tt12953198	4	nm0857513	actress	\N	["Myrto Mavroyialourou (ship owner)"]
tt12953198	5	nm0631805	actress	\N	["Antzy Lambrou"]
tt12953198	6	nm0819994	actor	\N	["Vlassis (steward)"]
tt12953198	7	nm1165561	actress	\N	["Gogo (Hairstylist) (2001-2002)"]
tt12953198	8	nm0098211	actor	\N	["Alekos Apostolou (doctor)"]
tt12953198	9	nm1007346	actor	\N	["Aristides Drougas (accountant)"]
tt12953200	1	nm0664071	actor	\N	["Leonidas Fokas (captain)"]
tt12953200	2	nm0355232	actor	\N	["Charis Kanelos (first mate)"]
tt12953200	3	nm1069746	actress	\N	["Valeria Poulopoulou (singer)"]
tt12953200	4	nm0857513	actress	\N	["Myrto Mavroyialourou (ship owner)"]
tt12953200	5	nm0631805	actress	\N	["Antzy Lambrou"]
tt12953200	6	nm0819994	actor	\N	["Vlassis (steward)"]
tt12953200	7	nm1165561	actress	\N	["Gogo (Hairstylist) (2001-2002)"]
tt12953200	8	nm0098211	actor	\N	["Alekos Apostolou (doctor)"]
tt12953200	9	nm1007346	actor	\N	["Aristides Drougas (accountant)"]
tt12953202	1	nm0341311	self	\N	["Self - Host"]
tt12953202	2	nm0143800	self	\N	["Self - 'Oh, Coward!' Broadway cast member"]
tt12953202	3	nm0177260	self	\N	["Self - 'Oh, Coward!' Director & Broadway cast member"]
tt12953202	4	nm0001247	self	\N	["Self"]
tt12953202	5	nm0441069	self	\N	["Self"]
tt12953202	6	nm0512388	self	\N	["Self - Orchestra Leader"]
tt12953202	7	nm0557292	self	\N	["Self"]
tt12953202	8	nm3016495	self	\N	["Themselves"]
tt12953202	9	nm0743494	self	\N	["Self - 'Oh, Coward!' Broadway cast member"]
tt12953206	1	nm0664071	actor	\N	["Leonidas Fokas (captain)"]
tt12953206	2	nm0355232	actor	\N	["Charis Kanelos (first mate)"]
tt12953206	3	nm1069746	actress	\N	["Valeria Poulopoulou (singer)"]
tt12953206	4	nm0857513	actress	\N	["Myrto Mavroyialourou (ship owner)"]
tt12953206	5	nm0631805	actress	\N	["Antzy Lambrou"]
tt12953206	6	nm0819994	actor	\N	["Vlassis (steward)"]
tt12953206	7	nm1165561	actress	\N	["Gogo (Hairstylist) (2001-2002)"]
tt12953206	8	nm0098211	actor	\N	["Alekos Apostolou (doctor)"]
tt12953206	9	nm1007346	actor	\N	["Aristides Drougas (accountant)"]
tt12953210	1	nm0664071	actor	\N	["Leonidas Fokas (captain)"]
tt12953210	2	nm0355232	actor	\N	["Charis Kanelos (first mate)"]
tt12953210	3	nm1069746	actress	\N	["Valeria Poulopoulou (singer)"]
tt12953210	4	nm0857513	actress	\N	["Myrto Mavroyialourou (ship owner)"]
tt12953210	5	nm0631805	actress	\N	["Antzy Lambrou"]
tt12953210	6	nm0819994	actor	\N	["Vlassis (steward)"]
tt12953210	7	nm1165561	actress	\N	["Gogo (Hairstylist) (2001-2002)"]
tt12953210	8	nm0098211	actor	\N	["Alekos Apostolou (doctor)"]
tt12953210	9	nm1007346	actor	\N	["Aristides Drougas (accountant)"]
tt12953214	1	nm2713262	self	\N	["Self - Host"]
tt12953214	2	nm0207834	self	\N	["Self"]
tt12953214	3	nm2926006	self	\N	["Self - Astrólogo"]
tt12953214	4	nm11838502	self	\N	["Self"]
tt12953214	5	nm8640339	self	\N	["Self"]
tt12953214	6	nm0478615	self	\N	["Self"]
tt12953214	7	nm0481297	self	\N	["Self"]
tt12953214	8	nm6097230	self	\N	["Self - Co-Host"]
tt12953220	1	nm0664071	actor	\N	["Leonidas Fokas (captain)"]
tt12953220	2	nm0355232	actor	\N	["Charis Kanelos (first mate)"]
tt12953220	3	nm1069746	actress	\N	["Valeria Poulopoulou (singer)"]
tt12953220	4	nm0857513	actress	\N	["Myrto Mavroyialourou (ship owner)"]
tt12953220	5	nm0631805	actress	\N	["Antzy Lambrou"]
tt12953220	6	nm0819994	actor	\N	["Vlassis (steward)"]
tt12953220	7	nm1165561	actress	\N	["Gogo (Hairstylist) (2001-2002)"]
tt12953220	8	nm0098211	actor	\N	["Alekos Apostolou (doctor)"]
tt12953220	9	nm1007346	actor	\N	["Aristides Drougas (accountant)"]
tt12953226	1	nm3159561	actress	\N	["Megha Ramin Khan"]
tt12953236	10	nm11838510	actor	\N	\N
tt12953236	1	nm5320403	actress	\N	\N
tt12953236	2	nm11838521	actor	\N	\N
tt12953236	3	nm9561909	actor	\N	\N
tt12953236	4	nm11838518	actress	\N	\N
tt12953236	5	nm11838522	composer	\N	\N
tt12953236	6	nm11838519	actress	\N	\N
tt12953236	7	nm8452260	actor	\N	\N
tt12953236	8	nm10416789	actress	\N	\N
tt12953236	9	nm11838517	actor	\N	\N
tt12953260	1	nm6097230	self	\N	["Self - Reporter"]
tt12953262	10	nm11098564	cinematographer	\N	\N
tt12953262	1	nm3670005	actress	\N	["Maryska Cybulska"]
tt12953262	2	nm7597548	actress	\N	["Jagna Dobosz"]
tt12953262	3	nm1450664	actor	\N	["Brunon Malecki"]
tt12953262	4	nm3519100	actor	\N	["Patryk Karwowski"]
tt12953262	5	nm9717416	director	\N	\N
tt12953262	6	nm11098059	writer	screenplay	\N
tt12953262	7	nm11097782	writer	screenplay	\N
tt12953262	8	nm11097781	writer	head writer	\N
tt12953262	9	nm4060795	cinematographer	\N	\N
tt12953264	1	nm6097230	self	\N	["Self - Reporter"]
tt12953266	1	nm0341311	self	\N	["Self - Host"]
tt12953266	2	nm0512388	self	\N	["Self - Orchestra Leader"]
tt12953266	3	nm11838530	self	\N	["Self - comedian"]
tt12953266	4	nm3016495	self	\N	["Themselves"]
tt12953266	5	nm0656303	self	\N	["Self"]
tt12953270	1	nm6384663	self	\N	["Self"]
tt12953270	2	nm10547225	writer	\N	\N
tt12953270	3	nm10547226	writer	\N	\N
tt12953270	4	nm10547227	writer	\N	\N
tt12953270	5	nm4467480	writer	\N	\N
tt12953270	6	nm10517141	writer	\N	\N
tt12953270	7	nm7062379	writer	\N	\N
tt12953272	1	nm6384663	self	\N	["Self"]
tt12953272	2	nm10547225	writer	\N	\N
tt12953272	3	nm10547226	writer	\N	\N
tt12953272	4	nm10547227	writer	\N	\N
tt12953272	5	nm4467480	writer	\N	\N
tt12953272	6	nm10517141	writer	\N	\N
tt12953272	7	nm7062379	writer	\N	\N
tt12953274	1	nm6384663	self	\N	["Self"]
tt12953274	2	nm10547225	writer	\N	\N
tt12953274	3	nm10547226	writer	\N	\N
tt12953274	4	nm10547227	writer	\N	\N
tt12953274	5	nm4467480	writer	\N	\N
tt12953274	6	nm10517141	writer	\N	\N
tt12953274	7	nm7062379	writer	\N	\N
tt12953276	1	nm6384663	self	\N	["Self"]
tt12953276	2	nm10547222	actress	\N	["Consuelo Dicaboa"]
tt12953276	3	nm10547225	writer	\N	\N
tt12953276	4	nm10547226	writer	\N	\N
tt12953276	5	nm10547227	writer	\N	\N
tt12953276	6	nm4467480	writer	\N	\N
tt12953276	7	nm10517141	writer	\N	\N
tt12953276	8	nm7062379	writer	\N	\N
tt12953278	1	nm11838531	self	\N	["Self"]
tt12953278	2	nm6097230	self	\N	["Self - Reporter"]
tt12953280	1	nm6384663	self	\N	["Self"]
tt12953280	2	nm10547225	writer	\N	\N
tt12953280	3	nm10547226	writer	\N	\N
tt12953280	4	nm10547227	writer	\N	\N
tt12953280	5	nm4467480	writer	\N	\N
tt12953280	6	nm10517141	writer	\N	\N
tt12953280	7	nm7062379	writer	\N	\N
tt12953282	1	nm6384663	self	\N	["Self"]
tt12953282	2	nm10547223	actress	\N	["Lucy Hicks Anderson"]
tt12953282	3	nm10547225	writer	\N	\N
tt12953282	4	nm10547226	writer	\N	\N
tt12953282	5	nm10547227	writer	\N	\N
tt12953282	6	nm4467480	writer	\N	\N
tt12953282	7	nm10517141	writer	\N	\N
tt12953282	8	nm7062379	writer	\N	\N
tt12953284	10	nm2851206	writer	writer	\N
tt12953284	1	nm1518345	actress	\N	["Vitória Santareno"]
tt12953284	2	nm0854143	actor	\N	["Marcos Costa de Santa Cruz"]
tt12953284	3	nm4285320	actor	\N	["Mateus Costa de Santa Cruz"]
tt12953284	4	nm2618913	actor	\N	["Lucas Costa de Santa Cruz"]
tt12953284	5	nm0031588	director	\N	\N
tt12953284	6	nm3824367	director	\N	\N
tt12953284	7	nm1930844	director	\N	\N
tt12953284	8	nm5818907	director	\N	\N
tt12953284	9	nm2087782	writer	adaptation	\N
tt12953286	1	nm0229436	self	\N	["Self"]
tt12953286	2	nm6097230	self	\N	["Self - Reporter"]
tt12953286	3	nm0811681	self	\N	["Self"]
tt12953288	1	nm6384663	self	\N	["Self"]
tt12953288	2	nm10547225	writer	\N	\N
tt12953288	3	nm10547226	writer	\N	\N
tt12953288	4	nm10547227	writer	\N	\N
tt12953288	5	nm4467480	writer	\N	\N
tt12953288	6	nm10517141	writer	\N	\N
tt12953288	7	nm7062379	writer	\N	\N
tt12953290	1	nm6384663	self	\N	["Self"]
tt12953290	2	nm10547225	writer	\N	\N
tt12953290	3	nm10547226	writer	\N	\N
tt12953290	4	nm10547227	writer	\N	\N
tt12953290	5	nm4467480	writer	\N	\N
tt12953290	6	nm10517141	writer	\N	\N
tt12953290	7	nm7062379	writer	\N	\N
tt12953292	1	nm0229436	self	\N	["Self"]
tt12953292	2	nm6097230	self	\N	["Self - Reporter"]
tt12953294	10	nm2851206	writer	writer	\N
tt12953294	1	nm1518345	actress	\N	["Vitória Santareno"]
tt12953294	2	nm0854143	actor	\N	["Marcos Costa de Santa Cruz"]
tt12953294	3	nm4285320	actor	\N	["Mateus Costa de Santa Cruz"]
tt12953294	4	nm2618913	actor	\N	["Lucas Costa de Santa Cruz"]
tt12953294	5	nm0031588	director	\N	\N
tt12953294	6	nm3824367	director	\N	\N
tt12953294	7	nm1930844	director	\N	\N
tt12953294	8	nm5818907	director	\N	\N
tt12953294	9	nm2087782	writer	adaptation	\N
tt12953296	1	nm6384663	self	\N	["Self"]
tt12953296	2	nm10547225	writer	\N	\N
tt12953296	3	nm10547226	writer	\N	\N
tt12953296	4	nm10547227	writer	\N	\N
tt12953296	5	nm4467480	writer	\N	\N
tt12953296	6	nm10517141	writer	\N	\N
tt12953296	7	nm7062379	writer	\N	\N
tt12953298	1	nm0341311	self	\N	["Self - Host"]
tt12953298	2	nm0000006	self	\N	["Self - Guest"]
tt12953298	3	nm0001434	self	\N	["Self - singer-songwriter-actor"]
tt12953298	4	nm0715643	self	\N	["Self - film critic"]
tt12953298	5	nm0001719	self	\N	["Self"]
tt12953300	1	nm6097230	self	\N	["Self - Reporter"]
tt12953302	1	nm0757007	actor	\N	["Hanzawa Naoki"]
tt12953302	2	nm1475754	actress	\N	["Hanzawa Hana"]
tt12953302	3	nm0645237	actor	\N	["Tomari Shinobu"]
tt12953302	4	nm0434596	actor	\N	["Owada Akira"]
tt12953304	1	nm6384663	self	\N	["Self"]
tt12953304	2	nm10547224	actress	\N	["Marie Curie"]
tt12953304	3	nm10547225	writer	\N	\N
tt12953304	4	nm10547226	writer	\N	\N
tt12953304	5	nm10547227	writer	\N	\N
tt12953304	6	nm4467480	writer	\N	\N
tt12953304	7	nm10517141	writer	\N	\N
tt12953304	8	nm7062379	writer	\N	\N
tt12953308	1	nm6384663	self	\N	["Self"]
tt12953308	2	nm8666134	actress	\N	["J.K. Rowling"]
tt12953308	3	nm10547225	writer	\N	\N
tt12953308	4	nm10547226	writer	\N	\N
tt12953308	5	nm10547227	writer	\N	\N
tt12953308	6	nm4467480	writer	\N	\N
tt12953308	7	nm10517141	writer	\N	\N
tt12953308	8	nm7062379	writer	\N	\N
tt12953310	1	nm6384663	self	\N	["Self"]
tt12953310	2	nm4873423	actress	\N	["Maya Angelou"]
tt12953310	3	nm10547225	writer	\N	\N
tt12953310	4	nm10547226	writer	\N	\N
tt12953310	5	nm10547227	writer	\N	\N
tt12953310	6	nm4467480	writer	\N	\N
tt12953310	7	nm10517141	writer	\N	\N
tt12953310	8	nm7062379	writer	\N	\N
tt12953312	1	nm4420782	editor	\N	\N
tt12953312	2	nm5935738	editor	\N	\N
tt12953314	1	nm6384663	self	\N	["Self"]
tt12953314	2	nm4873423	actress	\N	["Josephine Baker"]
tt12953314	3	nm10547225	writer	\N	\N
tt12953314	4	nm10547226	writer	\N	\N
tt12953314	5	nm10547227	writer	\N	\N
tt12953314	6	nm4467480	writer	\N	\N
tt12953314	7	nm10517141	writer	\N	\N
tt12953314	8	nm7062379	writer	\N	\N
tt12953316	1	nm6384663	self	\N	["Self"]
tt12953316	2	nm11839058	actress	\N	["Beyoncé"]
tt12953316	3	nm10547225	writer	\N	\N
tt12953316	4	nm10547226	writer	\N	\N
tt12953316	5	nm10547227	writer	\N	\N
tt12953316	6	nm4467480	writer	\N	\N
tt12953316	7	nm10517141	writer	\N	\N
tt12953316	8	nm7062379	writer	\N	\N
tt12953318	1	nm6384663	director	\N	\N
tt12953318	2	nm10547225	writer	\N	\N
tt12953318	3	nm10547226	writer	\N	\N
tt12953318	4	nm10547227	writer	\N	\N
tt12953318	5	nm4467480	writer	\N	\N
tt12953318	6	nm10517141	writer	\N	\N
tt12953318	7	nm7062379	writer	\N	\N
tt12953320	1	nm4420782	editor	\N	\N
tt12953320	2	nm5935738	editor	\N	\N
tt12953322	1	nm6097230	self	\N	["Self - Reporter"]
tt12953322	2	nm0811681	self	\N	["Self"]
tt12953324	1	nm4420782	editor	\N	\N
tt12953324	2	nm5935738	editor	\N	\N
tt12953326	1	nm4420782	editor	\N	\N
tt12953326	2	nm5935738	editor	\N	\N
tt12953328	1	nm0144413	actor	\N	\N
tt12953328	2	nm1845488	actor	\N	\N
tt12953328	3	nm8962160	actor	\N	\N
tt12953328	4	nm0723796	actress	\N	\N
tt12953328	5	nm1496024	director	\N	\N
tt12953328	6	nm9767272	producer	producer	\N
tt12953328	7	nm2658031	composer	\N	\N
tt12953328	8	nm0150490	cinematographer	\N	\N
tt12953328	9	nm5297665	editor	\N	\N
tt12953330	1	nm6097230	self	\N	["Self - Reporter"]
tt12953330	2	nm12085086	self	\N	["Self - Reporter"]
tt12953330	3	nm11272239	self	\N	["Self"]
tt12953332	1	nm4420782	editor	\N	\N
tt12953332	2	nm5935738	editor	\N	\N
tt12953334	1	nm6097230	self	\N	["Self - Reporter"]
tt12953336	10	nm2851206	writer	writer	\N
tt12953336	1	nm1518345	actress	\N	["Vitória Santareno"]
tt12953336	2	nm0854143	actor	\N	["Marcos Costa de Santa Cruz"]
tt12953336	3	nm4285320	actor	\N	["Mateus Costa de Santa Cruz"]
tt12953336	4	nm2618913	actor	\N	["Lucas Costa de Santa Cruz"]
tt12953336	5	nm0031588	director	\N	\N
tt12953336	6	nm3824367	director	\N	\N
tt12953336	7	nm1930844	director	\N	\N
tt12953336	8	nm5818907	director	\N	\N
tt12953336	9	nm2087782	writer	adaptation	\N
tt12953338	1	nm0504755	self	\N	["Self"]
tt12953338	2	nm6097230	self	\N	["Self - Reporter"]
tt12953340	1	nm2774999	self	\N	["Self"]
tt12953340	2	nm6097230	self	\N	["Self - Reporter"]
tt12953342	1	nm6097230	self	\N	["Self - Reporter"]
tt12953342	2	nm1577949	self	\N	["Self"]
tt12953344	10	nm11098564	cinematographer	\N	\N
tt12953344	1	nm3670005	actress	\N	["Maryska Cybulska"]
tt12953344	2	nm7597548	actress	\N	["Jagna Dobosz"]
tt12953344	3	nm1450664	actor	\N	["Brunon Malecki"]
tt12953344	4	nm3519100	actor	\N	["Patryk Karwowski"]
tt12953344	5	nm9717416	director	\N	\N
tt12953344	6	nm11098059	writer	screenplay	\N
tt12953344	7	nm11097782	writer	screenplay	\N
tt12953344	8	nm11097781	writer	head writer	\N
tt12953344	9	nm4060795	cinematographer	\N	\N
tt12953346	1	nm0061849	actress	\N	["Lorie Brooks"]
tt12953348	1	nm11838541	self	\N	["Self"]
tt12953348	2	nm6097230	self	\N	["Self - Reporter"]
tt12953354	1	nm0061849	actress	\N	["Lorie Brooks"]
tt12953356	1	nm11838543	actor	\N	\N
tt12953356	2	nm11838544	actor	\N	\N
tt12953356	3	nm11838542	director	co-director	\N
tt12953356	4	nm7816577	director	co-director	\N
tt12953356	5	nm2687290	producer	producer	\N
tt12953356	6	nm0169099	producer	producer	\N
tt12953356	7	nm4423337	editor	\N	\N
tt12953358	10	nm1183414	actress	\N	["Mela Papastefanou (gymnast) (2001-2002)"]
tt12953358	1	nm0664071	actor	\N	["Leonidas Fokas (captain)"]
tt12953358	2	nm0355232	actor	\N	["Charis Kanelos (first mate)"]
tt12953358	3	nm1069746	actress	\N	["Valeria Poulopoulou (singer)"]
tt12953358	4	nm0857513	actress	\N	["Myrto Mavroyialourou (ship owner)"]
tt12953358	5	nm0631805	actress	\N	["Antzy Lambrou"]
tt12953358	6	nm0819994	actor	\N	["Vlassis (steward)"]
tt12953358	7	nm1165561	actress	\N	["Gogo (Hairstylist) (2001-2002)"]
tt12953358	8	nm0098211	actor	\N	["Alekos Apostolou (doctor)"]
tt12953358	9	nm1007346	actor	\N	["Aristides Drougas (accountant)"]
tt12953360	1	nm0061849	actress	\N	["Lorie Brooks"]
tt12953362	1	nm6097230	self	\N	["Self - Reporter"]
tt12953362	2	nm11838545	self	\N	["Self"]
tt12953364	10	nm1183414	actress	\N	["Mela Papastefanou (gymnast) (2001-2002)"]
tt12953364	1	nm0664071	actor	\N	["Leonidas Fokas (captain)"]
tt12953364	2	nm0355232	actor	\N	["Charis Kanelos (first mate)"]
tt12953364	3	nm1069746	actress	\N	["Valeria Poulopoulou (singer)"]
tt12953364	4	nm0857513	actress	\N	["Myrto Mavroyialourou (ship owner)"]
tt12953364	5	nm0631805	actress	\N	["Antzy Lambrou"]
tt12953364	6	nm0819994	actor	\N	["Vlassis (steward)"]
tt12953364	7	nm1165561	actress	\N	["Gogo (Hairstylist) (2001-2002)"]
tt12953364	8	nm0098211	actor	\N	["Alekos Apostolou (doctor)"]
tt12953364	9	nm1007346	actor	\N	["Aristides Drougas (accountant)"]
tt12953366	10	nm2851206	writer	writer	\N
tt12953366	1	nm1518345	actress	\N	["Vitória Santareno"]
tt12953366	2	nm0854143	actor	\N	["Marcos Costa de Santa Cruz"]
tt12953366	3	nm4285320	actor	\N	["Mateus Costa de Santa Cruz"]
tt12953366	4	nm2618913	actor	\N	["Lucas Costa de Santa Cruz"]
tt12953366	5	nm0031588	director	\N	\N
tt12953366	6	nm3824367	director	\N	\N
tt12953366	7	nm1930844	director	\N	\N
tt12953366	8	nm5818907	director	\N	\N
tt12953366	9	nm2087782	writer	adaptation	\N
tt12953368	10	nm1183414	actress	\N	["Mela Papastefanou (gymnast) (2001-2002)"]
tt12953368	1	nm0664071	actor	\N	["Leonidas Fokas (captain)"]
tt12953368	2	nm0355232	actor	\N	["Charis Kanelos (first mate)"]
tt12953368	3	nm1069746	actress	\N	["Valeria Poulopoulou (singer)"]
tt12953368	4	nm0857513	actress	\N	["Myrto Mavroyialourou (ship owner)"]
tt12953368	5	nm0631805	actress	\N	["Antzy Lambrou"]
tt12953368	6	nm0819994	actor	\N	["Vlassis (steward)"]
tt12953368	7	nm1165561	actress	\N	["Gogo (Hairstylist) (2001-2002)"]
tt12953368	8	nm0098211	actor	\N	["Alekos Apostolou (doctor)"]
tt12953368	9	nm1007346	actor	\N	["Aristides Drougas (accountant)"]
tt12953370	1	nm0061849	actress	\N	["Lorie Brooks"]
tt12953372	10	nm1183414	actress	\N	["Mela Papastefanou (gymnast) (2001-2002)"]
tt12953372	1	nm0664071	actor	\N	["Leonidas Fokas (captain)"]
tt12953372	2	nm0355232	actor	\N	["Charis Kanelos (first mate)"]
tt12953372	3	nm1069746	actress	\N	["Valeria Poulopoulou (singer)"]
tt12953372	4	nm0857513	actress	\N	["Myrto Mavroyialourou (ship owner)"]
tt12953372	5	nm0631805	actress	\N	["Antzy Lambrou"]
tt12953372	6	nm0819994	actor	\N	["Vlassis (steward)"]
tt12953372	7	nm1165561	actress	\N	["Gogo (Hairstylist) (2001-2002)"]
tt12953372	8	nm0098211	actor	\N	["Alekos Apostolou (doctor)"]
tt12953372	9	nm1007346	actor	\N	["Aristides Drougas (accountant)"]
tt12953374	1	nm0061849	actress	\N	["Lorie Brooks"]
tt12953376	10	nm1183414	actress	\N	["Mela Papastefanou (gymnast) (2001-2002)"]
tt12953376	1	nm0664071	actor	\N	["Leonidas Fokas (captain)"]
tt12953376	2	nm0355232	actor	\N	["Charis Kanelos (first mate)"]
tt12953376	3	nm1069746	actress	\N	["Valeria Poulopoulou (singer)"]
tt12953376	4	nm0857513	actress	\N	["Myrto Mavroyialourou (ship owner)"]
tt12953376	5	nm0631805	actress	\N	["Antzy Lambrou"]
tt12953376	6	nm0819994	actor	\N	["Vlassis (steward)"]
tt12953376	7	nm1165561	actress	\N	["Gogo (Hairstylist) (2001-2002)"]
tt12953376	8	nm0098211	actor	\N	["Alekos Apostolou (doctor)"]
tt12953376	9	nm1007346	actor	\N	["Aristides Drougas (accountant)"]
tt12953378	10	nm1183414	actress	\N	["Mela Papastefanou (gymnast) (2001-2002)"]
tt12953378	1	nm0664071	actor	\N	["Leonidas Fokas (captain)"]
tt12953378	2	nm0355232	actor	\N	["Charis Kanelos (first mate)"]
tt12953378	3	nm1069746	actress	\N	["Valeria Poulopoulou (singer)"]
tt12953378	4	nm0857513	actress	\N	["Myrto Mavroyialourou (ship owner)"]
tt12953378	5	nm0631805	actress	\N	["Antzy Lambrou"]
tt12953378	6	nm0819994	actor	\N	["Vlassis (steward)"]
tt12953378	7	nm1165561	actress	\N	["Gogo (Hairstylist) (2001-2002)"]
tt12953378	8	nm0098211	actor	\N	["Alekos Apostolou (doctor)"]
tt12953378	9	nm1007346	actor	\N	["Aristides Drougas (accountant)"]
tt12953380	10	nm1183414	actress	\N	["Mela Papastefanou (gymnast) (2001-2002)"]
tt12953380	1	nm0664071	actor	\N	["Leonidas Fokas (captain)"]
tt12953380	2	nm0355232	actor	\N	["Charis Kanelos (first mate)"]
tt12953380	3	nm1069746	actress	\N	["Valeria Poulopoulou (singer)"]
tt12953380	4	nm0857513	actress	\N	["Myrto Mavroyialourou (ship owner)"]
tt12953380	5	nm0631805	actress	\N	["Antzy Lambrou"]
tt12953380	6	nm0819994	actor	\N	["Vlassis (steward)"]
tt12953380	7	nm1165561	actress	\N	["Gogo (Hairstylist) (2001-2002)"]
tt12953380	8	nm0098211	actor	\N	["Alekos Apostolou (doctor)"]
tt12953380	9	nm1007346	actor	\N	["Aristides Drougas (accountant)"]
tt12953382	1	nm11483180	self	\N	["Self"]
tt12953382	2	nm6097230	self	\N	["Self - Reporter"]
tt12953384	10	nm1183414	actress	\N	["Mela Papastefanou (gymnast) (2001-2002)"]
tt12953384	1	nm0664071	actor	\N	["Leonidas Fokas (captain)"]
tt12953384	2	nm0355232	actor	\N	["Charis Kanelos (first mate)"]
tt12953384	3	nm1069746	actress	\N	["Valeria Poulopoulou (singer)"]
tt12953384	4	nm0857513	actress	\N	["Myrto Mavroyialourou (ship owner)"]
tt12953384	5	nm0631805	actress	\N	["Antzy Lambrou"]
tt12953384	6	nm0819994	actor	\N	["Vlassis (steward)"]
tt12953384	7	nm1165561	actress	\N	["Gogo (Hairstylist) (2001-2002)"]
tt12953384	8	nm0098211	actor	\N	["Alekos Apostolou (doctor)"]
tt12953384	9	nm1007346	actor	\N	["Aristides Drougas (accountant)"]
tt12953386	1	nm0061849	actress	\N	["Lorie Brooks"]
tt12953390	10	nm1183414	actress	\N	["Mela Papastefanou (gymnast) (2001-2002)"]
tt12953390	1	nm0664071	actor	\N	["Leonidas Fokas (captain)"]
tt12953390	2	nm0355232	actor	\N	["Charis Kanelos (first mate)"]
tt12953390	3	nm1069746	actress	\N	["Valeria Poulopoulou (singer)"]
tt12953390	4	nm0857513	actress	\N	["Myrto Mavroyialourou (ship owner)"]
tt12953390	5	nm0631805	actress	\N	["Antzy Lambrou"]
tt12953390	6	nm0819994	actor	\N	["Vlassis (steward)"]
tt12953390	7	nm1165561	actress	\N	["Gogo (Hairstylist) (2001-2002)"]
tt12953390	8	nm0098211	actor	\N	["Alekos Apostolou (doctor)"]
tt12953390	9	nm1007346	actor	\N	["Aristides Drougas (accountant)"]
tt12953392	10	nm11022410	cinematographer	\N	\N
tt12953392	1	nm11838552	actress	\N	["Lara Macevschi"]
tt12953392	2	nm11838553	actress	\N	["Alina Lanz"]
tt12953392	3	nm11838548	actress	\N	["Vera Timosenko"]
tt12953392	4	nm1472427	actress	\N	["Clara Rayworth"]
tt12953392	5	nm10937249	director	\N	\N
tt12953392	6	nm11022406	writer	\N	\N
tt12953392	7	nm11838556	writer	adr script writer	\N
tt12953392	8	nm11838557	producer	producer	\N
tt12953392	9	nm7508096	composer	\N	\N
tt12953394	10	nm1183414	actress	\N	["Mela Papastefanou (gymnast) (2001-2002)"]
tt12953394	1	nm0664071	actor	\N	["Leonidas Fokas (captain)"]
tt12953394	2	nm0355232	actor	\N	["Charis Kanelos (first mate)"]
tt12953394	3	nm1069746	actress	\N	["Valeria Poulopoulou (singer)"]
tt12953394	4	nm0857513	actress	\N	["Myrto Mavroyialourou (ship owner)"]
tt12953394	5	nm0631805	actress	\N	["Antzy Lambrou"]
tt12953394	6	nm0819994	actor	\N	["Vlassis (steward)"]
tt12953394	7	nm1165561	actress	\N	["Gogo (Hairstylist) (2001-2002)"]
tt12953394	8	nm0098211	actor	\N	["Alekos Apostolou (doctor)"]
tt12953394	9	nm1007346	actor	\N	["Aristides Drougas (accountant)"]
tt12953396	1	nm0061849	actress	\N	["Lorie Brooks"]
tt12953398	1	nm10737591	self	\N	["Self"]
tt12953398	2	nm6097230	self	\N	["Self - Reporter"]
tt12953402	10	nm1183414	actress	\N	["Mela Papastefanou (gymnast) (2001-2002)"]
tt12953402	1	nm0664071	actor	\N	["Leonidas Fokas (captain)"]
tt12953402	2	nm0355232	actor	\N	["Charis Kanelos (first mate)"]
tt12953402	3	nm1069746	actress	\N	["Valeria Poulopoulou (singer)"]
tt12953402	4	nm0857513	actress	\N	["Myrto Mavroyialourou (ship owner)"]
tt12953402	5	nm0631805	actress	\N	["Antzy Lambrou"]
tt12953402	6	nm0819994	actor	\N	["Vlassis (steward)"]
tt12953402	7	nm1165561	actress	\N	["Gogo (Hairstylist) (2001-2002)"]
tt12953402	8	nm0098211	actor	\N	["Alekos Apostolou (doctor)"]
tt12953402	9	nm1007346	actor	\N	["Aristides Drougas (accountant)"]
tt12953408	1	nm6097230	self	\N	["Self - Reporter"]
tt12953408	2	nm11831036	self	\N	["Self"]
tt12953410	1	nm0061849	actress	\N	["Lorie Brooks"]
tt12953412	1	nm0061849	actress	\N	["Lorie Brooks"]
tt12953414	1	nm0061849	actress	\N	["Lorie Brooks"]
tt12953416	1	nm0061849	actress	\N	["Lorie Brooks"]
tt12953418	1	nm4420782	editor	\N	\N
tt12953418	2	nm5935738	editor	\N	\N
tt12953422	1	nm4420782	editor	\N	\N
tt12953422	2	nm5935738	editor	\N	\N
tt12953426	1	nm6097230	self	\N	["Self - Reporter"]
tt12953428	10	nm9435290	self	\N	["Self"]
tt12953428	1	nm9021668	self	\N	["Self - Western Bulldogs Coach"]
tt12953428	2	nm10832925	self	\N	["Self"]
tt12953428	3	nm13194757	self	\N	["Themselves"]
tt12953428	4	nm13194616	self	\N	["Themselves"]
tt12953428	5	nm9435292	self	\N	["Self"]
tt12953428	6	nm2695131	self	\N	["Self - Melbourne Coach"]
tt12953428	7	nm9435186	self	\N	["Self"]
tt12953428	8	nm9531988	self	\N	["Self"]
tt12953428	9	nm10901513	self	\N	["Self"]
tt12953430	1	nm11834601	writer	writer	\N
tt12953432	10	nm6627965	self	\N	["Self"]
tt12953432	1	nm10266707	self	\N	["Self"]
tt12953432	2	nm5265612	self	\N	["Self"]
tt12953432	3	nm2967691	self	\N	["Self - Hawthorn Coach"]
tt12953432	4	nm10885868	self	\N	["Self"]
tt12953432	5	nm10885873	self	\N	["Self"]
tt12953432	6	nm13210752	self	\N	["Themselves"]
tt12953432	7	nm10885874	self	\N	["Self - Port Adelaide Coach"]
tt12953432	8	nm10885871	self	\N	["Self"]
tt12953432	9	nm13194702	self	\N	["Themselves"]
tt12953434	1	nm10796293	actor	\N	["John"]
tt12953434	2	nm11838567	actor	\N	["Waldo the clown"]
tt12953434	3	nm10796292	actor	\N	["Sammy the clown","Uncle Greg"]
tt12953434	4	nm10796291	actor	\N	["Ted","Slim Jim the clown"]
tt12953436	1	nm2713262	self	\N	["Self - Host"]
tt12953436	2	nm0052663	self	\N	["Self"]
tt12953436	3	nm2926006	self	\N	["Self - Astrólogo"]
tt12953436	4	nm0324119	self	\N	["Self"]
tt12953436	5	nm0430975	self	\N	["Self"]
tt12953436	6	nm6097230	self	\N	["Self - Co-Host"]
tt12953438	1	nm13242351	self	\N	["Themselves"]
tt12953438	2	nm6627977	self	\N	["Self"]
tt12953438	3	nm5301446	self	\N	["Self - Sydney Coach"]
tt12953438	4	nm13194671	self	\N	["Themselves"]
tt12953440	1	nm2190241	director	\N	\N
tt12953442	1	nm11834601	writer	writer	\N
tt12953444	1	nm0061849	actress	\N	["Lorie Brooks"]
tt12953446	10	nm10885865	self	\N	["Self"]
tt12953446	1	nm11021829	self	\N	["Self"]
tt12953446	2	nm13210768	self	\N	["Themselves"]
tt12953446	3	nm5233372	self	\N	["Self"]
tt12953446	4	nm11021802	self	\N	["Self"]
tt12953446	5	nm5082817	self	\N	["Self - Richmond Coach"]
tt12953446	6	nm2643956	self	\N	["Self"]
tt12953446	7	nm10935138	self	\N	["Self"]
tt12953446	8	nm5660283	self	\N	["Self"]
tt12953446	9	nm10885710	self	\N	["Self"]
tt12953448	1	nm10684150	actor	\N	["Destin Freeman","Jacardo"]
tt12953448	2	nm11606842	actor	\N	["Isaiah Freeman","Yoyo"]
tt12953448	3	nm11410305	actor	\N	["Nicarie Freeman","Rico"]
tt12953448	4	nm11606841	actress	\N	\N
tt12953448	5	nm5782017	director	\N	\N
tt12953450	1	nm0061849	actress	\N	["Lorie Brooks"]
tt12953452	10	nm11098564	cinematographer	\N	\N
tt12953452	1	nm3670005	actress	\N	["Maryska Cybulska"]
tt12953452	2	nm7597548	actress	\N	["Jagna Dobosz"]
tt12953452	3	nm1450664	actor	\N	["Brunon Malecki"]
tt12953452	4	nm3519100	actor	\N	["Patryk Karwowski"]
tt12953452	5	nm9717416	director	\N	\N
tt12953452	6	nm11098083	writer	screenplay	\N
tt12953452	7	nm11098059	writer	screenplay	\N
tt12953452	8	nm11097781	writer	head writer	\N
tt12953452	9	nm4060795	cinematographer	\N	\N
tt12953454	10	nm12009934	actor	\N	\N
tt12953454	1	nm13235799	actor	\N	\N
tt12953454	2	nm7048433	self	\N	["Self"]
tt12953454	3	nm13194758	actor	\N	\N
tt12953454	4	nm9435285	actor	\N	\N
tt12953454	5	nm10266714	self	\N	["Self"]
tt12953454	6	nm12009935	self	\N	["Self"]
tt12953454	7	nm6072877	self	\N	["Self"]
tt12953454	8	nm5273221	self	\N	["Self"]
tt12953454	9	nm12233631	actor	\N	\N
tt12953456	1	nm0462086	actress	\N	["Shinchan Nohara"]
tt12953456	2	nm0948500	actress	\N	["Michiko Daimon"]
tt12953456	3	nm1270457	writer	created by	\N
tt12953458	1	nm0061849	actress	\N	["Lorie Brooks"]
tt12953460	1	nm0061849	actress	\N	["Lorie Brooks"]
tt12953464	1	nm10545528	self	\N	["Self"]
tt12953464	2	nm10266621	self	\N	["Self"]
tt12953464	3	nm10336683	self	\N	["Self"]
tt12953464	4	nm2982219	self	\N	["Self"]
tt12953464	5	nm2671489	self	\N	["Self"]
tt12953464	6	nm10317788	self	\N	["Self"]
tt12953466	1	nm2713262	self	\N	["Self - Host"]
tt12953466	2	nm0013198	self	\N	["Self"]
tt12953466	3	nm2926006	self	\N	["Self - Astrólogo"]
tt12953466	4	nm4176570	self	\N	["Self"]
tt12953468	10	nm2851206	writer	writer	\N
tt12953468	1	nm1518345	actress	\N	["Vitória Santareno"]
tt12953468	2	nm0854143	actor	\N	["Marcos Costa de Santa Cruz"]
tt12953468	3	nm4285320	actor	\N	["Mateus Costa de Santa Cruz"]
tt12953468	4	nm2618913	actor	\N	["Lucas Costa de Santa Cruz"]
tt12953468	5	nm0031588	director	\N	\N
tt12953468	6	nm3824367	director	\N	\N
tt12953468	7	nm1930844	director	\N	\N
tt12953468	8	nm5818907	director	\N	\N
tt12953468	9	nm2087782	writer	adaptation	\N
tt12953470	1	nm0061849	actress	\N	["Lorie Brooks"]
tt12953474	10	nm12233615	self	\N	["Self"]
tt12953474	1	nm10885697	self	\N	["Self"]
tt12953474	2	nm10901464	self	\N	["Self"]
tt12953474	3	nm12233609	self	\N	["Self"]
tt12953474	4	nm10885702	self	\N	["Self"]
tt12953474	5	nm10901470	self	\N	["Self"]
tt12953474	6	nm10901477	self	\N	["Self"]
tt12953474	7	nm10885698	self	\N	["Self"]
tt12953474	8	nm12233608	self	\N	["Self"]
tt12953474	9	nm10885700	self	\N	["Self"]
tt12953476	1	nm0061849	actress	\N	["Lorie Brooks"]
tt12953478	1	nm0061849	actress	\N	["Lorie Brooks"]
tt12953480	1	nm2713262	self	\N	["Self - Host"]
tt12953480	2	nm0411199	self	\N	["Self"]
tt12953480	3	nm2926006	self	\N	["Self - Astrólogo"]
tt12953480	4	nm0231501	self	\N	["Self"]
tt12953480	5	nm9331633	self	\N	["Self"]
tt12953482	1	nm0061849	actress	\N	["Lorie Brooks"]
tt12953484	1	nm0061849	actress	\N	["Lorie Brooks"]
tt12953486	1	nm0061849	actress	\N	["Lorie Brooks"]
tt12953490	1	nm2713262	self	\N	["Self - Host"]
tt12953490	2	nm0900082	self	\N	["Self"]
tt12953490	3	nm2926006	self	\N	["Self - Astrólogo"]
tt12953490	4	nm11838577	self	\N	["Self - Reporter"]
tt12953490	5	nm0896644	self	\N	["Self"]
tt12953494	1	nm0061849	actress	\N	["Lorie Brooks"]
tt12953496	10	nm1183414	actress	\N	["Mela Papastefanou (gymnast) (2001-2002)"]
tt12953496	1	nm0664071	actor	\N	["Leonidas Fokas (captain)"]
tt12953496	2	nm0355232	actor	\N	["Charis Kanelos (first mate)"]
tt12953496	3	nm1069746	actress	\N	["Valeria Poulopoulou (singer)"]
tt12953496	4	nm0857513	actress	\N	["Myrto Mavroyialourou (ship owner)"]
tt12953496	5	nm0631805	actress	\N	["Antzy Lambrou"]
tt12953496	6	nm0819994	actor	\N	["Vlassis (steward)"]
tt12953496	7	nm1165561	actress	\N	["Gogo (Hairstylist) (2001-2002)"]
tt12953496	8	nm0098211	actor	\N	["Alekos Apostolou (doctor)"]
tt12953496	9	nm1007346	actor	\N	["Aristides Drougas (accountant)"]
tt12953498	1	nm0061849	actress	\N	["Lorie Brooks"]
tt12953500	10	nm1183414	actress	\N	["Mela Papastefanou (gymnast) (2001-2002)"]
tt12953500	1	nm0664071	actor	\N	["Leonidas Fokas (captain)"]
tt12953500	2	nm0355232	actor	\N	["Charis Kanelos (first mate)"]
tt12953500	3	nm1069746	actress	\N	["Valeria Poulopoulou (singer)"]
tt12953500	4	nm0857513	actress	\N	["Myrto Mavroyialourou (ship owner)"]
tt12953500	5	nm0631805	actress	\N	["Antzy Lambrou"]
tt12953500	6	nm0819994	actor	\N	["Vlassis (steward)"]
tt12953500	7	nm1165561	actress	\N	["Gogo (Hairstylist) (2001-2002)"]
tt12953500	8	nm0098211	actor	\N	["Alekos Apostolou (doctor)"]
tt12953500	9	nm1007346	actor	\N	["Aristides Drougas (accountant)"]
tt12953502	10	nm1183414	actress	\N	["Mela Papastefanou (gymnast) (2001-2002)"]
tt12953502	1	nm0664071	actor	\N	["Leonidas Fokas (captain)"]
tt12953502	2	nm0355232	actor	\N	["Charis Kanelos (first mate)"]
tt12953502	3	nm1069746	actress	\N	["Valeria Poulopoulou (singer)"]
tt12953502	4	nm0857513	actress	\N	["Myrto Mavroyialourou (ship owner)"]
tt12953502	5	nm0631805	actress	\N	["Antzy Lambrou"]
tt12953502	6	nm0819994	actor	\N	["Vlassis (steward)"]
tt12953502	7	nm1165561	actress	\N	["Gogo (Hairstylist) (2001-2002)"]
tt12953502	8	nm0098211	actor	\N	["Alekos Apostolou (doctor)"]
tt12953502	9	nm1007346	actor	\N	["Aristides Drougas (accountant)"]
tt12953504	10	nm1183414	actress	\N	["Mela Papastefanou (gymnast) (2001-2002)"]
tt12953504	1	nm0664071	actor	\N	["Leonidas Fokas (captain)"]
tt12953504	2	nm0355232	actor	\N	["Charis Kanelos (first mate)"]
tt12953504	3	nm1069746	actress	\N	["Valeria Poulopoulou (singer)"]
tt12953504	4	nm0857513	actress	\N	["Myrto Mavroyialourou (ship owner)"]
tt12953504	5	nm0631805	actress	\N	["Antzy Lambrou"]
tt12953504	6	nm0819994	actor	\N	["Vlassis (steward)"]
tt12953504	7	nm1165561	actress	\N	["Gogo (Hairstylist) (2001-2002)"]
tt12953504	8	nm0098211	actor	\N	["Alekos Apostolou (doctor)"]
tt12953504	9	nm1007346	actor	\N	["Aristides Drougas (accountant)"]
tt12953506	1	nm0061849	actress	\N	["Lorie Brooks"]
tt12953508	1	nm0061849	actress	\N	["Lorie Brooks"]
tt12953510	10	nm1183414	actress	\N	["Mela Papastefanou (gymnast) (2001-2002)"]
tt12953510	1	nm0664071	actor	\N	["Leonidas Fokas (captain)"]
tt12953510	2	nm0355232	actor	\N	["Charis Kanelos (first mate)"]
tt12953510	3	nm1069746	actress	\N	["Valeria Poulopoulou (singer)"]
tt12953510	4	nm0857513	actress	\N	["Myrto Mavroyialourou (ship owner)"]
tt12953510	5	nm0631805	actress	\N	["Antzy Lambrou"]
tt12953510	6	nm0819994	actor	\N	["Vlassis (steward)"]
tt12953510	7	nm1165561	actress	\N	["Gogo (Hairstylist) (2001-2002)"]
tt12953510	8	nm0098211	actor	\N	["Alekos Apostolou (doctor)"]
tt12953510	9	nm1007346	actor	\N	["Aristides Drougas (accountant)"]
tt12953514	10	nm1183414	actress	\N	["Mela Papastefanou (gymnast) (2001-2002)"]
tt12953514	1	nm0664071	actor	\N	["Leonidas Fokas (captain)"]
tt12953514	2	nm0355232	actor	\N	["Charis Kanelos (first mate)"]
tt12953514	3	nm1069746	actress	\N	["Valeria Poulopoulou (singer)"]
tt12953514	4	nm0857513	actress	\N	["Myrto Mavroyialourou (ship owner)"]
tt12953514	5	nm0631805	actress	\N	["Antzy Lambrou"]
tt12953514	6	nm0819994	actor	\N	["Vlassis (steward)"]
tt12953514	7	nm1165561	actress	\N	["Gogo (Hairstylist) (2001-2002)"]
tt12953514	8	nm0098211	actor	\N	["Alekos Apostolou (doctor)"]
tt12953514	9	nm1007346	actor	\N	["Aristides Drougas (accountant)"]
tt12953516	1	nm2713262	self	\N	["Self - Host"]
tt12953516	2	nm0210725	self	\N	["Self"]
tt12953516	3	nm1522629	self	\N	["Self"]
tt12953516	4	nm2926006	self	\N	["Self - Astrólogo"]
tt12953516	5	nm1514361	self	\N	["Self"]
tt12953516	6	nm2194852	self	\N	["Self"]
tt12953518	10	nm1183414	actress	\N	["Mela Papastefanou (gymnast) (2001-2002)"]
tt12953518	1	nm0664071	actor	\N	["Leonidas Fokas (captain)"]
tt12953518	2	nm0355232	actor	\N	["Charis Kanelos (first mate)"]
tt12953518	3	nm1069746	actress	\N	["Valeria Poulopoulou (singer)"]
tt12953518	4	nm0857513	actress	\N	["Myrto Mavroyialourou (ship owner)"]
tt12953518	5	nm0631805	actress	\N	["Antzy Lambrou"]
tt12953518	6	nm0819994	actor	\N	["Vlassis (steward)"]
tt12953518	7	nm1165561	actress	\N	["Gogo (Hairstylist) (2001-2002)"]
tt12953518	8	nm0098211	actor	\N	["Alekos Apostolou (doctor)"]
tt12953518	9	nm1007346	actor	\N	["Aristides Drougas (accountant)"]
tt12953520	10	nm1183414	actress	\N	["Mela Papastefanou (gymnast) (2001-2002)"]
tt12953520	1	nm0664071	actor	\N	["Leonidas Fokas (captain)"]
tt12953520	2	nm0355232	actor	\N	["Charis Kanelos (first mate)"]
tt12953520	3	nm1069746	actress	\N	["Valeria Poulopoulou (singer)"]
tt12953520	4	nm0857513	actress	\N	["Myrto Mavroyialourou (ship owner)"]
tt12953520	5	nm0631805	actress	\N	["Antzy Lambrou"]
tt12953520	6	nm0819994	actor	\N	["Vlassis (steward)"]
tt12953520	7	nm1165561	actress	\N	["Gogo (Hairstylist) (2001-2002)"]
tt12953520	8	nm0098211	actor	\N	["Alekos Apostolou (doctor)"]
tt12953520	9	nm1007346	actor	\N	["Aristides Drougas (accountant)"]
tt12953522	1	nm0061849	actress	\N	["Lorie Brooks"]
tt12953524	10	nm1183414	actress	\N	["Mela Papastefanou (gymnast) (2001-2002)"]
tt12953524	1	nm0664071	actor	\N	["Leonidas Fokas (captain)"]
tt12953524	2	nm0355232	actor	\N	["Charis Kanelos (first mate)"]
tt12953524	3	nm1069746	actress	\N	["Valeria Poulopoulou (singer)"]
tt12953524	4	nm0857513	actress	\N	["Myrto Mavroyialourou (ship owner)"]
tt12953524	5	nm0631805	actress	\N	["Antzy Lambrou"]
tt12953524	6	nm0819994	actor	\N	["Vlassis (steward)"]
tt12953524	7	nm1165561	actress	\N	["Gogo (Hairstylist) (2001-2002)"]
tt12953524	8	nm0098211	actor	\N	["Alekos Apostolou (doctor)"]
tt12953524	9	nm1007346	actor	\N	["Aristides Drougas (accountant)"]
tt12953526	10	nm1183414	actress	\N	["Mela Papastefanou (gymnast) (2001-2002)"]
tt12953526	1	nm0664071	actor	\N	["Leonidas Fokas (captain)"]
tt12953526	2	nm0355232	actor	\N	["Charis Kanelos (first mate)"]
tt12953526	3	nm1069746	actress	\N	["Valeria Poulopoulou (singer)"]
tt12953526	4	nm0857513	actress	\N	["Myrto Mavroyialourou (ship owner)"]
tt12953526	5	nm0631805	actress	\N	["Antzy Lambrou"]
tt12953526	6	nm0819994	actor	\N	["Vlassis (steward)"]
tt12953526	7	nm1165561	actress	\N	["Gogo (Hairstylist) (2001-2002)"]
tt12953526	8	nm0098211	actor	\N	["Alekos Apostolou (doctor)"]
tt12953526	9	nm1007346	actor	\N	["Aristides Drougas (accountant)"]
tt12953528	10	nm1183414	actress	\N	["Mela Papastefanou (gymnast) (2001-2002)"]
tt12953528	1	nm0664071	actor	\N	["Leonidas Fokas (captain)"]
tt12953528	2	nm0355232	actor	\N	["Charis Kanelos (first mate)"]
tt12953528	3	nm1069746	actress	\N	["Valeria Poulopoulou (singer)"]
tt12953528	4	nm0857513	actress	\N	["Myrto Mavroyialourou (ship owner)"]
tt12953528	5	nm0631805	actress	\N	["Antzy Lambrou"]
tt12953528	6	nm0819994	actor	\N	["Vlassis (steward)"]
tt12953528	7	nm1165561	actress	\N	["Gogo (Hairstylist) (2001-2002)"]
tt12953528	8	nm0098211	actor	\N	["Alekos Apostolou (doctor)"]
tt12953528	9	nm1007346	actor	\N	["Aristides Drougas (accountant)"]
tt12953530	1	nm11834601	writer	writer	\N
tt12953532	10	nm1183414	actress	\N	["Mela Papastefanou (gymnast) (2001-2002)"]
tt12953532	1	nm0664071	actor	\N	["Leonidas Fokas (captain)"]
tt12953532	2	nm0355232	actor	\N	["Charis Kanelos (first mate)"]
tt12953532	3	nm1069746	actress	\N	["Valeria Poulopoulou (singer)"]
tt12953532	4	nm0857513	actress	\N	["Myrto Mavroyialourou (ship owner)"]
tt12953532	5	nm0631805	actress	\N	["Antzy Lambrou"]
tt12953532	6	nm0819994	actor	\N	["Vlassis (steward)"]
tt12953532	7	nm1165561	actress	\N	["Gogo (Hairstylist) (2001-2002)"]
tt12953532	8	nm0098211	actor	\N	["Alekos Apostolou (doctor)"]
tt12953532	9	nm1007346	actor	\N	["Aristides Drougas (accountant)"]
tt12953534	10	nm1183414	actress	\N	["Mela Papastefanou (gymnast) (2001-2002)"]
tt12953534	1	nm0664071	actor	\N	["Leonidas Fokas (captain)"]
tt12953534	2	nm0355232	actor	\N	["Charis Kanelos (first mate)"]
tt12953534	3	nm1069746	actress	\N	["Valeria Poulopoulou (singer)"]
tt12953534	4	nm0857513	actress	\N	["Myrto Mavroyialourou (ship owner)"]
tt12953534	5	nm0631805	actress	\N	["Antzy Lambrou"]
tt12953534	6	nm0819994	actor	\N	["Vlassis (steward)"]
tt12953534	7	nm1165561	actress	\N	["Gogo (Hairstylist) (2001-2002)"]
tt12953534	8	nm0098211	actor	\N	["Alekos Apostolou (doctor)"]
tt12953534	9	nm1007346	actor	\N	["Aristides Drougas (accountant)"]
tt12953536	1	nm0664071	actor	\N	["Leonidas Fokas (captain)"]
tt12953536	2	nm0355232	actor	\N	["Charis Kanelos (first mate)"]
tt12953536	3	nm1069746	actress	\N	["Valeria Poulopoulou (singer)"]
tt12953536	4	nm0857513	actress	\N	["Myrto Mavroyialourou (ship owner)"]
tt12953536	5	nm0631805	actress	\N	["Antzy Lambrou"]
tt12953536	6	nm0819994	actor	\N	["Vlassis (steward)"]
tt12953536	7	nm1165561	actress	\N	["Gogo (Hairstylist) (2001-2002)"]
tt12953538	10	nm1183414	actress	\N	["Mela Papastefanou (gymnast) (2001-2002)"]
tt12953538	1	nm0664071	actor	\N	["Leonidas Fokas (captain)"]
tt12953538	2	nm0355232	actor	\N	["Charis Kanelos (first mate)"]
tt12953538	3	nm1069746	actress	\N	["Valeria Poulopoulou (singer)"]
tt12953538	4	nm0857513	actress	\N	["Myrto Mavroyialourou (ship owner)"]
tt12953538	5	nm0631805	actress	\N	["Antzy Lambrou"]
tt12953538	6	nm0819994	actor	\N	["Vlassis (steward)"]
tt12953538	7	nm1165561	actress	\N	["Gogo (Hairstylist) (2001-2002)"]
tt12953538	8	nm0098211	actor	\N	["Alekos Apostolou (doctor)"]
tt12953538	9	nm1007346	actor	\N	["Aristides Drougas (accountant)"]
tt12953540	1	nm0061849	actress	\N	["Lorie Brooks"]
tt12953542	1	nm5945073	actress	\N	["Sadie"]
tt12953542	2	nm3600327	actor	\N	["Alex"]
tt12953542	3	nm10900185	actress	\N	["Francie"]
tt12953542	4	nm1591546	actor	\N	["Christopher"]
tt12953542	5	nm3719393	director	\N	\N
tt12953542	6	nm6304629	composer	\N	\N
tt12953542	7	nm2715524	cinematographer	\N	\N
tt12953542	8	nm2448200	editor	\N	\N
tt12953542	9	nm10468273	production_designer	\N	\N
tt12953544	1	nm2713262	self	\N	["Self - Host"]
tt12953544	2	nm0207830	self	\N	["Self"]
tt12953544	3	nm5833472	self	\N	["Self"]
tt12953544	4	nm0069387	self	\N	["Self"]
tt12953544	5	nm0134612	self	\N	["Self"]
tt12953544	6	nm2926006	self	\N	["Self - Astrólogo"]
tt12953544	7	nm0683784	self	\N	["Self"]
tt12953546	10	nm3588968	self	\N	["Self"]
tt12953546	1	nm3343038	self	\N	["Self"]
tt12953546	2	nm0237754	self	\N	["Self"]
tt12953546	3	nm0380337	self	\N	["Self"]
tt12953546	4	nm1426968	self	\N	["Self - Host"]
tt12953546	5	nm1853710	self	\N	["Self"]
tt12953546	6	nm1871460	self	\N	["Self"]
tt12953546	7	nm10786865	self	\N	["Self"]
tt12953546	8	nm0291158	self	\N	["Self"]
tt12953546	9	nm2217117	self	\N	["Self"]
tt12953548	1	nm10310964	actress	\N	["Sona"]
tt12953548	2	nm9503553	actress	\N	["Sharanya Vasudevan"]
tt12953548	3	nm8801016	actor	\N	["Sumeshetten"]
tt12953548	4	nm8319302	actor	\N	["Ajith Menon"]
tt12953548	5	nm9214307	director	\N	\N
tt12953548	6	nm3616989	producer	producer	\N
tt12953548	7	nm6130626	composer	\N	\N
tt12953548	8	nm7786355	cinematographer	\N	\N
tt12953548	9	nm8319306	editor	\N	\N
tt12953550	1	nm2713262	self	\N	["Self - Host"]
tt12953550	2	nm0703160	self	\N	["Self"]
tt12953550	3	nm2926006	self	\N	["Self - Astrólogo"]
tt12953550	4	nm4714234	self	\N	["Self"]
tt12953550	5	nm0431683	self	\N	["Self - Audience member"]
tt12953552	1	nm10052443	self	\N	["Self"]
tt12953552	2	nm10052196	self	\N	["Self"]
tt12953552	3	nm9580278	self	\N	["Self"]
tt12953552	4	nm9580330	self	\N	["Self"]
tt12953554	1	nm0061849	actress	\N	["Lorie Brooks"]
tt12953556	10	nm1266813	actor	\N	["Competitor","self"]
tt12953556	1	nm1117679	actress	\N	["Competitor","self"]
tt12953556	2	nm1155254	actress	\N	["Host","self"]
tt12953556	3	nm1404430	actress	\N	["Competitor","self"]
tt12953556	4	nm1621520	actress	\N	["Compota","self"]
tt12953556	5	nm11826230	director	\N	\N
tt12953556	6	nm12209450	producer	producer	\N
tt12953556	7	nm12210218	producer	producer	\N
tt12953556	8	nm11725404	composer	\N	\N
tt12953556	9	nm1621098	actor	\N	["El Pecas","competitor"]
tt12953558	1	nm0061849	actress	\N	["Lorie Brooks"]
tt12953560	10	nm11098564	cinematographer	\N	\N
tt12953560	1	nm3670005	actress	\N	["Maryska Cybulska"]
tt12953560	2	nm7597548	actress	\N	["Jagna Dobosz"]
tt12953560	3	nm1450664	actor	\N	["Brunon Malecki"]
tt12953560	4	nm3519100	actor	\N	["Patryk Karwowski"]
tt12953560	5	nm9717416	director	\N	\N
tt12953560	6	nm11098083	writer	screenplay	\N
tt12953560	7	nm11098059	writer	screenplay	\N
tt12953560	8	nm11097781	writer	head writer	\N
tt12953560	9	nm4060795	cinematographer	\N	\N
tt12953564	1	nm0061849	actress	\N	["Lorie Brooks"]
tt12953566	1	nm0061849	actress	\N	["Lorie Brooks"]
tt12953568	1	nm10052196	self	\N	["Self"]
tt12953568	2	nm10052445	self	\N	["Self"]
tt12953568	3	nm8667438	self	\N	["Self"]
tt12953568	4	nm5638648	self	\N	["Self"]
tt12953568	5	nm10082582	self	\N	["Self"]
tt12953570	1	nm0061849	actress	\N	["Lorie Brooks"]
tt12953572	10	nm10966552	self	\N	["Self"]
tt12953572	1	nm11835325	self	\N	["Themselves"]
tt12953572	2	nm3343038	self	\N	["Self"]
tt12953572	3	nm1426968	self	\N	["Self - Host"]
tt12953572	4	nm1853710	self	\N	["Self"]
tt12953572	5	nm3532041	self	\N	["Self"]
tt12953572	6	nm1871460	self	\N	["Self"]
tt12953572	7	nm10786865	self	\N	["Self"]
tt12953572	8	nm0291158	self	\N	["Self"]
tt12953572	9	nm3808775	self	\N	["Self"]
tt12953574	1	nm0061849	actress	\N	["Lorie Brooks"]
tt12953576	1	nm0061849	actress	\N	["Lorie Brooks"]
tt12953578	1	nm10066104	self	\N	["Self"]
tt12953578	2	nm7460461	self	\N	["Self"]
tt12953578	3	nm9580278	self	\N	["Self"]
tt12953578	4	nm8667438	self	\N	["Self"]
tt12953578	5	nm3133737	self	\N	["Self"]
tt12953580	1	nm5171368	actor	\N	["Sean Mann"]
tt12953580	2	nm6164574	actor	\N	["Sony Dong"]
tt12953580	3	nm5209430	actor	\N	["Smuggler"]
tt12953580	4	nm3920675	actor	\N	["Arresting Officer"]
tt12953580	5	nm4898192	actor	\N	["Arresting Officer"]
tt12953580	6	nm4449133	actor	\N	["Detective"]
tt12953580	7	nm4932740	actor	\N	["Customs Officer"]
tt12953582	1	nm0061849	actress	\N	["Lorie Brooks"]
tt12953584	1	nm0061849	actress	\N	["Lorie Brooks"]
tt12953586	1	nm5722984	self	\N	["Self"]
tt12953586	2	nm2556180	self	\N	["Self - Professor MIT"]
tt12953586	3	nm11576548	director	live director	\N
tt12953588	1	nm9952074	actress	\N	["Ashley Porter"]
tt12953588	2	nm10036660	actress	\N	["Karla"]
tt12953588	3	nm9682352	actor	\N	["Paul"]
tt12953588	4	nm9503543	actress	\N	["Tamara"]
tt12953588	5	nm9953188	composer	composer	\N
tt12953588	6	nm11036448	composer	composer	\N
tt12953588	7	nm6569590	cinematographer	director of photography	\N
tt12953588	8	nm8853341	editor	\N	\N
tt12953590	1	nm0061849	actress	\N	["Lorie Brooks"]
tt12953594	1	nm0061849	actress	\N	["Lorie Brooks"]
tt12953596	1	nm7460461	self	\N	["Self"]
tt12953596	2	nm10052445	self	\N	["Self"]
tt12953596	3	nm9750543	self	\N	["Self"]
tt12953596	4	nm10052194	self	\N	["Self"]
tt12953596	5	nm5638648	self	\N	["Self"]
tt12953598	1	nm11838609	actor	\N	\N
tt12953598	2	nm11838608	actor	\N	\N
tt12953600	1	nm0061849	actress	\N	["Lorie Brooks"]
tt12953602	1	nm0061849	actress	\N	["Lorie Brooks"]
tt12953604	10	nm1305003	cinematographer	\N	\N
tt12953604	1	nm7652255	actor	\N	["Jakob"]
tt12953604	2	nm6869006	actor	\N	["Chrummholzbauer"]
tt12953604	3	nm9488210	actress	\N	["Chrummholzbäuerin"]
tt12953604	4	nm2976050	actress	\N	["Heimisbäuerin"]
tt12953604	5	nm0279043	director	\N	\N
tt12953604	6	nm4671860	writer	\N	\N
tt12953604	7	nm11494552	writer	\N	\N
tt12953604	8	nm2694075	producer	producer	\N
tt12953604	9	nm2181711	composer	\N	\N
tt12953606	1	nm0061849	actress	\N	["Lorie Brooks"]
tt12953608	1	nm9750543	self	\N	["Self"]
tt12953608	2	nm9182244	self	\N	["Self"]
tt12953608	3	nm3461887	self	\N	["Self"]
tt12953610	1	nm0061849	actress	\N	["Lorie Brooks"]
tt12953616	1	nm3081483	director	\N	\N
tt12953616	2	nm11751537	producer	producer	\N
tt12953616	3	nm11793400	cinematographer	\N	\N
tt12953616	4	nm5193470	cinematographer	\N	\N
tt12953616	5	nm10138661	cinematographer	\N	\N
tt12953616	6	nm5193244	cinematographer	\N	\N
tt12953616	7	nm10138666	editor	\N	\N
tt12953618	1	nm3081483	director	\N	\N
tt12953618	2	nm11751537	producer	producer	\N
tt12953618	3	nm11793400	cinematographer	\N	\N
tt12953618	4	nm5193470	cinematographer	\N	\N
tt12953618	5	nm10138661	cinematographer	\N	\N
tt12953618	6	nm5193244	cinematographer	\N	\N
tt12953618	7	nm10138666	editor	\N	\N
tt12953622	1	nm8667438	self	\N	["Self"]
tt12953622	2	nm10174133	self	\N	["Self"]
tt12953622	3	nm9182244	self	\N	["Self"]
tt12953626	1	nm3081483	director	\N	\N
tt12953626	2	nm11751537	producer	producer	\N
tt12953626	3	nm11793400	cinematographer	\N	\N
tt12953626	4	nm5193470	cinematographer	\N	\N
tt12953626	5	nm10138661	cinematographer	\N	\N
tt12953626	6	nm5193244	cinematographer	\N	\N
tt12953626	7	nm10138666	editor	\N	\N
tt12953628	1	nm3081483	director	\N	\N
tt12953628	2	nm11751537	producer	producer	\N
tt12953628	3	nm11793400	cinematographer	\N	\N
tt12953628	4	nm5193470	cinematographer	\N	\N
tt12953628	5	nm10138661	cinematographer	\N	\N
tt12953628	6	nm5193244	cinematographer	\N	\N
tt12953628	7	nm10138666	editor	\N	\N
tt12953632	1	nm10052443	self	\N	["Self"]
tt12953632	2	nm9894646	self	\N	["Self"]
tt12953632	3	nm3133737	self	\N	["Self"]
tt12953632	4	nm10743390	self	\N	["Self"]
tt12953632	5	nm10057335	self	\N	["Self"]
tt12953632	6	nm9182244	self	\N	["Self"]
tt12953634	10	nm11098564	cinematographer	\N	\N
tt12953634	1	nm3670005	actress	\N	["Maryska Cybulska"]
tt12953634	2	nm7597548	actress	\N	["Jagna Dobosz"]
tt12953634	3	nm1450664	actor	\N	["Brunon Malecki"]
tt12953634	4	nm3519100	actor	\N	["Patryk Karwowski"]
tt12953634	5	nm9717416	director	\N	\N
tt12953634	6	nm11098083	writer	screenplay	\N
tt12953634	7	nm11098059	writer	screenplay	\N
tt12953634	8	nm11097781	writer	head writer	\N
tt12953634	9	nm4060795	cinematographer	\N	\N
tt12953636	1	nm3081483	director	\N	\N
tt12953636	2	nm11751537	producer	producer	\N
tt12953636	3	nm11793400	cinematographer	\N	\N
tt12953636	4	nm5193470	cinematographer	\N	\N
tt12953636	5	nm10138661	cinematographer	\N	\N
tt12953636	6	nm5193244	cinematographer	\N	\N
tt12953636	7	nm10138666	editor	\N	\N
tt12953638	1	nm0061849	actress	\N	["Lorie Brooks"]
tt12953640	1	nm3081483	director	\N	\N
tt12953640	2	nm11751537	producer	producer	\N
tt12953640	3	nm11793400	cinematographer	\N	\N
tt12953640	4	nm5193470	cinematographer	\N	\N
tt12953640	5	nm10138661	cinematographer	\N	\N
tt12953640	6	nm5193244	cinematographer	\N	\N
tt12953640	7	nm10138666	editor	\N	\N
tt12953642	1	nm0061849	actress	\N	["Lorie Brooks"]
tt12953644	1	nm0061849	actress	\N	["Lorie Brooks"]
tt12953646	1	nm3081483	director	\N	\N
tt12953646	2	nm11751537	producer	producer	\N
tt12953646	3	nm11793400	cinematographer	\N	\N
tt12953646	4	nm5193470	cinematographer	\N	\N
tt12953646	5	nm10138661	cinematographer	\N	\N
tt12953646	6	nm5193244	cinematographer	\N	\N
tt12953646	7	nm10138666	editor	\N	\N
tt12953648	1	nm8667438	self	\N	["Self"]
tt12953648	2	nm9894646	self	\N	["Self"]
tt12953648	3	nm3133737	self	\N	["Self"]
tt12953648	4	nm10057335	self	\N	["Self"]
tt12953648	5	nm9182244	self	\N	["Self"]
tt12953648	6	nm10052187	self	\N	["Self"]
tt12953650	1	nm0061849	actress	\N	["Lorie Brooks"]
tt12953652	1	nm3081483	director	\N	\N
tt12953652	2	nm11751537	producer	producer	\N
tt12953652	3	nm11793400	cinematographer	\N	\N
tt12953652	4	nm5193470	cinematographer	\N	\N
tt12953652	5	nm10138661	cinematographer	\N	\N
tt12953652	6	nm5193244	cinematographer	\N	\N
tt12953652	7	nm10138666	editor	\N	\N
tt12953658	1	nm3081483	director	\N	\N
tt12953658	2	nm11751537	producer	producer	\N
tt12953658	3	nm11793400	cinematographer	\N	\N
tt12953658	4	nm5193470	cinematographer	\N	\N
tt12953658	5	nm10138661	cinematographer	\N	\N
tt12953658	6	nm5193244	cinematographer	\N	\N
tt12953658	7	nm10138666	editor	\N	\N
tt12953662	1	nm0341311	self	\N	["Self - Host"]
tt12953662	2	nm0000907	self	\N	["Self"]
tt12953662	3	nm0000336	self	\N	["Self"]
tt12953662	4	nm0696038	self	\N	["Self"]
tt12953662	5	nm0001640	self	\N	["Self"]
tt12953664	1	nm3081483	director	\N	\N
tt12953664	2	nm11751537	producer	producer	\N
tt12953664	3	nm11793400	cinematographer	\N	\N
tt12953664	4	nm5193470	cinematographer	\N	\N
tt12953664	5	nm10138661	cinematographer	\N	\N
tt12953664	6	nm5193244	cinematographer	\N	\N
tt12953664	7	nm10138666	editor	\N	\N
tt12953666	1	nm10052443	self	\N	["Self"]
tt12953666	2	nm10066104	self	\N	["Self"]
tt12953666	3	nm9580278	self	\N	["Self"]
tt12953666	4	nm10052194	self	\N	["Self"]
tt12953666	5	nm5638648	self	\N	["Self"]
tt12953670	1	nm0061849	actress	\N	["Lorie Brooks"]
tt12953672	1	nm3081483	director	\N	\N
tt12953672	2	nm11751537	producer	producer	\N
tt12953672	3	nm11793400	cinematographer	\N	\N
tt12953672	4	nm5193470	cinematographer	\N	\N
tt12953672	5	nm10138661	cinematographer	\N	\N
tt12953672	6	nm5193244	cinematographer	\N	\N
tt12953672	7	nm10138666	editor	\N	\N
tt12953676	10	nm8951741	self	\N	["Self"]
tt12953676	1	nm11837120	self	\N	["Self"]
tt12953676	2	nm11838268	self	\N	["Self"]
tt12953676	3	nm5175654	self	\N	["Self - Host"]
tt12953676	4	nm11837122	self	\N	["Self"]
tt12953676	5	nm11837123	self	\N	["Self"]
tt12953676	6	nm11837910	self	\N	["Self"]
tt12953676	7	nm11837887	self	\N	["Self"]
tt12953676	8	nm8376880	self	\N	["Self - Host"]
tt12953676	9	nm11837118	self	\N	["Self"]
tt12953680	1	nm0061849	actress	\N	["Lorie Brooks"]
tt12953682	1	nm3081483	director	\N	\N
tt12953682	2	nm11751537	producer	producer	\N
tt12953682	3	nm11793400	cinematographer	\N	\N
tt12953682	4	nm5193470	cinematographer	\N	\N
tt12953682	5	nm10138661	cinematographer	\N	\N
tt12953682	6	nm5193244	cinematographer	\N	\N
tt12953682	7	nm10138666	editor	\N	\N
tt12953686	10	nm8951741	self	\N	["Self"]
tt12953686	1	nm11837120	self	\N	["Self"]
tt12953686	2	nm11838268	self	\N	["Self"]
tt12953686	3	nm5175654	self	\N	["Self - Host"]
tt12953686	4	nm11837122	self	\N	["Self"]
tt12953686	5	nm11837123	self	\N	["Self"]
tt12953686	6	nm11837910	self	\N	["Self"]
tt12953686	7	nm11837887	self	\N	["Self"]
tt12953686	8	nm8376880	self	\N	["Self - Host"]
tt12953686	9	nm11837118	self	\N	["Self"]
tt12953690	1	nm3081483	director	\N	\N
tt12953690	2	nm11751537	producer	producer	\N
tt12953690	3	nm11793400	cinematographer	\N	\N
tt12953690	4	nm5193470	cinematographer	\N	\N
tt12953690	5	nm10138661	cinematographer	\N	\N
tt12953690	6	nm5193244	cinematographer	\N	\N
tt12953690	7	nm10138666	editor	\N	\N
tt12953692	10	nm8951741	self	\N	["Self"]
tt12953692	1	nm11837120	self	\N	["Self"]
tt12953692	2	nm11838268	self	\N	["Self"]
tt12953692	3	nm5175654	self	\N	["Self - Host"]
tt12953692	4	nm11837122	self	\N	["Self"]
tt12953692	5	nm11837123	self	\N	["Self"]
tt12953692	6	nm11837910	self	\N	["Self"]
tt12953692	7	nm11837887	self	\N	["Self"]
tt12953692	8	nm8376880	self	\N	["Self - Host"]
tt12953692	9	nm11837118	self	\N	["Self"]
tt12953694	1	nm3081483	director	\N	\N
tt12953694	2	nm11751537	producer	producer	\N
tt12953694	3	nm11793400	cinematographer	\N	\N
tt12953694	4	nm5193470	cinematographer	\N	\N
tt12953694	5	nm10138661	cinematographer	\N	\N
tt12953694	6	nm5193244	cinematographer	\N	\N
tt12953694	7	nm10138666	editor	\N	\N
tt12953702	1	nm13736873	self	\N	["Self"]
tt12953702	2	nm5625978	producer	producer	\N
tt12953702	3	nm1743831	editor	\N	\N
tt12953702	4	nm0512603	production_designer	\N	\N
tt12953704	10	nm8951741	self	\N	["Self"]
tt12953704	1	nm11837120	self	\N	["Self"]
tt12953704	2	nm11838268	self	\N	["Self"]
tt12953704	3	nm5175654	self	\N	["Self - Host"]
tt12953704	4	nm11837122	self	\N	["Self"]
tt12953704	5	nm11837123	self	\N	["Self"]
tt12953704	6	nm11837910	self	\N	["Self"]
tt12953704	7	nm11837887	self	\N	["Self"]
tt12953704	8	nm8376880	self	\N	["Self - Host"]
tt12953704	9	nm11837118	self	\N	["Self"]
tt12953706	1	nm11838634	actor	\N	["Glass Blower"]
tt12953706	2	nm3532984	director	\N	\N
tt12953712	1	nm11048506	actress	\N	\N
tt12953712	2	nm11838636	actress	\N	\N
tt12953712	3	nm11838635	actor	\N	\N
tt12953712	4	nm9672966	actor	\N	\N
tt12953712	5	nm9949256	director	\N	\N
tt12953712	6	nm10737450	producer	producer	\N
tt12953712	7	nm10737453	producer	producer	\N
tt12953712	8	nm9566650	actress	\N	\N
tt12953712	9	nm5030991	actor	\N	\N
tt12953720	1	nm3081483	director	\N	\N
tt12953720	2	nm11751537	producer	producer	\N
tt12953720	3	nm11793400	cinematographer	\N	\N
tt12953720	4	nm5193470	cinematographer	\N	\N
tt12953720	5	nm10138661	cinematographer	\N	\N
tt12953720	6	nm5193244	cinematographer	\N	\N
tt12953720	7	nm10138666	editor	\N	\N
tt12953722	10	nm11838267	self	\N	["Self"]
tt12953722	1	nm11837120	self	\N	["Self"]
tt12953722	2	nm11838268	self	\N	["Self"]
tt12953722	3	nm5175654	self	\N	["Self - Host"]
tt12953722	4	nm11837122	self	\N	["Self"]
tt12953722	5	nm11837123	self	\N	["Self"]
tt12953722	6	nm11837910	self	\N	["Self"]
tt12953722	7	nm8376880	self	\N	["Self - Host"]
tt12953722	8	nm11837118	self	\N	["Self"]
tt12953722	9	nm8951741	self	\N	["Self"]
tt12953728	1	nm3081483	director	\N	\N
tt12953728	2	nm11751537	producer	producer	\N
tt12953728	3	nm11793400	cinematographer	\N	\N
tt12953728	4	nm5193470	cinematographer	\N	\N
tt12953728	5	nm10138661	cinematographer	\N	\N
tt12953728	6	nm5193244	cinematographer	\N	\N
tt12953728	7	nm10138666	editor	\N	\N
tt12953730	10	nm11838267	self	\N	["Self"]
tt12953730	1	nm11837120	self	\N	["Self"]
tt12953730	2	nm11838268	self	\N	["Self"]
tt12953730	3	nm5175654	self	\N	["Self - Host"]
tt12953730	4	nm11837122	self	\N	["Self"]
tt12953730	5	nm11837123	self	\N	["Self"]
tt12953730	6	nm11837910	self	\N	["Self"]
tt12953730	7	nm8376880	self	\N	["Self - Host"]
tt12953730	8	nm11837118	self	\N	["Self"]
tt12953730	9	nm8951741	self	\N	["Self"]
tt12953732	10	nm11838267	self	\N	["Self"]
tt12953732	1	nm11837120	self	\N	["Self"]
tt12953732	2	nm11838268	self	\N	["Self"]
tt12953732	3	nm5175654	self	\N	["Self - Host"]
tt12953732	4	nm11837122	self	\N	["Self"]
tt12953732	5	nm11837123	self	\N	["Self"]
tt12953732	6	nm11837910	self	\N	["Self"]
tt12953732	7	nm8376880	self	\N	["Self - Host"]
tt12953732	8	nm11837118	self	\N	["Self"]
tt12953732	9	nm8951741	self	\N	["Self"]
tt12953734	1	nm11838638	actor	\N	["Presenter","Host"]
tt12953736	1	nm11838639	self	\N	["Self"]
tt12953738	10	nm11838640	self	\N	["Self"]
tt12953738	1	nm11837120	self	\N	["Self"]
tt12953738	2	nm11838268	self	\N	["Self"]
tt12953738	3	nm5175654	self	\N	["Self - Host"]
tt12953738	4	nm11837122	self	\N	["Self"]
tt12953738	5	nm11837123	self	\N	["Self"]
tt12953738	6	nm11837910	self	\N	["Self"]
tt12953738	7	nm8376880	self	\N	["Self - Host"]
tt12953738	8	nm11837118	self	\N	["Self"]
tt12953738	9	nm8951741	self	\N	["Self"]
tt12953740	1	nm0061849	actress	\N	["Lorie Brooks"]
tt12953744	1	nm0061849	actress	\N	["Lorie Brooks"]
tt12953746	1	nm0061849	actress	\N	["Lorie Brooks"]
tt12953750	10	nm4594226	cinematographer	director of photography	\N
tt12953750	1	nm12100203	actor	\N	\N
tt12953750	2	nm11512488	actor	\N	\N
tt12953750	3	nm12065961	actress	\N	\N
tt12953750	4	nm11057419	actor	\N	["Vasan"]
tt12953750	5	nm7110319	director	\N	\N
tt12953750	6	nm13383651	writer	dialogue	\N
tt12953750	7	nm1025280	writer	story	\N
tt12953750	8	nm0438470	producer	producer	\N
tt12953750	9	nm6802055	composer	\N	\N
tt12953752	10	nm11098564	cinematographer	\N	\N
tt12953752	1	nm3670005	actress	\N	["Maryska Cybulska"]
tt12953752	2	nm7597548	actress	\N	["Jagna Dobosz"]
tt12953752	3	nm1450664	actor	\N	["Brunon Malecki"]
tt12953752	4	nm3519100	actor	\N	["Patryk Karwowski"]
tt12953752	5	nm9717416	director	\N	\N
tt12953752	6	nm11098083	writer	screenplay	\N
tt12953752	7	nm11098059	writer	screenplay	\N
tt12953752	8	nm11097781	writer	head writer	\N
tt12953752	9	nm4060795	cinematographer	\N	\N
tt12953758	10	nm0763367	actress	\N	["Competitor","self"]
tt12953758	1	nm1108667	actress	\N	["Competitor","self"]
tt12953758	2	nm1155254	actress	\N	["Host","self"]
tt12953758	3	nm0674482	actress	\N	["Competitor","self"]
tt12953758	4	nm11826230	actor	\N	["Sr. Consejo de la judicatura"]
tt12953758	5	nm12209450	producer	producer	\N
tt12953758	6	nm12210218	producer	producer	\N
tt12953758	7	nm11725404	composer	\N	\N
tt12953758	8	nm1340584	actor	\N	["Competitor","self"]
tt12953758	9	nm12940511	actor	\N	["Mesonero Loco","Mesonero de 'La comidita'"]
tt12953762	1	nm0061849	actress	\N	["Lorie Brooks"]
tt12953764	1	nm10198563	self	\N	["Self"]
tt12953764	2	nm3461887	self	\N	["Self"]
tt12953766	1	nm0061849	actress	\N	["Lorie Brooks"]
tt12953770	1	nm10198563	self	\N	["Self"]
tt12953770	2	nm10052196	self	\N	["Self"]
tt12953770	3	nm9577719	self	\N	["Self"]
tt12953770	4	nm3461887	self	\N	["Self"]
tt12953772	1	nm10052196	self	\N	["Self"]
tt12953772	2	nm10052444	self	\N	["Self"]
tt12953772	3	nm10052445	self	\N	["Self"]
tt12953772	4	nm9580278	self	\N	["Self"]
tt12953774	1	nm0061849	actress	\N	["Lorie Brooks"]
tt12953776	1	nm11593532	actress	\N	["Narrator","Newscaster"]
tt12953778	10	nm0641612	actor	\N	["Dr. Rick Bauer"]
tt12953778	1	nm0956631	actress	\N	["Reva Shayne Lewis"]
tt12953778	2	nm0628242	actor	\N	["Josh Lewis"]
tt12953778	3	nm0800335	actor	\N	["Dr. Ed Bauer"]
tt12953778	4	nm0017875	actor	\N	["Philip Spaulding"]
tt12953778	5	nm0219990	actress	\N	["Chelsea Reardon"]
tt12953778	6	nm0308171	actress	\N	["Holly Norris Thorpe"]
tt12953778	7	nm1027224	actor	\N	["Johnny Bauer"]
tt12953778	8	nm0358462	actor	\N	["Fletcher Reade"]
tt12953778	9	nm13812671	actress	\N	["Rose from the Rusty Nail"]
tt12953782	1	nm0061849	actress	\N	["Lorie Brooks"]
tt12953784	10	nm0639116	actress	\N	["Caitríona Ní Loideáin"]
tt12953784	1	nm0208302	actor	\N	["Jack Hayes"]
tt12953784	2	nm0639110	actress	\N	["Sinéad Ní Bhaoill"]
tt12953784	3	nm0289258	actress	\N	["Vanessa Barrett"]
tt12953784	4	nm0378953	actress	\N	["Sarah Uí Fhlatharta"]
tt12953784	5	nm0495212	actress	\N	["Síle Nic Pháidín"]
tt12953784	6	nm0531134	actor	\N	["Séamus Ó Catháin"]
tt12953784	7	nm0614860	actor	\N	["Seán Brennan"]
tt12953784	8	nm0639113	actress	\N	["Ali Begley"]
tt12953784	9	nm0639115	actress	\N	["Berni Ní Neachtain"]
tt12953786	1	nm3461887	self	\N	["Self"]
tt12953786	2	nm10052196	self	\N	["Self"]
tt12953786	3	nm10052195	self	\N	["Self"]
tt12953786	4	nm8667438	self	\N	["Self"]
tt12953786	5	nm9577719	self	\N	["Self"]
tt12953786	6	nm10174133	self	\N	["Self"]
tt12953788	1	nm0061849	actress	\N	["Lorie Brooks"]
tt12953792	1	nm0061849	actress	\N	["Lorie Brooks"]
tt12953796	1	nm0061849	actress	\N	["Lorie Brooks"]
tt12953800	1	nm0061849	actress	\N	["Lorie Brooks"]
tt12953802	1	nm0061849	actress	\N	["Lorie Brooks"]
tt12953804	1	nm10052195	self	\N	["Self"]
tt12953804	2	nm9580330	self	\N	["Self"]
tt12953804	3	nm11838675	self	\N	["Self"]
tt12953804	4	nm11838384	self	\N	["Self"]
tt12953804	5	nm10052194	self	\N	["Self"]
tt12953806	1	nm3081483	director	\N	\N
tt12953806	2	nm11751537	producer	producer	\N
tt12953806	3	nm11776053	cinematographer	\N	\N
tt12953806	4	nm11788231	cinematographer	\N	\N
tt12953806	5	nm10138661	cinematographer	\N	\N
tt12953806	6	nm5193244	cinematographer	\N	\N
tt12953806	7	nm10138666	editor	\N	\N
tt12953810	1	nm3081483	director	\N	\N
tt12953810	2	nm11751537	producer	producer	\N
tt12953810	3	nm11776053	cinematographer	\N	\N
tt12953810	4	nm11788231	cinematographer	\N	\N
tt12953810	5	nm10138661	cinematographer	\N	\N
tt12953810	6	nm5193244	cinematographer	\N	\N
tt12953810	7	nm10138666	editor	\N	\N
tt12953812	1	nm0061849	actress	\N	["Lorie Brooks"]
tt12953814	1	nm3081483	director	\N	\N
tt12953814	2	nm11751537	producer	producer	\N
tt12953814	3	nm11776053	cinematographer	\N	\N
tt12953814	4	nm11788231	cinematographer	\N	\N
tt12953814	5	nm10138661	cinematographer	\N	\N
tt12953814	6	nm5193244	cinematographer	\N	\N
tt12953814	7	nm10138666	editor	\N	\N
tt12953816	1	nm10198563	self	\N	["Self"]
tt12953816	2	nm8667438	self	\N	["Self"]
tt12953816	3	nm10174133	self	\N	["Self"]
tt12953816	4	nm9182244	self	\N	["Self"]
tt12953818	1	nm11534124	actor	\N	\N
tt12953818	2	nm11066865	actor	\N	\N
tt12953818	3	nm2240629	actress	\N	\N
tt12953818	4	nm1422099	actress	\N	\N
tt12953818	5	nm11817434	director	\N	\N
tt12953820	1	nm0061849	actress	\N	["Lorie Brooks"]
tt12953822	10	nm11098564	cinematographer	\N	\N
tt12953822	1	nm3670005	actress	\N	["Maryska Cybulska"]
tt12953822	2	nm7597548	actress	\N	["Jagna Dobosz"]
tt12953822	3	nm1450664	actor	\N	["Brunon Malecki"]
tt12953822	4	nm3519100	actor	\N	["Patryk Karwowski"]
tt12953822	5	nm9717416	director	\N	\N
tt12953822	6	nm11098083	writer	screenplay	\N
tt12953822	7	nm11097782	writer	screenplay	\N
tt12953822	8	nm11097781	writer	head writer	\N
tt12953822	9	nm4060795	cinematographer	\N	\N
tt12953824	1	nm0061849	actress	\N	["Lorie Brooks"]
tt12953826	1	nm3081483	director	\N	\N
tt12953826	2	nm11751537	producer	producer	\N
tt12953826	3	nm11776053	cinematographer	\N	\N
tt12953826	4	nm11788231	cinematographer	\N	\N
tt12953826	5	nm10138661	cinematographer	\N	\N
tt12953826	6	nm5193244	cinematographer	\N	\N
tt12953826	7	nm10138666	editor	\N	\N
tt12953828	1	nm3081483	director	\N	\N
tt12953828	2	nm11751537	producer	producer	\N
tt12953828	3	nm11776053	cinematographer	\N	\N
tt12953828	4	nm11788231	cinematographer	\N	\N
tt12953828	5	nm10138661	cinematographer	\N	\N
tt12953828	6	nm5193244	cinematographer	\N	\N
tt12953828	7	nm10138666	editor	\N	\N
tt12953830	1	nm0061849	actress	\N	["Lorie Brooks"]
tt12953832	1	nm3081483	director	\N	\N
tt12953832	2	nm11751537	producer	producer	\N
tt12953832	3	nm11776053	cinematographer	\N	\N
tt12953832	4	nm11788231	cinematographer	\N	\N
tt12953832	5	nm10138661	cinematographer	\N	\N
tt12953832	6	nm5193244	cinematographer	\N	\N
tt12953832	7	nm10138666	editor	\N	\N
tt12953834	1	nm10052195	self	\N	["Self"]
tt12953834	2	nm8667438	self	\N	["Self"]
tt12953834	3	nm10052187	self	\N	["Self"]
tt12953834	4	nm10052193	self	\N	["Self"]
tt12953838	1	nm3081483	director	\N	\N
tt12953838	2	nm11751537	producer	producer	\N
tt12953838	3	nm11776053	cinematographer	\N	\N
tt12953838	4	nm11788231	cinematographer	\N	\N
tt12953838	5	nm10138661	cinematographer	\N	\N
tt12953838	6	nm5193244	cinematographer	\N	\N
tt12953838	7	nm10138666	editor	\N	\N
tt12953840	1	nm11534124	actor	\N	\N
tt12953840	2	nm11066865	actor	\N	\N
tt12953840	3	nm2240629	actress	\N	\N
tt12953840	4	nm1422099	actress	\N	\N
tt12953840	5	nm11817434	director	\N	\N
tt12953842	1	nm11534124	actor	\N	\N
tt12953842	2	nm11066865	actor	\N	\N
tt12953842	3	nm2240629	actress	\N	\N
tt12953842	4	nm1422099	actress	\N	\N
tt12953842	5	nm11817434	director	\N	\N
tt12953844	1	nm11534124	actor	\N	\N
tt12953844	2	nm11066865	actor	\N	\N
tt12953844	3	nm2240629	actress	\N	\N
tt12953844	4	nm1422099	actress	\N	\N
tt12953844	5	nm11817434	director	\N	\N
tt12953846	1	nm11534124	actor	\N	\N
tt12953846	2	nm11066865	actor	\N	\N
tt12953846	3	nm2240629	actress	\N	\N
tt12953846	4	nm1422099	actress	\N	\N
tt12953846	5	nm11817434	director	\N	\N
tt12953848	1	nm0061849	actress	\N	["Lorie Brooks"]
tt12953850	1	nm3081483	director	\N	\N
tt12953850	2	nm11751537	producer	producer	\N
tt12953850	3	nm11776053	cinematographer	\N	\N
tt12953850	4	nm11788231	cinematographer	\N	\N
tt12953850	5	nm10138661	cinematographer	\N	\N
tt12953850	6	nm5193244	cinematographer	\N	\N
tt12953850	7	nm10138666	editor	\N	\N
tt12953852	1	nm11534124	actor	\N	\N
tt12953852	2	nm11066865	actor	\N	\N
tt12953852	3	nm2240629	actress	\N	\N
tt12953852	4	nm1422099	actress	\N	\N
tt12953852	5	nm11817434	director	\N	\N
tt12953854	1	nm11534124	actor	\N	\N
tt12953854	2	nm11066865	actor	\N	\N
tt12953854	3	nm2240629	actress	\N	\N
tt12953854	4	nm1422099	actress	\N	\N
tt12953854	5	nm11817434	director	\N	\N
tt12953856	1	nm11534124	actor	\N	\N
tt12953856	2	nm11066865	actor	\N	\N
tt12953856	3	nm2240629	actress	\N	\N
tt12953856	4	nm1422099	actress	\N	\N
tt12953856	5	nm11817434	director	\N	\N
tt12953858	1	nm11534124	actor	\N	\N
tt12953858	2	nm11066865	actor	\N	\N
tt12953858	3	nm2240629	actress	\N	\N
tt12953858	4	nm1422099	actress	\N	\N
tt12953858	5	nm11817434	director	\N	\N
tt12953860	1	nm0061849	actress	\N	["Lorie Brooks"]
tt12953862	1	nm3081483	director	\N	\N
tt12953862	2	nm11751537	producer	producer	\N
tt12953862	3	nm11776053	cinematographer	\N	\N
tt12953862	4	nm11788231	cinematographer	\N	\N
tt12953862	5	nm10138661	cinematographer	\N	\N
tt12953862	6	nm5193244	cinematographer	\N	\N
tt12953862	7	nm10138666	editor	\N	\N
tt12953866	1	nm11534124	actor	\N	\N
tt12953866	2	nm11066865	actor	\N	\N
tt12953866	3	nm2240629	actress	\N	\N
tt12953866	4	nm1422099	actress	\N	\N
tt12953866	5	nm11817434	director	\N	\N
tt12953868	1	nm11534124	actor	\N	\N
tt12953868	2	nm11066865	actor	\N	\N
tt12953868	3	nm2240629	actress	\N	\N
tt12953868	4	nm1422099	actress	\N	\N
tt12953868	5	nm11817434	director	\N	\N
tt12953870	1	nm3081483	director	\N	\N
tt12953870	2	nm11751537	producer	producer	\N
tt12953870	3	nm11776053	cinematographer	\N	\N
tt12953870	4	nm11788231	cinematographer	\N	\N
tt12953870	5	nm10138661	cinematographer	\N	\N
tt12953870	6	nm5193244	cinematographer	\N	\N
tt12953870	7	nm10138666	editor	\N	\N
tt12953872	1	nm11534124	actor	\N	\N
tt12953872	2	nm11066865	actor	\N	\N
tt12953872	3	nm2240629	actress	\N	\N
tt12953872	4	nm1422099	actress	\N	\N
tt12953872	5	nm11817434	director	\N	\N
tt12953874	1	nm11534124	actor	\N	\N
tt12953874	2	nm11066865	actor	\N	\N
tt12953874	3	nm2240629	actress	\N	\N
tt12953874	4	nm1422099	actress	\N	\N
tt12953874	5	nm11817434	director	\N	\N
tt12953876	1	nm11534124	actor	\N	\N
tt12953876	2	nm11066865	actor	\N	\N
tt12953876	3	nm2240629	actress	\N	\N
tt12953876	4	nm1422099	actress	\N	\N
tt12953876	5	nm11817434	director	\N	\N
tt12953878	1	nm11534124	actor	\N	\N
tt12953878	2	nm11066865	actor	\N	\N
tt12953878	3	nm2240629	actress	\N	\N
tt12953878	4	nm1422099	actress	\N	\N
tt12953878	5	nm11817434	director	\N	\N
tt12953880	1	nm11534124	actor	\N	\N
tt12953880	2	nm11066865	actor	\N	\N
tt12953880	3	nm2240629	actress	\N	\N
tt12953880	4	nm1422099	actress	\N	\N
tt12953880	5	nm11817434	director	\N	\N
tt12953882	1	nm3081483	director	\N	\N
tt12953882	2	nm11751537	producer	producer	\N
tt12953882	3	nm11776053	cinematographer	\N	\N
tt12953882	4	nm11788231	cinematographer	\N	\N
tt12953882	5	nm10138661	cinematographer	\N	\N
tt12953882	6	nm5193244	cinematographer	\N	\N
tt12953882	7	nm10138666	editor	\N	\N
tt12953884	1	nm10052196	self	\N	["Self"]
tt12953884	2	nm10052444	self	\N	["Self"]
tt12953884	3	nm10052445	self	\N	["Self"]
tt12953884	4	nm8667438	self	\N	["Self"]
tt12953884	5	nm9577719	self	\N	["Self"]
tt12953884	6	nm10057335	self	\N	["Self"]
tt12953886	1	nm11534124	actor	\N	\N
tt12953886	2	nm11066865	actor	\N	\N
tt12953886	3	nm2240629	actress	\N	\N
tt12953886	4	nm1422099	actress	\N	\N
tt12953886	5	nm11817434	director	\N	\N
tt12953888	1	nm11534124	actor	\N	\N
tt12953888	2	nm11066865	actor	\N	\N
tt12953888	3	nm2240629	actress	\N	\N
tt12953888	4	nm1422099	actress	\N	\N
tt12953888	5	nm11817434	director	\N	\N
tt12953890	1	nm3081483	director	\N	\N
tt12953890	2	nm11751537	producer	producer	\N
tt12953890	3	nm11776053	cinematographer	\N	\N
tt12953890	4	nm11788231	cinematographer	\N	\N
tt12953890	5	nm10138661	cinematographer	\N	\N
tt12953890	6	nm5193244	cinematographer	\N	\N
tt12953890	7	nm10138666	editor	\N	\N
tt12953892	1	nm11534124	actor	\N	\N
tt12953892	2	nm11066865	actor	\N	\N
tt12953892	3	nm2240629	actress	\N	\N
tt12953892	4	nm1422099	actress	\N	\N
tt12953892	5	nm11817434	director	\N	\N
tt12953894	1	nm11534124	actor	\N	\N
tt12953894	2	nm11066865	actor	\N	\N
tt12953894	3	nm2240629	actress	\N	\N
tt12953894	4	nm1422099	actress	\N	\N
tt12953894	5	nm11817434	director	\N	\N
tt12953896	1	nm0061849	actress	\N	["Lorie Brooks"]
tt12953898	1	nm11534124	actor	\N	\N
tt12953898	2	nm11066865	actor	\N	\N
tt12953898	3	nm2240629	actress	\N	\N
tt12953898	4	nm1422099	actress	\N	\N
tt12953898	5	nm11817434	director	\N	\N
tt12953900	1	nm3081483	director	\N	\N
tt12953900	2	nm11751537	producer	producer	\N
tt12953900	3	nm11776053	cinematographer	\N	\N
tt12953900	4	nm11788231	cinematographer	\N	\N
tt12953900	5	nm10138661	cinematographer	\N	\N
tt12953900	6	nm5193244	cinematographer	\N	\N
tt12953900	7	nm10138666	editor	\N	\N
tt12953902	1	nm11837224	actress	\N	["The Doctor"]
tt12953902	2	nm11838693	actor	\N	["Mr. Walter Smith"]
tt12953902	3	nm10063557	actress	\N	["Miss. Tyler"]
tt12953902	4	nm8430842	actress	\N	["Nurse 3"]
tt12953902	5	nm11838692	director	\N	\N
tt12953902	6	nm8596731	actress	\N	["Nurse 2"]
tt12953902	7	nm11838694	actress	\N	["Nurse 1"]
tt12953904	1	nm11534124	actor	\N	\N
tt12953904	2	nm11066865	actor	\N	\N
tt12953904	3	nm2240629	actress	\N	\N
tt12953904	4	nm1422099	actress	\N	\N
tt12953904	5	nm11817434	director	\N	\N
tt12953906	1	nm11534124	actor	\N	\N
tt12953906	2	nm11066865	actor	\N	\N
tt12953906	3	nm2240629	actress	\N	\N
tt12953906	4	nm1422099	actress	\N	\N
tt12953906	5	nm11817434	director	\N	\N
tt12953908	1	nm3081483	director	\N	\N
tt12953908	2	nm11751537	producer	producer	\N
tt12953908	3	nm11776053	cinematographer	\N	\N
tt12953908	4	nm11788231	cinematographer	\N	\N
tt12953908	5	nm10138661	cinematographer	\N	\N
tt12953908	6	nm5193244	cinematographer	\N	\N
tt12953908	7	nm10138666	editor	\N	\N
tt12953910	1	nm0061849	actress	\N	["Lorie Brooks"]
tt12953912	1	nm11534124	actor	\N	\N
tt12953912	2	nm11066865	actor	\N	\N
tt12953912	3	nm2240629	actress	\N	\N
tt12953912	4	nm1422099	actress	\N	\N
tt12953912	5	nm11817434	director	\N	\N
tt12953914	1	nm10911313	self	\N	["Self"]
tt12953914	2	nm1804505	self	\N	["Self - Host"]
tt12953914	3	nm11031899	self	\N	["Self"]
tt12953916	1	nm11534124	actor	\N	\N
tt12953916	2	nm11066865	actor	\N	\N
tt12953916	3	nm2240629	actress	\N	\N
tt12953916	4	nm1422099	actress	\N	\N
tt12953916	5	nm11817434	director	\N	\N
tt12953918	1	nm3081483	director	\N	\N
tt12953918	2	nm11751537	producer	producer	\N
tt12953918	3	nm11776053	cinematographer	\N	\N
tt12953918	4	nm11788231	cinematographer	\N	\N
tt12953918	5	nm10138661	cinematographer	\N	\N
tt12953918	6	nm5193244	cinematographer	\N	\N
tt12953918	7	nm10138666	editor	\N	\N
tt12953920	1	nm11534124	actor	\N	\N
tt12953920	2	nm11066865	actor	\N	\N
tt12953920	3	nm2240629	actress	\N	\N
tt12953920	4	nm1422099	actress	\N	\N
tt12953920	5	nm11817434	director	\N	\N
tt12953922	1	nm11534124	actor	\N	\N
tt12953922	2	nm11066865	actor	\N	\N
tt12953922	3	nm2240629	actress	\N	\N
tt12953922	4	nm1422099	actress	\N	\N
tt12953922	5	nm11817434	director	\N	\N
tt12953924	1	nm0061849	actress	\N	["Lorie Brooks"]
tt12953926	1	nm11534124	actor	\N	\N
tt12953926	2	nm11066865	actor	\N	\N
tt12953926	3	nm2240629	actress	\N	\N
tt12953926	4	nm1422099	actress	\N	\N
tt12953926	5	nm11817434	director	\N	\N
tt12953928	1	nm10052196	self	\N	["Self"]
tt12953928	2	nm11306026	self	\N	["Self"]
tt12953928	3	nm9580278	self	\N	["Self"]
tt12953928	4	nm10052195	self	\N	["Self"]
tt12953928	5	nm10052193	self	\N	["Self"]
tt12953930	1	nm11534124	actor	\N	\N
tt12953930	2	nm11066865	actor	\N	\N
tt12953930	3	nm2240629	actress	\N	\N
tt12953930	4	nm1422099	actress	\N	\N
tt12953930	5	nm11817434	director	\N	\N
tt12953932	1	nm11534124	actor	\N	\N
tt12953932	2	nm11066865	actor	\N	\N
tt12953932	3	nm2240629	actress	\N	\N
tt12953932	4	nm1422099	actress	\N	\N
tt12953932	5	nm11817434	director	\N	\N
tt12953934	1	nm3081483	director	\N	\N
tt12953934	2	nm11751537	producer	producer	\N
tt12953934	3	nm11776053	cinematographer	\N	\N
tt12953934	4	nm11788231	cinematographer	\N	\N
tt12953934	5	nm10138661	cinematographer	\N	\N
tt12953934	6	nm5193244	cinematographer	\N	\N
tt12953934	7	nm10138666	editor	\N	\N
tt12953936	1	nm11534124	actor	\N	\N
tt12953936	2	nm11066865	actor	\N	\N
tt12953936	3	nm2240629	actress	\N	\N
tt12953936	4	nm1422099	actress	\N	\N
tt12953936	5	nm11817434	director	\N	\N
tt12953938	1	nm11534124	actor	\N	\N
tt12953938	2	nm11066865	actor	\N	\N
tt12953938	3	nm2240629	actress	\N	\N
tt12953938	4	nm1422099	actress	\N	\N
tt12953938	5	nm11817434	director	\N	\N
tt12953940	1	nm0061849	actress	\N	["Lorie Brooks"]
tt12953942	1	nm11534124	actor	\N	\N
tt12953942	2	nm11066865	actor	\N	\N
tt12953942	3	nm2240629	actress	\N	\N
tt12953942	4	nm1422099	actress	\N	\N
tt12953942	5	nm11817434	director	\N	\N
tt12953944	1	nm11534124	actor	\N	\N
tt12953944	2	nm11066865	actor	\N	\N
tt12953944	3	nm2240629	actress	\N	\N
tt12953944	4	nm1422099	actress	\N	\N
tt12953944	5	nm11817434	director	\N	\N
tt12953946	1	nm11534124	actor	\N	\N
tt12953946	2	nm11066865	actor	\N	\N
tt12953946	3	nm2240629	actress	\N	\N
tt12953946	4	nm1422099	actress	\N	\N
tt12953946	5	nm11817434	director	\N	\N
tt12953948	1	nm11534124	actor	\N	\N
tt12953948	2	nm11066865	actor	\N	\N
tt12953948	3	nm2240629	actress	\N	\N
tt12953948	4	nm1422099	actress	\N	\N
tt12953948	5	nm11817434	director	\N	\N
tt12953950	1	nm11534124	actor	\N	\N
tt12953950	2	nm11066865	actor	\N	\N
tt12953950	3	nm2240629	actress	\N	\N
tt12953950	4	nm1422099	actress	\N	\N
tt12953950	5	nm11817434	director	\N	\N
tt12953954	1	nm11534124	actor	\N	\N
tt12953954	2	nm11066865	actor	\N	\N
tt12953954	3	nm2240629	actress	\N	\N
tt12953954	4	nm1422099	actress	\N	\N
tt12953954	5	nm11817434	director	\N	\N
tt12953956	1	nm0061849	actress	\N	["Lorie Brooks"]
tt12953958	1	nm11534124	actor	\N	\N
tt12953958	2	nm11066865	actor	\N	\N
tt12953958	3	nm2240629	actress	\N	\N
tt12953958	4	nm1422099	actress	\N	\N
tt12953958	5	nm11817434	director	\N	\N
tt12953960	1	nm11534124	actor	\N	\N
tt12953960	2	nm11066865	actor	\N	\N
tt12953960	3	nm2240629	actress	\N	\N
tt12953960	4	nm1422099	actress	\N	\N
tt12953960	5	nm11817434	director	\N	\N
tt12953962	1	nm11838696	self	\N	["Self"]
tt12953964	1	nm11534124	actor	\N	\N
tt12953964	2	nm11066865	actor	\N	\N
tt12953964	3	nm2240629	actress	\N	\N
tt12953964	4	nm1422099	actress	\N	\N
tt12953964	5	nm11817434	director	\N	\N
tt12953966	1	nm11534124	actor	\N	\N
tt12953966	2	nm11066865	actor	\N	\N
tt12953966	3	nm2240629	actress	\N	\N
tt12953966	4	nm1422099	actress	\N	\N
tt12953966	5	nm11817434	director	\N	\N
tt12953968	1	nm11534124	actor	\N	\N
tt12953968	2	nm11066865	actor	\N	\N
tt12953968	3	nm2240629	actress	\N	\N
tt12953968	4	nm1422099	actress	\N	\N
tt12953968	5	nm11817434	director	\N	\N
tt12953972	1	nm11593532	actress	\N	["Narrator","Newscaster"]
tt12953974	1	nm11534124	actor	\N	\N
tt12953974	2	nm11066865	actor	\N	\N
tt12953974	3	nm2240629	actress	\N	\N
tt12953974	4	nm1422099	actress	\N	\N
tt12953974	5	nm11817434	director	\N	\N
tt12953976	1	nm11534124	actor	\N	\N
tt12953976	2	nm11066865	actor	\N	\N
tt12953976	3	nm2240629	actress	\N	\N
tt12953976	4	nm1422099	actress	\N	\N
tt12953976	5	nm11817434	director	\N	\N
tt12953978	1	nm11534124	actor	\N	\N
tt12953978	2	nm11066865	actor	\N	\N
tt12953978	3	nm2240629	actress	\N	\N
tt12953978	4	nm1422099	actress	\N	\N
tt12953978	5	nm11817434	director	\N	\N
tt12953980	1	nm9182244	self	\N	["Self"]
tt12953980	2	nm10052187	self	\N	["Self"]
tt12953980	3	nm3461887	self	\N	["Self"]
tt12953982	1	nm11534124	actor	\N	\N
tt12953982	2	nm11066865	actor	\N	\N
tt12953982	3	nm2240629	actress	\N	\N
tt12953982	4	nm1422099	actress	\N	\N
tt12953982	5	nm11817434	director	\N	\N
tt12953984	1	nm11534124	actor	\N	\N
tt12953984	2	nm11066865	actor	\N	\N
tt12953984	3	nm2240629	actress	\N	\N
tt12953984	4	nm1422099	actress	\N	\N
tt12953984	5	nm11817434	director	\N	\N
tt12953986	1	nm11534124	actor	\N	\N
tt12953986	2	nm11066865	actor	\N	\N
tt12953986	3	nm2240629	actress	\N	\N
tt12953986	4	nm1422099	actress	\N	\N
tt12953986	5	nm11817434	director	\N	\N
tt12953988	1	nm11534124	actor	\N	\N
tt12953988	2	nm11066865	actor	\N	\N
tt12953988	3	nm2240629	actress	\N	\N
tt12953988	4	nm1422099	actress	\N	\N
tt12953988	5	nm11817434	director	\N	\N
tt12953990	1	nm9630988	producer	producer	\N
tt12953992	1	nm11534124	actor	\N	\N
tt12953992	2	nm11066865	actor	\N	\N
tt12953992	3	nm2240629	actress	\N	\N
tt12953992	4	nm1422099	actress	\N	\N
tt12953992	5	nm11817434	director	\N	\N
tt12953994	10	nm0406420	actress	\N	["Competitor","self"]
tt12953994	1	nm2723171	actress	\N	["Competitor","self"]
tt12953994	2	nm6333219	actor	\N	["Competitor","self"]
tt12953994	3	nm11837242	actress	\N	["Dancing","self"]
tt12953994	4	nm1155254	actress	\N	["Host","self"]
tt12953994	5	nm11826230	director	\N	\N
tt12953994	6	nm12209450	producer	producer	\N
tt12953994	7	nm12210218	producer	producer	\N
tt12953994	8	nm11725404	composer	\N	\N
tt12953994	9	nm0380366	actress	\N	["Competitor","self"]
tt12953996	1	nm11534124	actor	\N	\N
tt12953996	2	nm11066865	actor	\N	\N
tt12953996	3	nm2240629	actress	\N	\N
tt12953996	4	nm1422099	actress	\N	\N
tt12953996	5	nm11817434	director	\N	\N
tt12953998	1	nm11534124	actor	\N	\N
tt12953998	2	nm11066865	actor	\N	\N
tt12953998	3	nm2240629	actress	\N	\N
tt12953998	4	nm1422099	actress	\N	\N
tt12953998	5	nm11817434	director	\N	\N
tt12954000	1	nm11534124	actor	\N	\N
tt12954000	2	nm11066865	actor	\N	\N
tt12954000	3	nm2240629	actress	\N	\N
tt12954000	4	nm1422099	actress	\N	\N
tt12954000	5	nm11817434	director	\N	\N
tt12954002	1	nm10052195	self	\N	["Self"]
tt12954002	2	nm11838701	self	\N	["Self"]
tt12954002	3	nm3461887	self	\N	["Self"]
tt12954004	1	nm11534124	actor	\N	\N
tt12954004	2	nm11066865	actor	\N	\N
tt12954004	3	nm2240629	actress	\N	\N
tt12954004	4	nm1422099	actress	\N	\N
tt12954004	5	nm11817434	director	\N	\N
tt12954006	1	nm11534124	actor	\N	\N
tt12954006	2	nm11066865	actor	\N	\N
tt12954006	3	nm2240629	actress	\N	\N
tt12954006	4	nm1422099	actress	\N	\N
tt12954006	5	nm11817434	director	\N	\N
tt12954008	1	nm11534124	actor	\N	\N
tt12954008	2	nm11066865	actor	\N	\N
tt12954008	3	nm2240629	actress	\N	\N
tt12954008	4	nm1422099	actress	\N	\N
tt12954008	5	nm11817434	director	\N	\N
tt12954010	1	nm11534124	actor	\N	\N
tt12954010	2	nm11066865	actor	\N	\N
tt12954010	3	nm2240629	actress	\N	\N
tt12954010	4	nm1422099	actress	\N	\N
tt12954010	5	nm11817434	director	\N	\N
tt12954012	1	nm11534124	actor	\N	\N
tt12954012	2	nm11066865	actor	\N	\N
tt12954012	3	nm2240629	actress	\N	\N
tt12954012	4	nm1422099	actress	\N	\N
tt12954012	5	nm11817434	director	\N	\N
tt12954014	1	nm11534124	actor	\N	\N
tt12954014	2	nm11066865	actor	\N	\N
tt12954014	3	nm2240629	actress	\N	\N
tt12954014	4	nm1422099	actress	\N	\N
tt12954014	5	nm11817434	director	\N	\N
tt12954016	1	nm11534124	actor	\N	\N
tt12954016	2	nm11066865	actor	\N	\N
tt12954016	3	nm2240629	actress	\N	\N
tt12954016	4	nm1422099	actress	\N	\N
tt12954016	5	nm11817434	director	\N	\N
tt12954018	1	nm11534124	actor	\N	\N
tt12954018	2	nm11066865	actor	\N	\N
tt12954018	3	nm2240629	actress	\N	\N
tt12954018	4	nm1422099	actress	\N	\N
tt12954018	5	nm11817434	director	\N	\N
tt12954020	1	nm11534124	actor	\N	\N
tt12954020	2	nm11066865	actor	\N	\N
tt12954020	3	nm2240629	actress	\N	\N
tt12954020	4	nm1422099	actress	\N	\N
tt12954020	5	nm11817434	director	\N	\N
tt12954022	1	nm11534124	actor	\N	\N
tt12954022	2	nm11066865	actor	\N	\N
tt12954022	3	nm2240629	actress	\N	\N
tt12954022	4	nm1422099	actress	\N	\N
tt12954022	5	nm11817434	director	\N	\N
tt12954024	1	nm11534124	actor	\N	\N
tt12954024	2	nm11066865	actor	\N	\N
tt12954024	3	nm2240629	actress	\N	\N
tt12954024	4	nm1422099	actress	\N	\N
tt12954024	5	nm11817434	director	\N	\N
tt12954026	1	nm11534124	actor	\N	\N
tt12954026	2	nm11066865	actor	\N	\N
tt12954026	3	nm2240629	actress	\N	\N
tt12954026	4	nm1422099	actress	\N	\N
tt12954026	5	nm11817434	director	\N	\N
tt12954028	1	nm11534124	actor	\N	\N
tt12954028	2	nm11066865	actor	\N	\N
tt12954028	3	nm2240629	actress	\N	\N
tt12954028	4	nm1422099	actress	\N	\N
tt12954028	5	nm11817434	director	\N	\N
tt12954030	1	nm11534124	actor	\N	\N
tt12954030	2	nm11066865	actor	\N	\N
tt12954030	3	nm2240629	actress	\N	\N
tt12954030	4	nm1422099	actress	\N	\N
tt12954030	5	nm11817434	director	\N	\N
tt12954032	1	nm11534124	actor	\N	\N
tt12954032	2	nm11066865	actor	\N	\N
tt12954032	3	nm2240629	actress	\N	\N
tt12954032	4	nm1422099	actress	\N	\N
tt12954032	5	nm11817434	director	\N	\N
tt12954038	1	nm11534124	actor	\N	\N
tt12954038	2	nm11066865	actor	\N	\N
tt12954038	3	nm2240629	actress	\N	\N
tt12954038	4	nm1422099	actress	\N	\N
tt12954038	5	nm11817434	director	\N	\N
tt12954040	1	nm0341311	self	\N	["Self - Host"]
tt12954040	2	nm0000917	self	\N	["Self"]
tt12954040	3	nm11838702	self	\N	["Self - 'Ms.' magazine editor"]
tt12954040	4	nm0512388	self	\N	["Self - Orchestra Leader"]
tt12954040	5	nm3016495	self	\N	["Themselves"]
tt12954040	6	nm0820700	self	\N	["Self"]
tt12954040	7	nm0839797	self	\N	["Self"]
tt12954042	1	nm11534124	actor	\N	\N
tt12954042	2	nm11066865	actor	\N	\N
tt12954042	3	nm2240629	actress	\N	\N
tt12954042	4	nm1422099	actress	\N	\N
tt12954042	5	nm11817434	director	\N	\N
tt12954044	1	nm0061849	actress	\N	["Lorie Brooks"]
tt12954046	1	nm11534124	actor	\N	\N
tt12954046	2	nm11066865	actor	\N	\N
tt12954046	3	nm2240629	actress	\N	\N
tt12954046	4	nm1422099	actress	\N	\N
tt12954046	5	nm11817434	director	\N	\N
tt12954048	1	nm11534124	actor	\N	\N
tt12954048	2	nm11066865	actor	\N	\N
tt12954048	3	nm2240629	actress	\N	\N
tt12954048	4	nm1422099	actress	\N	\N
tt12954048	5	nm11817434	director	\N	\N
tt12954050	1	nm11534124	actor	\N	\N
tt12954050	2	nm11066865	actor	\N	\N
tt12954050	3	nm2240629	actress	\N	\N
tt12954050	4	nm1422099	actress	\N	\N
tt12954050	5	nm11817434	director	\N	\N
tt12954052	1	nm11534124	actor	\N	\N
tt12954052	2	nm11066865	actor	\N	\N
tt12954052	3	nm2240629	actress	\N	\N
tt12954052	4	nm1422099	actress	\N	\N
tt12954052	5	nm11817434	director	\N	\N
tt12954054	1	nm0061849	actress	\N	["Lorie Brooks"]
tt12954056	1	nm11534124	actor	\N	\N
tt12954056	2	nm11066865	actor	\N	\N
tt12954056	3	nm2240629	actress	\N	\N
tt12954056	4	nm1422099	actress	\N	\N
tt12954056	5	nm11817434	director	\N	\N
tt12954058	1	nm11534124	actor	\N	\N
tt12954058	2	nm11066865	actor	\N	\N
tt12954058	3	nm2240629	actress	\N	\N
tt12954058	4	nm1422099	actress	\N	\N
tt12954058	5	nm11817434	director	\N	\N
tt12954060	10	nm11098564	cinematographer	\N	\N
tt12954060	1	nm3670005	actress	\N	["Maryska Cybulska"]
tt12954060	2	nm7597548	actress	\N	["Jagna Dobosz"]
tt12954060	3	nm1450664	actor	\N	["Brunon Malecki"]
tt12954060	4	nm3519100	actor	\N	["Patryk Karwowski"]
tt12954060	5	nm9717416	director	\N	\N
tt12954060	6	nm11098083	writer	screenplay	\N
tt12954060	7	nm11097782	writer	screenplay	\N
tt12954060	8	nm11097781	writer	head writer	\N
tt12954060	9	nm4060795	cinematographer	\N	\N
tt12954062	1	nm11837224	actress	\N	["Narrator"]
tt12954062	2	nm11838692	director	\N	\N
tt12954064	1	nm11534124	actor	\N	\N
tt12954064	2	nm11066865	actor	\N	\N
tt12954064	3	nm2240629	actress	\N	\N
tt12954064	4	nm1422099	actress	\N	\N
tt12954064	5	nm11817434	director	\N	\N
tt12954066	1	nm11838708	self	\N	["Self"]
tt12954066	2	nm10052195	self	\N	["Self"]
tt12954066	3	nm10200861	self	\N	["Self"]
tt12954066	4	nm10052194	self	\N	["Self"]
tt12954066	5	nm10052193	self	\N	["Self"]
tt12954068	1	nm11534124	actor	\N	\N
tt12954068	2	nm11066865	actor	\N	\N
tt12954068	3	nm2240629	actress	\N	\N
tt12954068	4	nm1422099	actress	\N	\N
tt12954068	5	nm11817434	director	\N	\N
tt12954070	1	nm0061849	actress	\N	["Lorie Brooks"]
tt12954072	1	nm11534124	actor	\N	\N
tt12954072	2	nm11066865	actor	\N	\N
tt12954072	3	nm2240629	actress	\N	\N
tt12954072	4	nm1422099	actress	\N	\N
tt12954072	5	nm11817434	director	\N	\N
tt12954074	1	nm9991648	actress	\N	["Juliette"]
tt12954074	2	nm0034921	actor	\N	["Julio"]
tt12954074	3	nm7468767	actor	\N	["Dad"]
tt12954074	4	nm7507617	actress	\N	["Maddie"]
tt12954074	5	nm2965656	director	\N	\N
tt12954078	1	nm11534124	actor	\N	\N
tt12954078	2	nm11066865	actor	\N	\N
tt12954078	3	nm2240629	actress	\N	\N
tt12954078	4	nm1422099	actress	\N	\N
tt12954078	5	nm11817434	director	\N	\N
tt12954080	1	nm11534124	actor	\N	\N
tt12954080	2	nm11066865	actor	\N	\N
tt12954080	3	nm2240629	actress	\N	\N
tt12954080	4	nm1422099	actress	\N	\N
tt12954080	5	nm11817434	director	\N	\N
tt12954082	1	nm10200861	self	\N	["Self"]
tt12954082	2	nm10052194	self	\N	["Self"]
tt12954082	3	nm10052193	self	\N	["Self"]
tt12954084	1	nm11534124	actor	\N	\N
tt12954084	2	nm11066865	actor	\N	\N
tt12954084	3	nm2240629	actress	\N	\N
tt12954084	4	nm1422099	actress	\N	\N
tt12954084	5	nm11817434	director	\N	\N
tt12954086	1	nm11534124	actor	\N	\N
tt12954086	2	nm11066865	actor	\N	\N
tt12954086	3	nm2240629	actress	\N	\N
tt12954086	4	nm1422099	actress	\N	\N
tt12954086	5	nm11817434	director	\N	\N
tt12954088	1	nm0061849	actress	\N	["Lorie Brooks"]
tt12954090	1	nm11534124	actor	\N	\N
tt12954090	2	nm11066865	actor	\N	\N
tt12954090	3	nm2240629	actress	\N	\N
tt12954090	4	nm1422099	actress	\N	\N
tt12954090	5	nm11817434	director	\N	\N
tt12954092	1	nm11534124	actor	\N	\N
tt12954092	2	nm11066865	actor	\N	\N
tt12954092	3	nm2240629	actress	\N	\N
tt12954092	4	nm1422099	actress	\N	\N
tt12954092	5	nm11817434	director	\N	\N
tt12954094	1	nm11534124	actor	\N	\N
tt12954094	2	nm11066865	actor	\N	\N
tt12954094	3	nm2240629	actress	\N	\N
tt12954094	4	nm1422099	actress	\N	\N
tt12954094	5	nm11817434	director	\N	\N
tt12954096	1	nm0061849	actress	\N	["Lorie Brooks"]
tt12954098	1	nm11534124	actor	\N	\N
tt12954098	2	nm11066865	actor	\N	\N
tt12954098	3	nm2240629	actress	\N	\N
tt12954098	4	nm1422099	actress	\N	\N
tt12954098	5	nm11817434	director	\N	\N
tt12954100	1	nm11534124	actor	\N	\N
tt12954100	2	nm11066865	actor	\N	\N
tt12954100	3	nm2240629	actress	\N	\N
tt12954100	4	nm1422099	actress	\N	\N
tt12954100	5	nm11817434	director	\N	\N
tt12954102	1	nm11534124	actor	\N	\N
tt12954102	2	nm11066865	actor	\N	\N
tt12954102	3	nm2240629	actress	\N	\N
tt12954102	4	nm1422099	actress	\N	\N
tt12954102	5	nm11817434	director	\N	\N
tt12954104	1	nm5872718	actress	\N	["Myrtle"]
tt12954104	2	nm11838710	writer	\N	\N
tt12954104	3	nm3635495	producer	producer	\N
tt12954104	4	nm1743783	composer	\N	\N
tt12954104	5	nm3091416	cinematographer	\N	\N
tt12954104	6	nm0293413	editor	\N	\N
tt12954104	7	nm10176440	production_designer	\N	\N
tt12954106	1	nm0061849	actress	\N	["Lorie Brooks"]
tt12954108	1	nm5263646	actress	\N	\N
tt12954108	2	nm12343818	actor	\N	["Kalitheerthan's son"]
tt12954108	3	nm4120730	actor	\N	\N
tt12954108	4	nm10092385	actress	\N	\N
tt12954108	5	nm11500625	director	\N	\N
tt12954110	10	nm1741333	actor	\N	["Saal Alhuraji","Abdul Waajid"]
tt12954110	1	nm2375377	actor	\N	["Alex Marasigan","Hakeem Alhuraji"]
tt12954110	2	nm0032633	actor	\N	["Abe","Abraham Kamlun"]
tt12954110	3	nm5207142	actor	\N	["Elmer Marasigan"]
tt12954110	4	nm3945133	actor	\N	["Jethro Mondejar"]
tt12954110	5	nm2351889	director	\N	\N
tt12954110	6	nm5153692	actor	\N	["Phil","Philip Panganiban"]
tt12954110	7	nm4994151	actor	\N	["Benjamin Arguelles","Benjie"]
tt12954110	8	nm1758562	actor	\N	["Striker","Michael Mendoza"]
tt12954110	9	nm4212988	actress	\N	["Lourd","Lourdes Bacalso"]
tt12954112	1	nm0061849	actress	\N	["Lorie Brooks"]
tt12954116	1	nm5263646	actress	\N	\N
tt12954116	2	nm12343818	actor	\N	["Kalitheerthan's son"]
tt12954116	3	nm4120730	actor	\N	\N
tt12954116	4	nm10092385	actress	\N	\N
tt12954116	5	nm11500625	director	\N	\N
tt12954118	1	nm5263646	actress	\N	\N
tt12954118	2	nm4120730	actor	\N	\N
tt12954118	3	nm10092385	actress	\N	\N
tt12954118	4	nm11500625	director	\N	\N
tt12954120	1	nm0061849	actress	\N	["Lorie Brooks"]
tt12954122	1	nm5263646	actress	\N	\N
tt12954122	2	nm4120730	actor	\N	\N
tt12954122	3	nm10092385	actress	\N	\N
tt12954122	4	nm11500625	director	\N	\N
tt12954124	1	nm5263646	actress	\N	\N
tt12954124	2	nm12343818	actor	\N	["Kalitheerthan's son"]
tt12954124	3	nm4120730	actor	\N	\N
tt12954124	4	nm10092385	actress	\N	\N
tt12954124	5	nm11500625	director	\N	\N
tt12954126	1	nm0061849	actress	\N	["Lorie Brooks"]
tt12954128	1	nm5263646	actress	\N	\N
tt12954128	2	nm4120730	actor	\N	\N
tt12954128	3	nm10092385	actress	\N	\N
tt12954128	4	nm11500625	director	\N	\N
tt12954130	1	nm5263646	actress	\N	\N
tt12954130	2	nm12343818	actor	\N	["Kalitheerthan's son"]
tt12954130	3	nm4120730	actor	\N	\N
tt12954130	4	nm10092385	actress	\N	\N
tt12954130	5	nm11500625	director	\N	\N
tt12954132	1	nm5263646	actress	\N	\N
tt12954132	2	nm12343818	actor	\N	["Kalitheerthan's son"]
tt12954132	3	nm4120730	actor	\N	\N
tt12954132	4	nm10092385	actress	\N	\N
tt12954132	5	nm11500625	director	\N	\N
tt12954134	1	nm5263646	actress	\N	\N
tt12954134	2	nm12343818	actor	\N	["Kalitheerthan's son"]
tt12954134	3	nm4120730	actor	\N	\N
tt12954134	4	nm10092385	actress	\N	\N
tt12954134	5	nm11500625	director	\N	\N
tt12954136	1	nm0061849	actress	\N	["Lorie Brooks"]
tt12954138	1	nm5263646	actress	\N	\N
tt12954138	2	nm12343818	actor	\N	["Kalitheerthan's son"]
tt12954138	3	nm4120730	actor	\N	\N
tt12954138	4	nm10092385	actress	\N	\N
tt12954138	5	nm11500625	director	\N	\N
tt12954140	10	nm9693931	writer	\N	\N
tt12954140	1	nm10535968	self	\N	["Self"]
tt12954140	2	nm10433928	self	\N	["Self"]
tt12954140	3	nm10911313	self	\N	["Self"]
tt12954140	4	nm10339993	self	\N	["Self - Host"]
tt12954140	5	nm3460270	writer	\N	\N
tt12954140	6	nm11519884	writer	\N	\N
tt12954140	7	nm8111868	writer	\N	\N
tt12954140	8	nm2663663	writer	\N	\N
tt12954140	9	nm2662831	writer	\N	\N
tt12954142	1	nm5263646	actress	\N	\N
tt12954142	2	nm12343818	actor	\N	["Kalitheerthan's son"]
tt12954142	3	nm4120730	actor	\N	\N
tt12954142	4	nm10092385	actress	\N	\N
tt12954142	5	nm11500625	director	\N	\N
tt12954144	1	nm5263646	actress	\N	\N
tt12954144	2	nm12343818	actor	\N	["Kalitheerthan's son"]
tt12954144	3	nm4120730	actor	\N	\N
tt12954144	4	nm10092385	actress	\N	\N
tt12954144	5	nm11500625	director	\N	\N
tt12954146	1	nm5263646	actress	\N	\N
tt12954146	2	nm12343818	actor	\N	["Kalitheerthan's son"]
tt12954146	3	nm4120730	actor	\N	\N
tt12954146	4	nm10092385	actress	\N	\N
tt12954146	5	nm11500625	director	\N	\N
tt12954148	1	nm0061849	actress	\N	["Lorie Brooks"]
tt12954150	1	nm5263646	actress	\N	\N
tt12954150	2	nm4120730	actor	\N	\N
tt12954150	3	nm10092385	actress	\N	\N
tt12954150	4	nm11500625	director	\N	\N
tt12954152	10	nm11838640	self	\N	["Self"]
tt12954152	1	nm11837120	self	\N	["Self"]
tt12954152	2	nm11838268	self	\N	["Self"]
tt12954152	3	nm5175654	self	\N	["Self - Host"]
tt12954152	4	nm11837122	self	\N	["Self"]
tt12954152	5	nm11837123	self	\N	["Self"]
tt12954152	6	nm11837910	self	\N	["Self"]
tt12954152	7	nm8376880	self	\N	["Self - Host"]
tt12954152	8	nm11837118	self	\N	["Self"]
tt12954152	9	nm8951741	self	\N	["Self"]
tt12954154	1	nm5263646	actress	\N	\N
tt12954154	2	nm4120730	actor	\N	\N
tt12954154	3	nm10092385	actress	\N	\N
tt12954154	4	nm11500625	director	\N	\N
tt12954156	1	nm5263646	actress	\N	\N
tt12954156	2	nm12343818	actor	\N	["Kalitheerthan's son"]
tt12954156	3	nm4120730	actor	\N	\N
tt12954156	4	nm10092385	actress	\N	\N
tt12954156	5	nm11500625	director	\N	\N
tt12954158	1	nm0061849	actress	\N	["Lorie Brooks"]
tt12954160	1	nm5263646	actress	\N	\N
tt12954160	2	nm4120730	actor	\N	\N
tt12954160	3	nm10092385	actress	\N	\N
tt12954160	4	nm11500625	director	\N	\N
tt12954162	1	nm5263646	actress	\N	\N
tt12954162	2	nm4120730	actor	\N	\N
tt12954162	3	nm10092385	actress	\N	\N
tt12954162	4	nm11500625	director	\N	\N
tt12954164	1	nm10535968	self	\N	["Self"]
tt12954164	2	nm1952963	self	\N	["Self - Host"]
tt12954166	1	nm5263646	actress	\N	\N
tt12954166	2	nm4120730	actor	\N	\N
tt12954166	3	nm10092385	actress	\N	\N
tt12954166	4	nm11500625	director	\N	\N
tt12954170	1	nm5263646	actress	\N	\N
tt12954170	2	nm12343818	actor	\N	["Kalitheerthan's son"]
tt12954170	3	nm4120730	actor	\N	\N
tt12954170	4	nm10092385	actress	\N	\N
tt12954170	5	nm11500625	director	\N	\N
tt12954172	1	nm5263646	actress	\N	\N
tt12954172	2	nm4120730	actor	\N	\N
tt12954172	3	nm10092385	actress	\N	\N
tt12954172	4	nm11500625	director	\N	\N
tt12954174	1	nm0061849	actress	\N	["Lorie Brooks"]
tt12954176	10	nm11838640	self	\N	["Self"]
tt12954176	1	nm11837120	self	\N	["Self"]
tt12954176	2	nm11838268	self	\N	["Self"]
tt12954176	3	nm5175654	self	\N	["Self - Host"]
tt12954176	4	nm11837122	self	\N	["Self"]
tt12954176	5	nm11837123	self	\N	["Self"]
tt12954176	6	nm11837910	self	\N	["Self"]
tt12954176	7	nm8376880	self	\N	["Self - Host"]
tt12954176	8	nm11837118	self	\N	["Self"]
tt12954176	9	nm8951741	self	\N	["Self"]
tt12954178	1	nm5263646	actress	\N	\N
tt12954178	2	nm12343818	actor	\N	["Kalitheerthan's son"]
tt12954178	3	nm4120730	actor	\N	\N
tt12954178	4	nm10092385	actress	\N	\N
tt12954178	5	nm11500625	director	\N	\N
tt12954180	1	nm5263646	actress	\N	\N
tt12954180	2	nm12343818	actor	\N	["Kalitheerthan's son"]
tt12954180	3	nm4120730	actor	\N	\N
tt12954180	4	nm10092385	actress	\N	\N
tt12954180	5	nm11500625	director	\N	\N
tt12954182	1	nm5263646	actress	\N	\N
tt12954182	2	nm12343818	actor	\N	["Kalitheerthan's son"]
tt12954182	3	nm4120730	actor	\N	\N
tt12954182	4	nm10092385	actress	\N	\N
tt12954182	5	nm11500625	director	\N	\N
tt12954184	1	nm5263646	actress	\N	\N
tt12954184	2	nm12343818	actor	\N	["Kalitheerthan's son"]
tt12954184	3	nm4120730	actor	\N	\N
tt12954184	4	nm10092385	actress	\N	\N
tt12954184	5	nm11500625	director	\N	\N
tt12954186	1	nm5263646	actress	\N	\N
tt12954186	2	nm12343818	actor	\N	["Kalitheerthan's son"]
tt12954186	3	nm4120730	actor	\N	\N
tt12954186	4	nm10092385	actress	\N	\N
tt12954186	5	nm11500625	director	\N	\N
tt12954188	10	nm11838640	self	\N	["Self"]
tt12954188	1	nm11837120	self	\N	["Self"]
tt12954188	2	nm11838268	self	\N	["Self"]
tt12954188	3	nm5175654	self	\N	["Self - Host"]
tt12954188	4	nm11837122	self	\N	["Self"]
tt12954188	5	nm11837123	self	\N	["Self"]
tt12954188	6	nm11837910	self	\N	["Self"]
tt12954188	7	nm8376880	self	\N	["Self - Host"]
tt12954188	8	nm11837118	self	\N	["Self"]
tt12954188	9	nm8951741	self	\N	["Self"]
tt12954190	1	nm5263646	actress	\N	\N
tt12954190	2	nm4120730	actor	\N	\N
tt12954190	3	nm10092385	actress	\N	\N
tt12954190	4	nm11500625	director	\N	\N
tt12954192	1	nm5263646	actress	\N	\N
tt12954192	2	nm12343818	actor	\N	["Kalitheerthan's son"]
tt12954192	3	nm4120730	actor	\N	\N
tt12954192	4	nm10092385	actress	\N	\N
tt12954192	5	nm11500625	director	\N	\N
tt12954194	1	nm5263646	actress	\N	\N
tt12954194	2	nm12343818	actor	\N	["Kalitheerthan's son"]
tt12954194	3	nm4120730	actor	\N	\N
tt12954194	4	nm10092385	actress	\N	\N
tt12954194	5	nm11500625	director	\N	\N
tt12954196	1	nm5263646	actress	\N	\N
tt12954196	2	nm4120730	actor	\N	\N
tt12954196	3	nm10092385	actress	\N	\N
tt12954196	4	nm11500625	director	\N	\N
tt12954198	1	nm5263646	actress	\N	\N
tt12954198	2	nm4120730	actor	\N	\N
tt12954198	3	nm10092385	actress	\N	\N
tt12954198	4	nm11500625	director	\N	\N
tt12954202	1	nm5263646	actress	\N	\N
tt12954202	2	nm12343818	actor	\N	["Kalitheerthan's son"]
tt12954202	3	nm4120730	actor	\N	\N
tt12954202	4	nm10092385	actress	\N	\N
tt12954202	5	nm11500625	director	\N	\N
tt12954204	1	nm5263646	actress	\N	\N
tt12954204	2	nm4120730	actor	\N	\N
tt12954204	3	nm10092385	actress	\N	\N
tt12954204	4	nm11500625	director	\N	\N
tt12954206	1	nm5263646	actress	\N	\N
tt12954206	2	nm4120730	actor	\N	\N
tt12954206	3	nm10092385	actress	\N	\N
tt12954206	4	nm11500625	director	\N	\N
tt12954210	1	nm5263646	actress	\N	\N
tt12954210	2	nm12343818	actor	\N	["Kalitheerthan's son"]
tt12954210	3	nm4120730	actor	\N	\N
tt12954210	4	nm10092385	actress	\N	\N
tt12954210	5	nm11500625	director	\N	\N
tt12954212	1	nm5263646	actress	\N	\N
tt12954212	2	nm12343818	actor	\N	["Kalitheerthan's son"]
tt12954212	3	nm4120730	actor	\N	\N
tt12954212	4	nm10092385	actress	\N	\N
tt12954212	5	nm11500625	director	\N	\N
tt12954214	10	nm11838640	self	\N	["Self"]
tt12954214	1	nm11837120	self	\N	["Self"]
tt12954214	2	nm11838268	self	\N	["Self"]
tt12954214	3	nm5175654	self	\N	["Self - Host"]
tt12954214	4	nm11837122	self	\N	["Self"]
tt12954214	5	nm11837123	self	\N	["Self"]
tt12954214	6	nm11837910	self	\N	["Self"]
tt12954214	7	nm8376880	self	\N	["Self - Host"]
tt12954214	8	nm11837118	self	\N	["Self"]
tt12954214	9	nm8951741	self	\N	["Self"]
tt12954218	1	nm5263646	actress	\N	\N
tt12954218	2	nm4120730	actor	\N	\N
tt12954218	3	nm10092385	actress	\N	\N
tt12954218	4	nm11500625	director	\N	\N
tt12954220	1	nm5263646	actress	\N	\N
tt12954220	2	nm12343818	actor	\N	["Kalitheerthan's son"]
tt12954220	3	nm4120730	actor	\N	\N
tt12954220	4	nm10092385	actress	\N	\N
tt12954220	5	nm11500625	director	\N	\N
tt12954222	1	nm5263646	actress	\N	\N
tt12954222	2	nm4120730	actor	\N	\N
tt12954222	3	nm10092385	actress	\N	\N
tt12954222	4	nm11500625	director	\N	\N
tt12954224	1	nm5263646	actress	\N	\N
tt12954224	2	nm12343818	actor	\N	["Kalitheerthan's son"]
tt12954224	3	nm4120730	actor	\N	\N
tt12954224	4	nm10092385	actress	\N	\N
tt12954224	5	nm11500625	director	\N	\N
tt12954228	10	nm11838640	self	\N	["Self"]
tt12954228	1	nm11837120	self	\N	["Self"]
tt12954228	2	nm11838268	self	\N	["Self"]
tt12954228	3	nm5175654	self	\N	["Self - Host"]
tt12954228	4	nm11837122	self	\N	["Self"]
tt12954228	5	nm11837123	self	\N	["Self"]
tt12954228	6	nm11837910	self	\N	["Self"]
tt12954228	7	nm8376880	self	\N	["Self - Host"]
tt12954228	8	nm11837118	self	\N	["Self"]
tt12954228	9	nm8951741	self	\N	["Self"]
tt12954230	1	nm5263646	actress	\N	\N
tt12954230	2	nm4120730	actor	\N	\N
tt12954230	3	nm10092385	actress	\N	\N
tt12954230	4	nm11482180	director	\N	\N
tt12954232	1	nm5263646	actress	\N	\N
tt12954232	2	nm12343818	actor	\N	["Kalitheerthan's son"]
tt12954232	3	nm4120730	actor	\N	\N
tt12954232	4	nm10092385	actress	\N	\N
tt12954232	5	nm11482180	director	\N	\N
tt12954234	1	nm5263646	actress	\N	\N
tt12954234	2	nm12343818	actor	\N	["Kalitheerthan's son"]
tt12954234	3	nm4120730	actor	\N	\N
tt12954234	4	nm10092385	actress	\N	\N
tt12954234	5	nm11482180	director	\N	\N
tt12954236	1	nm5263646	actress	\N	\N
tt12954236	2	nm4120730	actor	\N	\N
tt12954236	3	nm10092385	actress	\N	\N
tt12954236	4	nm11482180	director	\N	\N
tt12954238	1	nm3687359	actor	\N	\N
tt12954238	2	nm3395285	actress	\N	\N
tt12954240	1	nm5263646	actress	\N	\N
tt12954240	2	nm12343818	actor	\N	["Kalitheerthan's son"]
tt12954240	3	nm4120730	actor	\N	\N
tt12954240	4	nm10092385	actress	\N	\N
tt12954240	5	nm11482180	director	\N	\N
tt12954242	10	nm11838267	self	\N	["Self"]
tt12954242	1	nm11837120	self	\N	["Self"]
tt12954242	2	nm11838268	self	\N	["Self"]
tt12954242	3	nm5175654	self	\N	["Self - Host"]
tt12954242	4	nm11837122	self	\N	["Self"]
tt12954242	5	nm11837123	self	\N	["Self"]
tt12954242	6	nm8376880	self	\N	["Self - Host"]
tt12954242	7	nm11837118	self	\N	["Self"]
tt12954242	8	nm8951741	self	\N	["Self"]
tt12954242	9	nm11838640	self	\N	["Self"]
tt12954244	1	nm0061849	actress	\N	["Lorie Brooks"]
tt12954246	1	nm5263646	actress	\N	\N
tt12954246	2	nm12343818	actor	\N	["Kalitheerthan's son"]
tt12954246	3	nm4120730	actor	\N	\N
tt12954246	4	nm10092385	actress	\N	\N
tt12954246	5	nm11482180	director	\N	\N
tt12954248	1	nm5263646	actress	\N	\N
tt12954248	2	nm4120730	actor	\N	\N
tt12954248	3	nm10092385	actress	\N	\N
tt12954248	4	nm11482180	director	\N	\N
tt12954250	1	nm5263646	actress	\N	\N
tt12954250	2	nm4120730	actor	\N	\N
tt12954250	3	nm10092385	actress	\N	\N
tt12954250	4	nm11482180	director	\N	\N
tt12954252	1	nm0061849	actress	\N	["Lorie Brooks"]
tt12954254	1	nm5263646	actress	\N	\N
tt12954254	2	nm12343818	actor	\N	["Kalitheerthan's son"]
tt12954254	3	nm4120730	actor	\N	\N
tt12954254	4	nm10092385	actress	\N	\N
tt12954254	5	nm11482180	director	\N	\N
tt12954256	1	nm0061849	actress	\N	["Lorie Brooks"]
tt12954258	1	nm5263646	actress	\N	\N
tt12954258	2	nm4120730	actor	\N	\N
tt12954258	3	nm10092385	actress	\N	\N
tt12954258	4	nm11482180	director	\N	\N
tt12954260	1	nm5263646	actress	\N	\N
tt12954260	2	nm4120730	actor	\N	\N
tt12954260	3	nm10092385	actress	\N	\N
tt12954260	4	nm11482180	director	\N	\N
tt12954262	1	nm5263646	actress	\N	\N
tt12954262	2	nm4120730	actor	\N	\N
tt12954262	3	nm10092385	actress	\N	\N
tt12954262	4	nm11482180	director	\N	\N
tt12954264	10	nm11838267	self	\N	["Self"]
tt12954264	1	nm11837120	self	\N	["Self"]
tt12954264	2	nm11838268	self	\N	["Self"]
tt12954264	3	nm5175654	self	\N	["Self - Host"]
tt12954264	4	nm11837122	self	\N	["Self"]
tt12954264	5	nm11837123	self	\N	["Self"]
tt12954264	6	nm8376880	self	\N	["Self - Host"]
tt12954264	7	nm11837118	self	\N	["Self"]
tt12954264	8	nm8951741	self	\N	["Self"]
tt12954264	9	nm11838640	self	\N	["Self"]
tt12954268	1	nm5263646	actress	\N	\N
tt12954268	2	nm12343818	actor	\N	["Kalitheerthan's son"]
tt12954268	3	nm4120730	actor	\N	\N
tt12954268	4	nm10092385	actress	\N	\N
tt12954268	5	nm11482180	director	\N	\N
tt12954270	1	nm5263646	actress	\N	\N
tt12954270	2	nm12343818	actor	\N	["Kalitheerthan's son"]
tt12954270	3	nm4120730	actor	\N	\N
tt12954270	4	nm10092385	actress	\N	\N
tt12954270	5	nm11482180	director	\N	\N
tt12954272	1	nm5263646	actress	\N	\N
tt12954272	2	nm4120730	actor	\N	\N
tt12954272	3	nm10092385	actress	\N	\N
tt12954272	4	nm11482180	director	\N	\N
tt12954274	1	nm5263646	actress	\N	\N
tt12954274	2	nm4120730	actor	\N	\N
tt12954274	3	nm10092385	actress	\N	\N
tt12954274	4	nm11482180	director	\N	\N
tt12954276	1	nm5263646	actress	\N	\N
tt12954276	2	nm4120730	actor	\N	\N
tt12954276	3	nm10092385	actress	\N	\N
tt12954276	4	nm11482180	director	\N	\N
tt12954278	1	nm0061849	actress	\N	["Lorie Brooks"]
tt12954280	1	nm5263646	actress	\N	\N
tt12954280	2	nm4120730	actor	\N	\N
tt12954280	3	nm10092385	actress	\N	\N
tt12954280	4	nm11482180	director	\N	\N
tt12954282	1	nm5263646	actress	\N	\N
tt12954282	2	nm12343818	actor	\N	["Kalitheerthan's son"]
tt12954282	3	nm4120730	actor	\N	\N
tt12954282	4	nm10092385	actress	\N	\N
tt12954282	5	nm11482180	director	\N	\N
tt12954284	1	nm11530287	actor	\N	\N
tt12954284	2	nm11838738	actor	\N	\N
tt12954284	3	nm9104388	director	\N	\N
tt12954284	4	nm8433439	composer	\N	\N
tt12954286	1	nm5263646	actress	\N	\N
tt12954286	2	nm4120730	actor	\N	\N
tt12954286	3	nm10092385	actress	\N	\N
tt12954286	4	nm11482180	director	\N	\N
tt12954288	10	nm11838267	self	\N	["Self"]
tt12954288	1	nm11837120	self	\N	["Self"]
tt12954288	2	nm11838268	self	\N	["Self"]
tt12954288	3	nm5175654	self	\N	["Self - Host"]
tt12954288	4	nm11837122	self	\N	["Self"]
tt12954288	5	nm11837123	self	\N	["Self"]
tt12954288	6	nm8376880	self	\N	["Self - Host"]
tt12954288	7	nm11837118	self	\N	["Self"]
tt12954288	8	nm8951741	self	\N	["Self"]
tt12954288	9	nm11838640	self	\N	["Self"]
tt12954290	1	nm1112861	actor	\N	["Narrator"]
tt12954290	2	nm7733992	self	\N	["Self"]
tt12954290	3	nm0001168	archive_footage	\N	["Self"]
tt12954290	4	nm4898697	self	\N	["Self"]
tt12954290	5	nm5992982	self	\N	["Self"]
tt12954290	6	nm2042057	self	\N	["Self"]
tt12954292	1	nm0061849	actress	\N	["Lorie Brooks"]
tt12954294	1	nm5263646	actress	\N	\N
tt12954294	2	nm12343818	actor	\N	["Kalitheerthan's son"]
tt12954294	3	nm4120730	actor	\N	\N
tt12954294	4	nm10092385	actress	\N	\N
tt12954294	5	nm11055813	director	\N	\N
tt12954296	1	nm0061849	actress	\N	["Lorie Brooks"]
tt12954298	10	nm11838267	self	\N	["Self"]
tt12954298	1	nm11837120	self	\N	["Self"]
tt12954298	2	nm11838268	self	\N	["Self"]
tt12954298	3	nm5175654	self	\N	["Self - Host"]
tt12954298	4	nm11837122	self	\N	["Self"]
tt12954298	5	nm11837123	self	\N	["Self"]
tt12954298	6	nm8376880	self	\N	["Self - Host"]
tt12954298	7	nm11837118	self	\N	["Self"]
tt12954298	8	nm8951741	self	\N	["Self"]
tt12954298	9	nm11838640	self	\N	["Self"]
tt12954300	1	nm5263646	actress	\N	\N
tt12954300	2	nm4120730	actor	\N	\N
tt12954300	3	nm10092385	actress	\N	\N
tt12954300	4	nm11055813	director	\N	\N
tt12954302	1	nm5263646	actress	\N	\N
tt12954302	2	nm12343818	actor	\N	["Kalitheerthan's son"]
tt12954302	3	nm4120730	actor	\N	\N
tt12954302	4	nm10092385	actress	\N	\N
tt12954302	5	nm11055813	director	\N	\N
tt12954304	1	nm5263646	actress	\N	\N
tt12954304	2	nm4120730	actor	\N	\N
tt12954304	3	nm10092385	actress	\N	\N
tt12954304	4	nm11055813	director	\N	\N
tt12954306	1	nm0061849	actress	\N	["Lorie Brooks"]
tt12954308	1	nm5263646	actress	\N	\N
tt12954308	2	nm4120730	actor	\N	\N
tt12954308	3	nm10092385	actress	\N	\N
tt12954308	4	nm11055813	director	\N	\N
tt12954310	1	nm5263646	actress	\N	\N
tt12954310	2	nm12343818	actor	\N	["Kalitheerthan's son"]
tt12954310	3	nm4120730	actor	\N	\N
tt12954310	4	nm10092385	actress	\N	\N
tt12954310	5	nm11055813	director	\N	\N
tt12954312	1	nm5263646	actress	\N	\N
tt12954312	2	nm4120730	actor	\N	\N
tt12954312	3	nm10092385	actress	\N	\N
tt12954312	4	nm11055813	director	\N	\N
tt12954314	1	nm5263646	actress	\N	\N
tt12954314	2	nm12343818	actor	\N	["Kalitheerthan's son"]
tt12954314	3	nm4120730	actor	\N	\N
tt12954314	4	nm10092385	actress	\N	\N
tt12954314	5	nm11055813	director	\N	\N
tt12954316	10	nm11838267	self	\N	["Self"]
tt12954316	1	nm11837120	self	\N	["Self"]
tt12954316	2	nm11838268	self	\N	["Self"]
tt12954316	3	nm5175654	self	\N	["Self - Host"]
tt12954316	4	nm11837122	self	\N	["Self"]
tt12954316	5	nm11837123	self	\N	["Self"]
tt12954316	6	nm8376880	self	\N	["Self - Host"]
tt12954316	7	nm11837118	self	\N	["Self"]
tt12954316	8	nm8951741	self	\N	["Self"]
tt12954316	9	nm11838640	self	\N	["Self"]
tt12954320	1	nm5263646	actress	\N	\N
tt12954320	2	nm12343818	actor	\N	["Kalitheerthan's son"]
tt12954320	3	nm4120730	actor	\N	\N
tt12954320	4	nm10092385	actress	\N	\N
tt12954320	5	nm11055813	director	\N	\N
tt12954322	1	nm2612612	actress	\N	\N
tt12954322	2	nm3687359	actor	\N	\N
tt12954324	1	nm5263646	actress	\N	\N
tt12954324	2	nm12343818	actor	\N	["Kalitheerthan's son"]
tt12954324	3	nm4120730	actor	\N	\N
tt12954324	4	nm10092385	actress	\N	\N
tt12954324	5	nm11055813	director	\N	\N
tt12954326	1	nm5263646	actress	\N	\N
tt12954326	2	nm4120730	actor	\N	\N
tt12954326	3	nm10092385	actress	\N	\N
tt12954326	4	nm11055813	director	\N	\N
tt12954328	1	nm5263646	actress	\N	\N
tt12954328	2	nm4120730	actor	\N	\N
tt12954328	3	nm10092385	actress	\N	\N
tt12954328	4	nm11055813	director	\N	\N
tt12954330	1	nm0061849	actress	\N	["Lorie Brooks"]
tt12954332	1	nm6365313	actor	\N	["Arlo"]
tt12954332	2	nm11837649	actress	\N	["Astrid","Francis May Haven"]
tt12954332	3	nm11837650	actor	\N	["Travis Crabtree"]
tt12954332	4	nm3795423	actress	\N	["Theresa Melita"]
tt12954332	5	nm1756673	director	\N	\N
tt12954332	6	nm1626604	producer	producer	\N
tt12954332	7	nm5434376	composer	\N	\N
tt12954332	8	nm5434336	composer	\N	\N
tt12954332	9	nm11838795	cinematographer	\N	\N
tt12954334	1	nm5263646	actress	\N	\N
tt12954334	2	nm4120730	actor	\N	\N
tt12954334	3	nm10092385	actress	\N	\N
tt12954334	4	nm11055813	director	\N	\N
tt12954336	10	nm11838267	self	\N	["Self"]
tt12954336	1	nm11837120	self	\N	["Self"]
tt12954336	2	nm11838268	self	\N	["Self"]
tt12954336	3	nm5175654	self	\N	["Self - Host"]
tt12954336	4	nm11837122	self	\N	["Self"]
tt12954336	5	nm11837123	self	\N	["Self"]
tt12954336	6	nm8376880	self	\N	["Self - Host"]
tt12954336	7	nm11837118	self	\N	["Self"]
tt12954336	8	nm8951741	self	\N	["Self"]
tt12954336	9	nm11838640	self	\N	["Self"]
tt12954338	1	nm5263646	actress	\N	\N
tt12954338	2	nm12343818	actor	\N	["Kalitheerthan's son"]
tt12954338	3	nm4120730	actor	\N	\N
tt12954338	4	nm10092385	actress	\N	\N
tt12954338	5	nm11055813	director	\N	\N
tt12954340	1	nm0061849	actress	\N	["Lorie Brooks"]
tt12954342	1	nm3899669	actor	\N	["Griffon","Phantom","Lucifer"]
tt12954342	2	nm3171633	actor	\N	["Vergil"]
tt12954342	3	nm6482176	actor	\N	["Frank","Locke"]
tt12954344	1	nm5263646	actress	\N	\N
tt12954344	2	nm4120730	actor	\N	\N
tt12954344	3	nm10092385	actress	\N	\N
tt12954344	4	nm11055813	director	\N	\N
tt12954346	1	nm5263646	actress	\N	\N
tt12954346	2	nm12343818	actor	\N	["Kalitheerthan's son"]
tt12954346	3	nm4120730	actor	\N	\N
tt12954346	4	nm10092385	actress	\N	\N
tt12954346	5	nm11055813	director	\N	\N
tt12954348	1	nm5263646	actress	\N	\N
tt12954348	2	nm4120730	actor	\N	\N
tt12954348	3	nm10092385	actress	\N	\N
tt12954348	4	nm11055813	director	\N	\N
tt12954350	1	nm0061849	actress	\N	["Lorie Brooks"]
tt12954352	1	nm5263646	actress	\N	\N
tt12954352	2	nm12343818	actor	\N	["Kalitheerthan's son"]
tt12954352	3	nm4120730	actor	\N	\N
tt12954352	4	nm10092385	actress	\N	\N
tt12954352	5	nm11055813	director	\N	\N
tt12954354	1	nm5263646	actress	\N	\N
tt12954354	2	nm4120730	actor	\N	\N
tt12954354	3	nm10092385	actress	\N	\N
tt12954354	4	nm11055813	director	\N	\N
tt12954356	10	nm11838267	self	\N	["Self"]
tt12954356	1	nm11837120	self	\N	["Self"]
tt12954356	2	nm11838268	self	\N	["Self"]
tt12954356	3	nm5175654	self	\N	["Self - Host"]
tt12954356	4	nm11837122	self	\N	["Self"]
tt12954356	5	nm11837123	self	\N	["Self"]
tt12954356	6	nm8376880	self	\N	["Self - Host"]
tt12954356	7	nm11837118	self	\N	["Self"]
tt12954356	8	nm8951741	self	\N	["Self"]
tt12954356	9	nm11838640	self	\N	["Self"]
tt12954358	1	nm5263646	actress	\N	\N
tt12954358	2	nm12343818	actor	\N	["Kalitheerthan's son"]
tt12954358	3	nm4120730	actor	\N	\N
tt12954358	4	nm10092385	actress	\N	\N
tt12954358	5	nm11055813	director	\N	\N
tt12954360	1	nm5571966	self	\N	["Self - Anchor"]
tt12954360	2	nm2880354	self	\N	["Self - CNBC Business News Correspondent"]
tt12954364	1	nm0061849	actress	\N	["Lorie Brooks"]
tt12954366	1	nm5571966	self	\N	["Self - Anchor"]
tt12954366	2	nm10323737	self	\N	["Self - CNBC Business News Correspondent"]
tt12954366	3	nm2376258	self	\N	["Self - NBC News Meteorologist"]
tt12954368	10	nm11838267	self	\N	["Self"]
tt12954368	1	nm11837120	self	\N	["Self"]
tt12954368	2	nm11838268	self	\N	["Self"]
tt12954368	3	nm5175654	self	\N	["Self - Host"]
tt12954368	4	nm11837122	self	\N	["Self"]
tt12954368	5	nm11837123	self	\N	["Self"]
tt12954368	6	nm8376880	self	\N	["Self - Host"]
tt12954368	7	nm11837118	self	\N	["Self"]
tt12954368	8	nm8951741	self	\N	["Self"]
tt12954368	9	nm11838640	self	\N	["Self"]
tt12954370	1	nm5571966	self	\N	["Self - Host"]
tt12954372	1	nm5571966	self	\N	["Self - Host"]
tt12954376	10	nm1155254	actress	\N	["Host","self"]
tt12954376	1	nm0009349	actor	\N	["Competitor","self"]
tt12954376	2	nm1522377	actress	\N	["Competitor","self"]
tt12954376	3	nm1141125	actress	\N	["Competitor","self"]
tt12954376	4	nm11837242	actress	\N	["Dancing","self"]
tt12954376	5	nm11826230	director	\N	\N
tt12954376	6	nm12209450	producer	producer	\N
tt12954376	7	nm12210218	producer	producer	\N
tt12954376	8	nm11725404	composer	\N	\N
tt12954376	9	nm1035415	actor	\N	["Competitor","self"]
tt12954378	1	nm5571966	self	\N	["Self - Host"]
tt12954380	1	nm0061849	actress	\N	["Lorie Brooks"]
tt12954382	10	nm11838267	self	\N	["Self"]
tt12954382	1	nm11837120	self	\N	["Self"]
tt12954382	2	nm11838268	self	\N	["Self"]
tt12954382	3	nm5175654	self	\N	["Self - Host"]
tt12954382	4	nm11837122	self	\N	["Self"]
tt12954382	5	nm11837123	self	\N	["Self"]
tt12954382	6	nm8376880	self	\N	["Self - Host"]
tt12954382	7	nm11837118	self	\N	["Self"]
tt12954382	8	nm8951741	self	\N	["Self"]
tt12954382	9	nm11838640	self	\N	["Self"]
tt12954384	1	nm0061849	actress	\N	["Lorie Brooks"]
tt12954386	1	nm0061849	actress	\N	["Lorie Brooks"]
tt12954388	10	nm11838267	self	\N	["Self"]
tt12954388	1	nm11837120	self	\N	["Self"]
tt12954388	2	nm11838268	self	\N	["Self"]
tt12954388	3	nm5175654	self	\N	["Self - Host"]
tt12954388	4	nm11837122	self	\N	["Self"]
tt12954388	5	nm11837123	self	\N	["Self"]
tt12954388	6	nm8376880	self	\N	["Self - Host"]
tt12954388	7	nm11837118	self	\N	["Self"]
tt12954388	8	nm8951741	self	\N	["Self"]
tt12954388	9	nm11838640	self	\N	["Self"]
tt12954390	1	nm6365313	actor	\N	["Arlo"]
tt12954390	2	nm11837649	actress	\N	["Astrid","Francis May Haven"]
tt12954390	3	nm11837650	actor	\N	["Travis Crabtree"]
tt12954390	4	nm3795423	actress	\N	["Theresa Melita"]
tt12954390	5	nm1756673	director	\N	\N
tt12954390	6	nm1626604	producer	producer	\N
tt12954390	7	nm5434376	composer	\N	\N
tt12954390	8	nm5434336	composer	\N	\N
tt12954390	9	nm11838795	cinematographer	\N	\N
tt12954394	1	nm11679485	self	\N	["Self - Host"]
tt12954394	2	nm11838740	archive_footage	\N	["Self - Soziologe"]
tt12954394	3	nm5099469	director	\N	\N
tt12954394	4	nm10333283	producer	producer	\N
tt12954394	5	nm11095204	editor	\N	\N
tt12954396	1	nm0061849	actress	\N	["Lorie Brooks"]
tt12954402	10	nm11838267	self	\N	["Self"]
tt12954402	1	nm11837120	self	\N	["Self"]
tt12954402	2	nm11838268	self	\N	["Self"]
tt12954402	3	nm5175654	self	\N	["Self - Host"]
tt12954402	4	nm11837122	self	\N	["Self"]
tt12954402	5	nm11837123	self	\N	["Self"]
tt12954402	6	nm8376880	self	\N	["Self - Host"]
tt12954402	7	nm11837118	self	\N	["Self"]
tt12954402	8	nm8951741	self	\N	["Self"]
tt12954402	9	nm11838640	self	\N	["Self"]
tt12954404	1	nm5263646	actress	\N	\N
tt12954404	2	nm12343818	actor	\N	["Kalitheerthan's son"]
tt12954404	3	nm4120730	actor	\N	\N
tt12954404	4	nm10092385	actress	\N	\N
tt12954404	5	nm11055813	director	\N	\N
tt12954406	1	nm5263646	actress	\N	\N
tt12954406	2	nm12343818	actor	\N	["Kalitheerthan's son"]
tt12954406	3	nm4120730	actor	\N	\N
tt12954406	4	nm10092385	actress	\N	\N
tt12954406	5	nm11055813	director	\N	\N
tt12954408	1	nm5263646	actress	\N	\N
tt12954408	2	nm4120730	actor	\N	\N
tt12954408	3	nm10092385	actress	\N	\N
tt12954408	4	nm11055813	director	\N	\N
tt12954410	1	nm5263646	actress	\N	\N
tt12954410	2	nm4120730	actor	\N	\N
tt12954410	3	nm10092385	actress	\N	\N
tt12954410	4	nm11055813	director	\N	\N
tt12954412	10	nm11838267	self	\N	["Self"]
tt12954412	1	nm11837120	self	\N	["Self"]
tt12954412	2	nm11838268	self	\N	["Self"]
tt12954412	3	nm5175654	self	\N	["Self - Host"]
tt12954412	4	nm11837122	self	\N	["Self"]
tt12954412	5	nm11837123	self	\N	["Self"]
tt12954412	6	nm8376880	self	\N	["Self - Host"]
tt12954412	7	nm11837118	self	\N	["Self"]
tt12954412	8	nm8951741	self	\N	["Self"]
tt12954412	9	nm11838640	self	\N	["Self"]
tt12954414	1	nm5263646	actress	\N	\N
tt12954414	2	nm12343818	actor	\N	["Kalitheerthan's son"]
tt12954414	3	nm4120730	actor	\N	\N
tt12954414	4	nm10092385	actress	\N	\N
tt12954414	5	nm11055813	director	\N	\N
tt12954416	1	nm5263646	actress	\N	\N
tt12954416	2	nm4120730	actor	\N	\N
tt12954416	3	nm10092385	actress	\N	\N
tt12954416	4	nm11055813	director	\N	\N
tt12954418	1	nm6318137	self	\N	["Self - Co-Host"]
tt12954418	2	nm3570917	self	\N	["Self"]
tt12954418	3	nm1944055	self	\N	["Self"]
tt12954418	4	nm0586850	self	\N	["Self"]
tt12954418	5	nm1059277	writer	created by	\N
tt12954418	6	nm6623331	producer	producer	\N
tt12954418	7	nm5411489	producer	producer	\N
tt12954418	8	nm4150252	producer	producer	\N
tt12954418	9	nm1792454	composer	\N	\N
tt12954420	1	nm5263646	actress	\N	\N
tt12954420	2	nm12343818	actor	\N	["Kalitheerthan's son"]
tt12954420	3	nm4120730	actor	\N	\N
tt12954420	4	nm10092385	actress	\N	\N
tt12954420	5	nm11055813	director	\N	\N
tt12954422	1	nm5263646	actress	\N	\N
tt12954422	2	nm4120730	actor	\N	\N
tt12954422	3	nm10092385	actress	\N	\N
tt12954422	4	nm11055813	director	\N	\N
tt12954424	1	nm6365313	actor	\N	["Arlo"]
tt12954424	2	nm11837649	actress	\N	["Astrid","Francis May Haven"]
tt12954424	3	nm11837651	actor	\N	["Brick"]
tt12954424	4	nm11837650	actor	\N	["Travis Crabtree"]
tt12954424	5	nm1756673	director	\N	\N
tt12954424	6	nm1626604	producer	producer	\N
tt12954424	7	nm5434376	composer	\N	\N
tt12954424	8	nm5434336	composer	\N	\N
tt12954424	9	nm11838795	cinematographer	\N	\N
tt12954426	1	nm5263646	actress	\N	\N
tt12954426	2	nm4120730	actor	\N	\N
tt12954426	3	nm10092385	actress	\N	\N
tt12954426	4	nm11055813	director	\N	\N
tt12954428	10	nm11838267	self	\N	["Self"]
tt12954428	1	nm11837120	self	\N	["Self"]
tt12954428	2	nm11838268	self	\N	["Self"]
tt12954428	3	nm5175654	self	\N	["Self - Host"]
tt12954428	4	nm11837122	self	\N	["Self"]
tt12954428	5	nm11837123	self	\N	["Self"]
tt12954428	6	nm8376880	self	\N	["Self - Host"]
tt12954428	7	nm11837118	self	\N	["Self"]
tt12954428	8	nm8951741	self	\N	["Self"]
tt12954428	9	nm11838640	self	\N	["Self"]
tt12954430	1	nm5263646	actress	\N	\N
tt12954430	2	nm12343818	actor	\N	["Kalitheerthan's son"]
tt12954430	3	nm4120730	actor	\N	\N
tt12954430	4	nm10092385	actress	\N	\N
tt12954430	5	nm11055813	director	\N	\N
tt12954432	1	nm5263646	actress	\N	\N
tt12954432	2	nm12343818	actor	\N	["Kalitheerthan's son"]
tt12954432	3	nm4120730	actor	\N	\N
tt12954432	4	nm10092385	actress	\N	\N
tt12954432	5	nm11055813	director	\N	\N
tt12954434	1	nm5263646	actress	\N	\N
tt12954434	2	nm4120730	actor	\N	\N
tt12954434	3	nm10092385	actress	\N	\N
tt12954434	4	nm11055813	director	\N	\N
tt12954436	1	nm5263646	actress	\N	\N
tt12954436	2	nm12343818	actor	\N	["Kalitheerthan's son"]
tt12954436	3	nm4120730	actor	\N	\N
tt12954436	4	nm10092385	actress	\N	\N
tt12954436	5	nm11055813	director	\N	\N
tt12954438	1	nm5263646	actress	\N	\N
tt12954438	2	nm12343818	actor	\N	["Kalitheerthan's son"]
tt12954438	3	nm4120730	actor	\N	\N
tt12954438	4	nm10092385	actress	\N	\N
tt12954438	5	nm11055813	director	\N	\N
tt12954440	1	nm5263646	actress	\N	\N
tt12954440	2	nm4120730	actor	\N	\N
tt12954440	3	nm10092385	actress	\N	\N
tt12954440	4	nm11055813	director	\N	\N
tt12954442	10	nm11838267	self	\N	["Self"]
tt12954442	1	nm11837120	self	\N	["Self"]
tt12954442	2	nm11838268	self	\N	["Self"]
tt12954442	3	nm5175654	self	\N	["Self - Host"]
tt12954442	4	nm11837122	self	\N	["Self"]
tt12954442	5	nm11837123	self	\N	["Self"]
tt12954442	6	nm8376880	self	\N	["Self - Host"]
tt12954442	7	nm11837118	self	\N	["Self"]
tt12954442	8	nm8951741	self	\N	["Self"]
tt12954442	9	nm11838640	self	\N	["Self"]
tt12954444	1	nm5263646	actress	\N	\N
tt12954444	2	nm12343818	actor	\N	["Kalitheerthan's son"]
tt12954444	3	nm4120730	actor	\N	\N
tt12954444	4	nm10092385	actress	\N	\N
tt12954444	5	nm11055813	director	\N	\N
tt12954446	1	nm0061849	actress	\N	["Lorie Brooks"]
tt12954448	1	nm5263646	actress	\N	\N
tt12954448	2	nm4120730	actor	\N	\N
tt12954448	3	nm10092385	actress	\N	\N
tt12954448	4	nm11055813	director	\N	\N
tt12954450	1	nm5263646	actress	\N	\N
tt12954450	2	nm12343818	actor	\N	["Kalitheerthan's son"]
tt12954450	3	nm4120730	actor	\N	\N
tt12954450	4	nm10092385	actress	\N	\N
tt12954450	5	nm11055813	director	\N	\N
tt12954452	1	nm6365313	actor	\N	["Arlo"]
tt12954452	2	nm11837649	actress	\N	["Astrid","Francis May Haven"]
tt12954452	3	nm11837651	actor	\N	["Brick"]
tt12954452	4	nm11837650	actor	\N	["Travis Crabtree"]
tt12954452	5	nm1756673	director	\N	\N
tt12954452	6	nm1626604	producer	producer	\N
tt12954452	7	nm5434376	composer	\N	\N
tt12954452	8	nm5434336	composer	\N	\N
tt12954452	9	nm11838795	cinematographer	\N	\N
tt12954454	1	nm5263646	actress	\N	\N
tt12954454	2	nm12343818	actor	\N	["Kalitheerthan's son"]
tt12954454	3	nm4120730	actor	\N	\N
tt12954454	4	nm10092385	actress	\N	\N
tt12954454	5	nm11055813	director	\N	\N
tt12954456	1	nm5263646	actress	\N	\N
tt12954456	2	nm12343818	actor	\N	["Kalitheerthan's son"]
tt12954456	3	nm4120730	actor	\N	\N
tt12954456	4	nm10092385	actress	\N	\N
tt12954456	5	nm11055813	director	\N	\N
tt12954458	1	nm11617604	actress	\N	["(Self)"]
tt12954460	10	nm1656008	actress	\N	["Urmila Pratham Rajadhyaksha"]
tt12954460	1	nm12324188	actress	\N	["Dr. Kalyani Gautam Rajadhyaksha"]
tt12954460	2	nm7638156	actress	\N	["Advocate Sumati Karmarkar"]
tt12954460	3	nm3806620	actress	\N	["Nandini"]
tt12954460	4	nm0451183	actor	\N	["Govind Karmarkar"]
tt12954460	5	nm5561838	actor	\N	["Prem Rajadhyaksha"]
tt12954460	6	nm0542510	actor	\N	["Gautam Rajadhyaksha"]
tt12954460	7	nm12273960	actor	\N	["Pratham Rajadhyaksha"]
tt12954460	8	nm4356481	actress	\N	["Prapti Rajadhyaksha"]
tt12954460	9	nm4857524	actress	\N	["Pallavi Govind Karmarkar"]
tt12954462	10	nm11838099	self	\N	["Self"]
tt12954462	1	nm11837120	self	\N	["Self"]
tt12954462	2	nm11838268	self	\N	["Self"]
tt12954462	3	nm5175654	self	\N	["Self - Host"]
tt12954462	4	nm11837122	self	\N	["Self"]
tt12954462	5	nm11837123	self	\N	["Self"]
tt12954462	6	nm8376880	self	\N	["Self - Host"]
tt12954462	7	nm11837118	self	\N	["Self"]
tt12954462	8	nm8951741	self	\N	["Self"]
tt12954462	9	nm11838267	self	\N	["Self"]
tt12954466	1	nm1456912	self	\N	["Self - Host"]
tt12954466	2	nm1230149	director	\N	\N
tt12954466	3	nm1848111	producer	producer	\N
tt12954466	4	nm4452679	producer	producer	\N
tt12954466	5	nm2624859	producer	producer	\N
tt12954466	6	nm0192113	composer	main composer	\N
tt12954466	7	nm1158083	editor	\N	\N
tt12954468	1	nm11838638	actor	\N	["Presenter","Host"]
tt12954470	1	nm6365313	actor	\N	["Arlo"]
tt12954470	2	nm11837649	actress	\N	["Astrid","Francis May Haven"]
tt12954470	3	nm11837651	actor	\N	["Brick"]
tt12954470	4	nm11838978	actor	\N	["Vinnie Coto"]
tt12954470	5	nm1756673	director	\N	\N
tt12954470	6	nm1626604	producer	producer	\N
tt12954470	7	nm5434376	composer	\N	\N
tt12954470	8	nm5434336	composer	\N	\N
tt12954470	9	nm11838795	cinematographer	\N	\N
tt12954472	10	nm11838099	self	\N	["Self"]
tt12954472	1	nm11837120	self	\N	["Self"]
tt12954472	2	nm11838268	self	\N	["Self"]
tt12954472	3	nm5175654	self	\N	["Self - Host"]
tt12954472	4	nm11837122	self	\N	["Self"]
tt12954472	5	nm11837123	self	\N	["Self"]
tt12954472	6	nm8376880	self	\N	["Self - Host"]
tt12954472	7	nm11837118	self	\N	["Self"]
tt12954472	8	nm8951741	self	\N	["Self"]
tt12954472	9	nm11838267	self	\N	["Self"]
tt12954474	1	nm6365313	actor	\N	["Arlo"]
tt12954474	2	nm11837649	actress	\N	["Astrid","Francis May Haven"]
tt12954474	3	nm11837651	actor	\N	["Brick"]
tt12954474	4	nm11837650	actor	\N	["Travis Crabtree"]
tt12954474	5	nm1756673	director	\N	\N
tt12954474	6	nm5434336	writer	story	\N
tt12954474	7	nm1626604	producer	producer	\N
tt12954474	8	nm5434376	composer	\N	\N
tt12954474	9	nm11838795	cinematographer	\N	\N
tt12954476	10	nm11838099	self	\N	["Self"]
tt12954476	1	nm11837120	self	\N	["Self"]
tt12954476	2	nm11838268	self	\N	["Self"]
tt12954476	3	nm5175654	self	\N	["Self - Host"]
tt12954476	4	nm11837122	self	\N	["Self"]
tt12954476	5	nm11837123	self	\N	["Self"]
tt12954476	6	nm8376880	self	\N	["Self - Host"]
tt12954476	7	nm11837118	self	\N	["Self"]
tt12954476	8	nm8951741	self	\N	["Self"]
tt12954476	9	nm11838267	self	\N	["Self"]
tt12954480	1	nm1456912	self	\N	["Self - Host"]
tt12954480	2	nm1230149	director	\N	\N
tt12954480	3	nm1848111	producer	producer	\N
tt12954480	4	nm4452679	producer	producer	\N
tt12954480	5	nm2624859	producer	producer	\N
tt12954480	6	nm0192113	composer	main composer	\N
tt12954480	7	nm1158083	editor	\N	\N
tt12954482	1	nm1456912	self	\N	["Self - Host"]
tt12954482	2	nm1230149	director	\N	\N
tt12954482	3	nm1848111	producer	producer	\N
tt12954482	4	nm4452679	producer	producer	\N
tt12954482	5	nm2624859	producer	producer	\N
tt12954482	6	nm0192113	composer	main composer	\N
tt12954482	7	nm1158083	editor	\N	\N
tt12954484	1	nm6365313	actor	\N	["Arlo"]
tt12954484	2	nm11837649	actress	\N	["Astrid","Francis May Haven"]
tt12954484	3	nm11837651	actor	\N	["Brick"]
tt12954484	4	nm11837650	actor	\N	["Travis Crabtree"]
tt12954484	5	nm1756673	director	\N	\N
tt12954484	6	nm1626604	producer	producer	\N
tt12954484	7	nm5434376	composer	\N	\N
tt12954484	8	nm5434336	composer	\N	\N
tt12954484	9	nm11838795	cinematographer	\N	\N
tt12954486	1	nm1456912	self	\N	["Self - Host"]
tt12954486	2	nm1230149	director	\N	\N
tt12954486	3	nm1848111	producer	producer	\N
tt12954486	4	nm4452679	producer	producer	\N
tt12954486	5	nm2624859	producer	producer	\N
tt12954486	6	nm0192113	composer	main composer	\N
tt12954486	7	nm1158083	editor	\N	\N
tt12954488	1	nm3528025	actress	\N	\N
tt12954490	10	nm11838099	self	\N	["Self"]
tt12954490	1	nm11837120	self	\N	["Self"]
tt12954490	2	nm11838268	self	\N	["Self"]
tt12954490	3	nm5175654	self	\N	["Self - Host"]
tt12954490	4	nm11837122	self	\N	["Self"]
tt12954490	5	nm11837123	self	\N	["Self"]
tt12954490	6	nm8376880	self	\N	["Self - Host"]
tt12954490	7	nm11837118	self	\N	["Self"]
tt12954490	8	nm8951741	self	\N	["Self"]
tt12954490	9	nm11838267	self	\N	["Self"]
tt12954492	1	nm1456912	self	\N	["Self - Host"]
tt12954492	2	nm1230149	director	\N	\N
tt12954492	3	nm1848111	producer	producer	\N
tt12954492	4	nm4452679	producer	producer	\N
tt12954492	5	nm2624859	producer	producer	\N
tt12954492	6	nm0192113	composer	main composer	\N
tt12954492	7	nm1158083	editor	\N	\N
tt12954494	1	nm1456912	self	\N	["Self - Host"]
tt12954494	2	nm1230149	director	\N	\N
tt12954494	3	nm1848111	producer	producer	\N
tt12954494	4	nm4452679	producer	producer	\N
tt12954494	5	nm2624859	producer	producer	\N
tt12954494	6	nm0192113	composer	main composer	\N
tt12954494	7	nm1158083	editor	\N	\N
tt12954496	1	nm1456912	self	\N	["Self - Host"]
tt12954496	2	nm1230149	director	\N	\N
tt12954496	3	nm1848111	producer	producer	\N
tt12954496	4	nm4452679	producer	producer	\N
tt12954496	5	nm2624859	producer	producer	\N
tt12954496	6	nm0192113	composer	main composer	\N
tt12954496	7	nm1158083	editor	\N	\N
tt12954498	1	nm1456912	self	\N	["Self - Host"]
tt12954498	2	nm1230149	director	\N	\N
tt12954498	3	nm1848111	producer	producer	\N
tt12954498	4	nm4452679	producer	producer	\N
tt12954498	5	nm2624859	producer	producer	\N
tt12954498	6	nm0192113	composer	main composer	\N
tt12954498	7	nm1158083	editor	\N	\N
tt12954500	1	nm1456912	self	\N	["Self - Host"]
tt12954500	2	nm1230149	director	\N	\N
tt12954500	3	nm1848111	producer	producer	\N
tt12954500	4	nm4452679	producer	producer	\N
tt12954500	5	nm2624859	producer	producer	\N
tt12954500	6	nm0192113	composer	main composer	\N
tt12954500	7	nm1158083	editor	\N	\N
tt12954502	10	nm11838099	self	\N	["Self"]
tt12954502	1	nm11837120	self	\N	["Self"]
tt12954502	2	nm11838268	self	\N	["Self"]
tt12954502	3	nm5175654	self	\N	["Self - Host"]
tt12954502	4	nm11837122	self	\N	["Self"]
tt12954502	5	nm11837123	self	\N	["Self"]
tt12954502	6	nm8376880	self	\N	["Self - Host"]
tt12954502	7	nm11837118	self	\N	["Self"]
tt12954502	8	nm8951741	self	\N	["Self"]
tt12954502	9	nm11838267	self	\N	["Self"]
tt12954504	10	nm1604754	cinematographer	\N	\N
tt12954504	1	nm0844983	actor	\N	["Gregorio"]
tt12954504	2	nm1446215	actress	\N	["Sandra"]
tt12954504	3	nm1050811	actor	\N	["Carlos"]
tt12954504	4	nm5917496	actress	\N	["Alicia"]
tt12954504	5	nm1416305	director	\N	\N
tt12954504	6	nm2283012	writer	based on the film "Señor, dame paciencia" written by	\N
tt12954504	7	nm2839704	writer	developed by	\N
tt12954504	8	nm2704065	writer	developed by	\N
tt12954504	9	nm1967417	composer	\N	\N
tt12954506	1	nm1456912	self	\N	["Self - Host"]
tt12954506	2	nm1230149	director	\N	\N
tt12954506	3	nm1848111	producer	producer	\N
tt12954506	4	nm4452679	producer	producer	\N
tt12954506	5	nm2624859	producer	producer	\N
tt12954506	6	nm0192113	composer	main composer	\N
tt12954506	7	nm1158083	editor	\N	\N
tt12954508	1	nm6365313	actor	\N	["Arlo"]
tt12954508	2	nm11837649	actress	\N	["Astrid","Francis May Haven"]
tt12954508	3	nm11837651	actor	\N	["Brick"]
tt12954508	4	nm11837650	actor	\N	["Travis Crabtree"]
tt12954508	5	nm1756673	director	\N	\N
tt12954508	6	nm1626604	producer	producer	\N
tt12954508	7	nm5434376	composer	\N	\N
tt12954508	8	nm5434336	composer	\N	\N
tt12954508	9	nm11838795	cinematographer	\N	\N
tt12954510	1	nm1456912	self	\N	["Self - Host"]
tt12954510	2	nm1230149	director	\N	\N
tt12954510	3	nm1848111	producer	producer	\N
tt12954510	4	nm4452679	producer	producer	\N
tt12954510	5	nm2624859	producer	producer	\N
tt12954510	6	nm0192113	composer	main composer	\N
tt12954510	7	nm1158083	editor	\N	\N
tt12954512	1	nm1456912	self	\N	["Self - Host"]
tt12954512	2	nm1230149	director	\N	\N
tt12954512	3	nm1848111	producer	producer	\N
tt12954512	4	nm4452679	producer	producer	\N
tt12954512	5	nm2624859	producer	producer	\N
tt12954512	6	nm0192113	composer	main composer	\N
tt12954512	7	nm1158083	editor	\N	\N
tt12954514	1	nm1456912	self	\N	["Self - Host"]
tt12954514	2	nm1230149	director	\N	\N
tt12954514	3	nm1848111	producer	producer	\N
tt12954514	4	nm4452679	producer	producer	\N
tt12954514	5	nm2624859	producer	producer	\N
tt12954514	6	nm0192113	composer	main composer	\N
tt12954514	7	nm1158083	editor	\N	\N
tt12954516	10	nm1287142	actor	\N	\N
tt12954516	1	nm10189287	actor	\N	\N
tt12954516	2	nm13230634	actor	\N	\N
tt12954516	3	nm9616367	actor	\N	\N
tt12954516	4	nm13230633	actor	\N	\N
tt12954516	5	nm2759610	director	\N	\N
tt12954516	6	nm7863998	actor	\N	\N
tt12954516	7	nm13230630	actress	\N	\N
tt12954516	8	nm13230631	actor	\N	\N
tt12954516	9	nm13230635	actor	\N	\N
tt12954518	1	nm1456912	self	\N	["Self - Host"]
tt12954518	2	nm1230149	director	\N	\N
tt12954518	3	nm1848111	producer	producer	\N
tt12954518	4	nm4452679	producer	producer	\N
tt12954518	5	nm2624859	producer	producer	\N
tt12954518	6	nm0192113	composer	main composer	\N
tt12954518	7	nm1158083	editor	\N	\N
tt12954520	1	nm1456912	self	\N	["Self - Host"]
tt12954520	2	nm1230149	director	\N	\N
tt12954520	3	nm1848111	producer	producer	\N
tt12954520	4	nm4452679	producer	producer	\N
tt12954520	5	nm2624859	producer	producer	\N
tt12954520	6	nm0192113	composer	main composer	\N
tt12954520	7	nm1158083	editor	\N	\N
tt12954522	10	nm11838099	self	\N	["Self"]
tt12954522	1	nm11837120	self	\N	["Self"]
tt12954522	2	nm11838268	self	\N	["Self"]
tt12954522	3	nm5175654	self	\N	["Self - Host"]
tt12954522	4	nm11837122	self	\N	["Self"]
tt12954522	5	nm11837123	self	\N	["Self"]
tt12954522	6	nm8376880	self	\N	["Self - Host"]
tt12954522	7	nm11837118	self	\N	["Self"]
tt12954522	8	nm8951741	self	\N	["Self"]
tt12954522	9	nm11838267	self	\N	["Self"]
tt12954524	1	nm1456912	self	\N	["Self - Host"]
tt12954524	2	nm1230149	director	\N	\N
tt12954524	3	nm1848111	producer	producer	\N
tt12954524	4	nm4452679	producer	producer	\N
tt12954524	5	nm2624859	producer	producer	\N
tt12954524	6	nm0192113	composer	main composer	\N
tt12954524	7	nm1158083	editor	\N	\N
tt12954526	1	nm1456912	self	\N	["Self - Host"]
tt12954526	2	nm1230149	director	\N	\N
tt12954526	3	nm1848111	producer	producer	\N
tt12954526	4	nm4452679	producer	producer	\N
tt12954526	5	nm2624859	producer	producer	\N
tt12954526	6	nm0192113	composer	main composer	\N
tt12954526	7	nm1158083	editor	\N	\N
tt12954528	1	nm1456912	self	\N	["Self - Host"]
tt12954528	2	nm1230149	director	\N	\N
tt12954528	3	nm1848111	producer	producer	\N
tt12954528	4	nm4452679	producer	producer	\N
tt12954528	5	nm2624859	producer	producer	\N
tt12954528	6	nm0192113	composer	main composer	\N
tt12954528	7	nm1158083	editor	\N	\N
tt12954530	1	nm1456912	self	\N	["Self - Host"]
tt12954530	2	nm1230149	director	\N	\N
tt12954530	3	nm1848111	producer	producer	\N
tt12954530	4	nm4452679	producer	producer	\N
tt12954530	5	nm2624859	producer	producer	\N
tt12954530	6	nm0192113	composer	main composer	\N
tt12954530	7	nm1158083	editor	\N	\N
tt12954532	10	nm11838099	self	\N	["Self"]
tt12954532	1	nm11837120	self	\N	["Self"]
tt12954532	2	nm11838268	self	\N	["Self"]
tt12954532	3	nm5175654	self	\N	["Self - Host"]
tt12954532	4	nm11837122	self	\N	["Self"]
tt12954532	5	nm11837123	self	\N	["Self"]
tt12954532	6	nm8376880	self	\N	["Self - Host"]
tt12954532	7	nm11837118	self	\N	["Self"]
tt12954532	8	nm8951741	self	\N	["Self"]
tt12954532	9	nm11838267	self	\N	["Self"]
tt12954534	1	nm1456912	self	\N	["Self - Host"]
tt12954534	2	nm1230149	director	\N	\N
tt12954534	3	nm1848111	producer	producer	\N
tt12954534	4	nm4452679	producer	producer	\N
tt12954534	5	nm2624859	producer	producer	\N
tt12954534	6	nm0192113	composer	main composer	\N
tt12954534	7	nm1158083	editor	\N	\N
tt12954536	1	nm8827317	actress	\N	\N
tt12954538	10	nm11838099	self	\N	["Self"]
tt12954538	1	nm11837120	self	\N	["Self"]
tt12954538	2	nm11838268	self	\N	["Self"]
tt12954538	3	nm5175654	self	\N	["Self - Host"]
tt12954538	4	nm11837122	self	\N	["Self"]
tt12954538	5	nm11837123	self	\N	["Self"]
tt12954538	6	nm8376880	self	\N	["Self - Host"]
tt12954538	7	nm11837118	self	\N	["Self"]
tt12954538	8	nm8951741	self	\N	["Self"]
tt12954538	9	nm11838267	self	\N	["Self"]
tt12954540	10	nm11498621	cinematographer	\N	\N
tt12954540	1	nm1525688	actor	\N	["RJ Aadhavan"]
tt12954540	2	nm11498617	actor	\N	\N
tt12954540	3	nm11498616	actor	\N	\N
tt12954540	4	nm11498615	actress	\N	\N
tt12954540	5	nm11057879	director	\N	\N
tt12954540	6	nm11257659	writer	\N	\N
tt12954540	7	nm11498618	writer	\N	\N
tt12954540	8	nm11498619	composer	\N	\N
tt12954540	9	nm11498620	cinematographer	\N	\N
tt12954542	10	nm11498621	cinematographer	\N	\N
tt12954542	1	nm1525688	actor	\N	["RJ Aadhavan"]
tt12954542	2	nm11498617	actor	\N	\N
tt12954542	3	nm11498616	actor	\N	\N
tt12954542	4	nm11498615	actress	\N	\N
tt12954542	5	nm11057879	director	\N	\N
tt12954542	6	nm11257659	writer	\N	\N
tt12954542	7	nm11498618	writer	\N	\N
tt12954542	8	nm11498619	composer	\N	\N
tt12954542	9	nm11498620	cinematographer	\N	\N
tt12954544	10	nm11498621	cinematographer	\N	\N
tt12954544	1	nm1525688	actor	\N	["RJ Aadhavan"]
tt12954544	2	nm11498617	actor	\N	\N
tt12954544	3	nm11498616	actor	\N	\N
tt12954544	4	nm11498615	actress	\N	\N
tt12954544	5	nm11057879	director	\N	\N
tt12954544	6	nm11257659	writer	\N	\N
tt12954544	7	nm11498618	writer	\N	\N
tt12954544	8	nm11498619	composer	\N	\N
tt12954544	9	nm11498620	cinematographer	\N	\N
tt12954546	10	nm11838099	self	\N	["Self"]
tt12954546	1	nm11837120	self	\N	["Self"]
tt12954546	2	nm11838268	self	\N	["Self"]
tt12954546	3	nm5175654	self	\N	["Self - Host"]
tt12954546	4	nm11837122	self	\N	["Self"]
tt12954546	5	nm11837123	self	\N	["Self"]
tt12954546	6	nm8376880	self	\N	["Self - Host"]
tt12954546	7	nm11837118	self	\N	["Self"]
tt12954546	8	nm8951741	self	\N	["Self"]
tt12954546	9	nm11838267	self	\N	["Self"]
tt12954548	1	nm8827317	actress	\N	\N
tt12954550	10	nm11838099	self	\N	["Self"]
tt12954550	1	nm11837120	self	\N	["Self"]
tt12954550	2	nm11838268	self	\N	["Self"]
tt12954550	3	nm5175654	self	\N	["Self - Host"]
tt12954550	4	nm11837122	self	\N	["Self"]
tt12954550	5	nm11837123	self	\N	["Self"]
tt12954550	6	nm8376880	self	\N	["Self - Host"]
tt12954550	7	nm11837118	self	\N	["Self"]
tt12954550	8	nm8951741	self	\N	["Self"]
tt12954550	9	nm11838267	self	\N	["Self"]
tt12954552	1	nm1711162	self	\N	["Self - Co-Host"]
tt12954552	2	nm2560171	self	\N	["Self - Co-Host"]
tt12954552	3	nm3376444	self	\N	["Self - Co-Host"]
tt12954552	4	nm4909046	composer	\N	\N
tt12954554	1	nm1711162	self	\N	["Self - Co-Host"]
tt12954554	2	nm2560171	self	\N	["Self - Co-Host"]
tt12954554	3	nm3376444	self	\N	["Self - Co-Host"]
tt12954554	4	nm4909046	composer	\N	\N
tt12954556	1	nm3528025	actress	\N	\N
tt12954558	1	nm1711162	self	\N	["Self - Co-Host"]
tt12954558	2	nm2560171	self	\N	["Self - Co-Host"]
tt12954558	3	nm3376444	self	\N	["Self - Co-Host"]
tt12954558	4	nm4909046	composer	\N	\N
tt12954560	1	nm1711162	self	\N	["Self - Co-Host"]
tt12954560	2	nm2560171	self	\N	["Self - Co-Host"]
tt12954560	3	nm3376444	self	\N	["Self - Co-Host"]
tt12954560	4	nm4909046	composer	\N	\N
tt12954562	10	nm11838099	self	\N	["Self"]
tt12954562	1	nm11837120	self	\N	["Self"]
tt12954562	2	nm11838268	self	\N	["Self"]
tt12954562	3	nm5175654	self	\N	["Self - Host"]
tt12954562	4	nm11837122	self	\N	["Self"]
tt12954562	5	nm11837123	self	\N	["Self"]
tt12954562	6	nm8376880	self	\N	["Self - Host"]
tt12954562	7	nm11837118	self	\N	["Self"]
tt12954562	8	nm8951741	self	\N	["Self"]
tt12954562	9	nm11838267	self	\N	["Self"]
tt12954564	10	nm0467191	actress	\N	["Kate Roberts"]
tt12954564	1	nm0019172	actress	\N	["Gina Von Amberg"]
tt12954564	2	nm0030100	actor	\N	["Victor Kiriakis"]
tt12954564	3	nm0004294	actress	\N	["Chloe Lane"]
tt12954564	4	nm0085995	actor	\N	["Bart Beiderbecke"]
tt12954564	5	nm0004858	actress	\N	["Nancy Wesley"]
tt12954564	6	nm0004984	actress	\N	["Dr. Marlena Evans"]
tt12954564	7	nm0389693	actor	\N	["John Black"]
tt12954564	8	nm0429083	actress	\N	["Lexie Carver"]
tt12954564	9	nm1126370	actress	\N	["Marie"]
tt12954566	1	nm1711162	self	\N	["Self - Co-Host"]
tt12954566	2	nm2560171	self	\N	["Self - Co-Host"]
tt12954566	3	nm3376444	self	\N	["Self - Co-Host"]
tt12954566	4	nm4909046	composer	\N	\N
tt12954568	10	nm11838099	self	\N	["Self"]
tt12954568	1	nm11837120	self	\N	["Self"]
tt12954568	2	nm11838268	self	\N	["Self"]
tt12954568	3	nm5175654	self	\N	["Self - Host"]
tt12954568	4	nm11837122	self	\N	["Self"]
tt12954568	5	nm11837123	self	\N	["Self"]
tt12954568	6	nm8376880	self	\N	["Self - Host"]
tt12954568	7	nm11837118	self	\N	["Self"]
tt12954568	8	nm8951741	self	\N	["Self"]
tt12954568	9	nm11838267	self	\N	["Self"]
tt12954570	10	nm11498621	cinematographer	\N	\N
tt12954570	1	nm1525688	actor	\N	["RJ Aadhavan"]
tt12954570	2	nm11498617	actor	\N	\N
tt12954570	3	nm11498616	actor	\N	\N
tt12954570	4	nm11498615	actress	\N	\N
tt12954570	5	nm11057879	director	\N	\N
tt12954570	6	nm11257659	writer	\N	\N
tt12954570	7	nm11498618	writer	\N	\N
tt12954570	8	nm11498619	composer	\N	\N
tt12954570	9	nm11498620	cinematographer	\N	\N
tt12954572	10	nm11498621	cinematographer	\N	\N
tt12954572	1	nm1525688	actor	\N	["RJ Aadhavan"]
tt12954572	2	nm11498617	actor	\N	\N
tt12954572	3	nm11498616	actor	\N	\N
tt12954572	4	nm11498615	actress	\N	\N
tt12954572	5	nm11057879	director	\N	\N
tt12954572	6	nm11257659	writer	\N	\N
tt12954572	7	nm11498618	writer	\N	\N
tt12954572	8	nm11498619	composer	\N	\N
tt12954572	9	nm11498620	cinematographer	\N	\N
tt12954574	10	nm11498621	cinematographer	\N	\N
tt12954574	1	nm1525688	actor	\N	["RJ Aadhavan"]
tt12954574	2	nm11498617	actor	\N	\N
tt12954574	3	nm11498616	actor	\N	\N
tt12954574	4	nm11498615	actress	\N	\N
tt12954574	5	nm11057879	director	\N	\N
tt12954574	6	nm11257659	writer	\N	\N
tt12954574	7	nm11498618	writer	\N	\N
tt12954574	8	nm11498619	composer	\N	\N
tt12954574	9	nm11498620	cinematographer	\N	\N
tt12954576	1	nm3528025	actress	\N	\N
tt12954578	10	nm11498621	cinematographer	\N	\N
tt12954578	1	nm1525688	actor	\N	["RJ Aadhavan"]
tt12954578	2	nm11498617	actor	\N	\N
tt12954578	3	nm11498616	actor	\N	\N
tt12954578	4	nm11498615	actress	\N	\N
tt12954578	5	nm11057879	director	\N	\N
tt12954578	6	nm11257659	writer	\N	\N
tt12954578	7	nm11498618	writer	\N	\N
tt12954578	8	nm11498619	composer	\N	\N
tt12954578	9	nm11498620	cinematographer	\N	\N
tt12954580	10	nm11498621	cinematographer	\N	\N
tt12954580	1	nm1525688	actor	\N	["RJ Aadhavan"]
tt12954580	2	nm11498617	actor	\N	\N
tt12954580	3	nm11498616	actor	\N	\N
tt12954580	4	nm11498615	actress	\N	\N
tt12954580	5	nm11057879	director	\N	\N
tt12954580	6	nm11257659	writer	\N	\N
tt12954580	7	nm11498618	writer	\N	\N
tt12954580	8	nm11498619	composer	\N	\N
tt12954580	9	nm11498620	cinematographer	\N	\N
tt12954582	10	nm11498621	cinematographer	\N	\N
tt12954582	1	nm1525688	actor	\N	["RJ Aadhavan"]
tt12954582	2	nm11498617	actor	\N	\N
tt12954582	3	nm11498616	actor	\N	\N
tt12954582	4	nm11498615	actress	\N	\N
tt12954582	5	nm11057879	director	\N	\N
tt12954582	6	nm11257659	writer	\N	\N
tt12954582	7	nm11498618	writer	\N	\N
tt12954582	8	nm11498619	composer	\N	\N
tt12954582	9	nm11498620	cinematographer	\N	\N
tt12954584	10	nm11838099	self	\N	["Self"]
tt12954584	1	nm11837120	self	\N	["Self"]
tt12954584	2	nm11838268	self	\N	["Self"]
tt12954584	3	nm5175654	self	\N	["Self - Host"]
tt12954584	4	nm11837122	self	\N	["Self"]
tt12954584	5	nm11837123	self	\N	["Self"]
tt12954584	6	nm8376880	self	\N	["Self - Host"]
tt12954584	7	nm11837118	self	\N	["Self"]
tt12954584	8	nm8951741	self	\N	["Self"]
tt12954584	9	nm11838267	self	\N	["Self"]
tt12954586	10	nm11498621	cinematographer	\N	\N
tt12954586	1	nm1525688	actor	\N	["RJ Aadhavan"]
tt12954586	2	nm11498617	actor	\N	\N
tt12954586	3	nm11498616	actor	\N	\N
tt12954586	4	nm11498615	actress	\N	\N
tt12954586	5	nm11057879	director	\N	\N
tt12954586	6	nm11257659	writer	\N	\N
tt12954586	7	nm11498618	writer	\N	\N
tt12954586	8	nm11498619	composer	\N	\N
tt12954586	9	nm11498620	cinematographer	\N	\N
tt12954588	10	nm11498621	cinematographer	\N	\N
tt12954588	1	nm1525688	actor	\N	["RJ Aadhavan"]
tt12954588	2	nm11498617	actor	\N	\N
tt12954588	3	nm11498616	actor	\N	\N
tt12954588	4	nm11498615	actress	\N	\N
tt12954588	5	nm11057879	director	\N	\N
tt12954588	6	nm11257659	writer	\N	\N
tt12954588	7	nm11498618	writer	\N	\N
tt12954588	8	nm11498619	composer	\N	\N
tt12954588	9	nm11498620	cinematographer	\N	\N
tt12954590	10	nm11498621	cinematographer	\N	\N
tt12954590	1	nm1525688	actor	\N	["RJ Aadhavan"]
tt12954590	2	nm11498617	actor	\N	\N
tt12954590	3	nm11498616	actor	\N	\N
tt12954590	4	nm11498615	actress	\N	\N
tt12954590	5	nm11057879	director	\N	\N
tt12954590	6	nm11257659	writer	\N	\N
tt12954590	7	nm11498618	writer	\N	\N
tt12954590	8	nm11498619	composer	\N	\N
tt12954590	9	nm11498620	cinematographer	\N	\N
tt12954592	1	nm11077716	actress	\N	["Dolores Kemp"]
tt12954592	2	nm10076229	actress	\N	["Leah"]
tt12954592	3	nm13403577	actress	\N	["Jody"]
tt12954592	4	nm11897782	actor	\N	["Brian Kemp"]
tt12954592	5	nm10405687	director	\N	\N
tt12954592	6	nm8630968	producer	producer	\N
tt12954592	7	nm9977509	composer	\N	\N
tt12954592	8	nm9393265	cinematographer	director of photography	\N
tt12954594	10	nm11498621	cinematographer	\N	\N
tt12954594	1	nm1525688	actor	\N	["RJ Aadhavan"]
tt12954594	2	nm11498617	actor	\N	\N
tt12954594	3	nm11498616	actor	\N	\N
tt12954594	4	nm11498615	actress	\N	\N
tt12954594	5	nm11057879	director	\N	\N
tt12954594	6	nm11257659	writer	\N	\N
tt12954594	7	nm11498618	writer	\N	\N
tt12954594	8	nm11498619	composer	\N	\N
tt12954594	9	nm11498620	cinematographer	\N	\N
tt12954596	10	nm11498621	cinematographer	\N	\N
tt12954596	1	nm1525688	actor	\N	["RJ Aadhavan"]
tt12954596	2	nm11498617	actor	\N	\N
tt12954596	3	nm11498616	actor	\N	\N
tt12954596	4	nm11498615	actress	\N	\N
tt12954596	5	nm11057879	director	\N	\N
tt12954596	6	nm11257659	writer	\N	\N
tt12954596	7	nm11498618	writer	\N	\N
tt12954596	8	nm11498619	composer	\N	\N
tt12954596	9	nm11498620	cinematographer	\N	\N
tt12954598	10	nm11838099	self	\N	["Self"]
tt12954598	1	nm11837120	self	\N	["Self"]
tt12954598	2	nm11838268	self	\N	["Self"]
tt12954598	3	nm5175654	self	\N	["Self - Host"]
tt12954598	4	nm11837122	self	\N	["Self"]
tt12954598	5	nm11837123	self	\N	["Self"]
tt12954598	6	nm8376880	self	\N	["Self - Host"]
tt12954598	7	nm11837118	self	\N	["Self"]
tt12954598	8	nm8951741	self	\N	["Self"]
tt12954598	9	nm11838267	self	\N	["Self"]
tt12954600	10	nm11498621	cinematographer	\N	\N
tt12954600	1	nm1525688	actor	\N	["RJ Aadhavan"]
tt12954600	2	nm11498617	actor	\N	\N
tt12954600	3	nm11498616	actor	\N	\N
tt12954600	4	nm11498615	actress	\N	\N
tt12954600	5	nm11057879	director	\N	\N
tt12954600	6	nm11257659	writer	\N	\N
tt12954600	7	nm11498618	writer	\N	\N
tt12954600	8	nm11498619	composer	\N	\N
tt12954600	9	nm11498620	cinematographer	\N	\N
tt12954602	10	nm11498621	cinematographer	\N	\N
tt12954602	1	nm1525688	actor	\N	["RJ Aadhavan"]
tt12954602	2	nm11498617	actor	\N	\N
tt12954602	3	nm11498616	actor	\N	\N
tt12954602	4	nm11498615	actress	\N	\N
tt12954602	5	nm11057879	director	\N	\N
tt12954602	6	nm11257659	writer	\N	\N
tt12954602	7	nm11498618	writer	\N	\N
tt12954602	8	nm11498619	composer	\N	\N
tt12954602	9	nm11498620	cinematographer	\N	\N
tt12954604	1	nm5735341	actress	\N	\N
tt12954606	10	nm11498621	cinematographer	\N	\N
tt12954606	1	nm1525688	actor	\N	["RJ Aadhavan"]
tt12954606	2	nm11498617	actor	\N	\N
tt12954606	3	nm11498616	actor	\N	\N
tt12954606	4	nm11498615	actress	\N	\N
tt12954606	5	nm11057879	director	\N	\N
tt12954606	6	nm11257659	writer	\N	\N
tt12954606	7	nm11498618	writer	\N	\N
tt12954606	8	nm11498619	composer	\N	\N
tt12954606	9	nm11498620	cinematographer	\N	\N
tt12954608	10	nm11498621	cinematographer	\N	\N
tt12954608	1	nm1525688	actor	\N	["RJ Aadhavan"]
tt12954608	2	nm11498617	actor	\N	\N
tt12954608	3	nm11498616	actor	\N	\N
tt12954608	4	nm11498615	actress	\N	\N
tt12954608	5	nm11057879	director	\N	\N
tt12954608	6	nm11257659	writer	\N	\N
tt12954608	7	nm11498618	writer	\N	\N
tt12954608	8	nm11498619	composer	\N	\N
tt12954608	9	nm11498620	cinematographer	\N	\N
tt12954610	10	nm11498621	cinematographer	\N	\N
tt12954610	1	nm1525688	actor	\N	["RJ Aadhavan"]
tt12954610	2	nm11498617	actor	\N	\N
tt12954610	3	nm11498616	actor	\N	\N
tt12954610	4	nm11498615	actress	\N	\N
tt12954610	5	nm11057879	director	\N	\N
tt12954610	6	nm11257659	writer	\N	\N
tt12954610	7	nm11498618	writer	\N	\N
tt12954610	8	nm11498619	composer	\N	\N
tt12954610	9	nm11498620	cinematographer	\N	\N
tt12954612	10	nm11498621	cinematographer	\N	\N
tt12954612	1	nm1525688	actor	\N	["RJ Aadhavan"]
tt12954612	2	nm11498617	actor	\N	\N
tt12954612	3	nm11498616	actor	\N	\N
tt12954612	4	nm11498615	actress	\N	\N
tt12954612	5	nm11057879	director	\N	\N
tt12954612	6	nm11257659	writer	\N	\N
tt12954612	7	nm11498618	writer	\N	\N
tt12954612	8	nm11498619	composer	\N	\N
tt12954612	9	nm11498620	cinematographer	\N	\N
tt12954614	1	nm11838268	self	\N	["Self"]
tt12954614	2	nm5175654	self	\N	["Self - Host"]
tt12954614	3	nm11837122	self	\N	["Self"]
tt12954614	4	nm11837123	self	\N	["Self"]
tt12954614	5	nm8376880	self	\N	["Self - Host"]
tt12954614	6	nm11837118	self	\N	["Self"]
tt12954614	7	nm8951741	self	\N	["Self"]
tt12954614	8	nm11838267	self	\N	["Self"]
tt12954614	9	nm11838099	self	\N	["Self"]
tt12954616	1	nm11838268	self	\N	["Self"]
tt12954616	2	nm5175654	self	\N	["Self - Host"]
tt12954616	3	nm11837122	self	\N	["Self"]
tt12954616	4	nm11837123	self	\N	["Self"]
tt12954616	5	nm8376880	self	\N	["Self - Host"]
tt12954616	6	nm11837118	self	\N	["Self"]
tt12954616	7	nm8951741	self	\N	["Self"]
tt12954616	8	nm11838267	self	\N	["Self"]
tt12954616	9	nm11838099	self	\N	["Self"]
tt12954618	1	nm11057970	director	\N	\N
tt12954618	2	nm7654197	cinematographer	\N	\N
tt12954620	1	nm6365313	actor	\N	["Arlo"]
tt12954620	2	nm11837649	actress	\N	["Astrid","Francis May Haven"]
tt12954620	3	nm11837650	actor	\N	["Travis Crabtree"]
tt12954620	4	nm3795423	actress	\N	["Theresa Melita"]
tt12954620	5	nm1756673	director	\N	\N
tt12954620	6	nm1626604	producer	producer	\N
tt12954620	7	nm5434376	composer	\N	\N
tt12954620	8	nm5434336	composer	\N	\N
tt12954620	9	nm11838795	cinematographer	\N	\N
tt12954622	1	nm2440285	director	\N	\N
tt12954624	1	nm8827317	actress	\N	\N
tt12954626	1	nm11057970	director	\N	\N
tt12954626	2	nm7654197	cinematographer	\N	\N
tt12954628	1	nm11057970	director	\N	\N
tt12954628	2	nm7654197	cinematographer	\N	\N
tt12954632	1	nm11057970	director	\N	\N
tt12954632	2	nm7654197	cinematographer	\N	\N
tt12954634	1	nm11057970	director	\N	\N
tt12954634	2	nm7654197	cinematographer	\N	\N
tt12954636	1	nm11057970	director	\N	\N
tt12954636	2	nm7654197	cinematographer	\N	\N
tt12954638	1	nm0061849	actress	\N	["Lorie Brooks"]
tt12954640	1	nm11057970	director	\N	\N
tt12954640	2	nm7654197	cinematographer	\N	\N
tt12954642	1	nm11057970	director	\N	\N
tt12954642	2	nm7654197	cinematographer	\N	\N
tt12954644	1	nm11057970	director	\N	\N
tt12954644	2	nm7654197	cinematographer	\N	\N
tt12954646	1	nm0061849	actress	\N	["Lorie Brooks"]
tt12954648	1	nm6365313	actor	\N	["Arlo"]
tt12954648	2	nm11837649	actress	\N	["Astrid","Francis May Haven"]
tt12954648	3	nm11837650	actor	\N	["Travis Crabtree"]
tt12954648	4	nm3795423	actress	\N	["Theresa Melita"]
tt12954648	5	nm1756673	director	\N	\N
tt12954648	6	nm1626604	producer	producer	\N
tt12954648	7	nm5434376	composer	\N	\N
tt12954648	8	nm5434336	composer	\N	\N
tt12954648	9	nm11838795	cinematographer	\N	\N
tt12954650	1	nm11057970	director	\N	\N
tt12954650	2	nm7654197	cinematographer	\N	\N
tt12954652	1	nm11057970	director	\N	\N
tt12954652	2	nm7654197	cinematographer	\N	\N
tt12954654	1	nm4229995	actress	\N	\N
tt12954654	2	nm3528025	actress	\N	\N
tt12954656	1	nm11057970	director	\N	\N
tt12954656	2	nm7654197	cinematographer	\N	\N
tt12954658	1	nm11057970	director	\N	\N
tt12954658	2	nm7654197	cinematographer	\N	\N
tt12954660	1	nm11057970	director	\N	\N
tt12954660	2	nm7654197	cinematographer	\N	\N
tt12954662	1	nm0061849	actress	\N	["Lorie Brooks"]
tt12954664	1	nm11057970	director	\N	\N
tt12954664	2	nm7654197	cinematographer	\N	\N
tt12954666	1	nm11057970	director	\N	\N
tt12954666	2	nm7654197	cinematographer	\N	\N
tt12954668	1	nm11057970	director	\N	\N
tt12954668	2	nm7654197	cinematographer	\N	\N
tt12954670	1	nm11057970	director	\N	\N
tt12954670	2	nm7654197	cinematographer	\N	\N
tt12954672	1	nm0061849	actress	\N	["Lorie Brooks"]
tt12954674	1	nm11057970	director	\N	\N
tt12954674	2	nm7654197	cinematographer	\N	\N
tt12954676	1	nm6365313	actor	\N	["Arlo"]
tt12954676	2	nm11837649	actress	\N	["Astrid","Francis May Haven"]
tt12954676	3	nm11837650	actor	\N	["Travis Crabtree"]
tt12954676	4	nm3795423	actress	\N	["Theresa Melita"]
tt12954676	5	nm1756673	director	\N	\N
tt12954676	6	nm1626604	producer	producer	\N
tt12954676	7	nm5434376	composer	\N	\N
tt12954676	8	nm5434336	composer	\N	\N
tt12954676	9	nm11838795	cinematographer	\N	\N
tt12954678	1	nm8827317	actress	\N	\N
tt12954680	1	nm11057970	director	\N	\N
tt12954680	2	nm7654197	cinematographer	\N	\N
tt12954682	1	nm0044260	actress	\N	["Nina Bobo"]
tt12954682	2	nm1287543	actress	\N	["Nadia"]
tt12954682	3	nm1210593	actor	\N	["Donclo"]
tt12954682	4	nm1288929	actress	\N	["Dorris"]
tt12954682	5	nm1286510	director	\N	\N
tt12954682	6	nm1099515	producer	producer	\N
tt12954682	7	nm1288988	actor	\N	["Panji"]
tt12954684	1	nm0061849	actress	\N	["Lorie Brooks"]
tt12954686	1	nm6365313	actor	\N	["Arlo"]
tt12954686	2	nm11837649	actress	\N	["Astrid","Francis May Haven"]
tt12954686	3	nm11837650	actor	\N	["Travis Crabtree"]
tt12954686	4	nm3795423	actress	\N	["Theresa Melita"]
tt12954686	5	nm1756673	director	\N	\N
tt12954686	6	nm1626604	producer	producer	\N
tt12954686	7	nm5434376	composer	\N	\N
tt12954686	8	nm5434336	composer	\N	\N
tt12954686	9	nm11838795	cinematographer	\N	\N
tt12954690	1	nm0044260	actress	\N	["Nina Bobo"]
tt12954690	2	nm1287543	actress	\N	["Nadia"]
tt12954690	3	nm1210593	actor	\N	["Donclo"]
tt12954690	4	nm1288929	actress	\N	["Dorris"]
tt12954690	5	nm1286510	director	\N	\N
tt12954690	6	nm1099515	producer	producer	\N
tt12954690	7	nm1288988	actor	\N	["Panji"]
tt12954694	1	nm0044260	actress	\N	["Nina Bobo"]
tt12954694	2	nm1287543	actress	\N	["Nadia"]
tt12954694	3	nm1210593	actor	\N	["Donclo"]
tt12954694	4	nm1288929	actress	\N	["Dorris"]
tt12954694	5	nm1286510	director	\N	\N
tt12954694	6	nm1099515	producer	producer	\N
tt12954694	7	nm1288988	actor	\N	["Panji"]
tt12954696	1	nm3528025	actress	\N	\N
tt12954698	1	nm0044260	actress	\N	["Nina Bobo"]
tt12954698	2	nm1287543	actress	\N	["Nadia"]
tt12954698	3	nm1210593	actor	\N	["Donclo"]
tt12954698	4	nm1288929	actress	\N	["Dorris"]
tt12954698	5	nm1286510	director	\N	\N
tt12954698	6	nm1099515	producer	producer	\N
tt12954698	7	nm1288988	actor	\N	["Panji"]
tt12954700	1	nm0044260	actress	\N	["Nina Bobo"]
tt12954700	2	nm1287543	actress	\N	["Nadia"]
tt12954700	3	nm1210593	actor	\N	["Donclo"]
tt12954700	4	nm1288929	actress	\N	["Dorris"]
tt12954700	5	nm1286510	director	\N	\N
tt12954700	6	nm1099515	producer	producer	\N
tt12954700	7	nm1288988	actor	\N	["Panji"]
tt12954702	1	nm0044260	actress	\N	["Nina Bobo"]
tt12954702	2	nm1287543	actress	\N	["Nadia"]
tt12954702	3	nm1210593	actor	\N	["Donclo"]
tt12954702	4	nm1288929	actress	\N	["Dorris"]
tt12954702	5	nm1286510	director	\N	\N
tt12954702	6	nm1099515	producer	producer	\N
tt12954702	7	nm1288988	actor	\N	["Panji"]
tt12954704	1	nm0044260	actress	\N	["Nina Bobo"]
tt12954704	2	nm1287543	actress	\N	["Nadia"]
tt12954704	3	nm1210593	actor	\N	["Donclo"]
tt12954704	4	nm1288929	actress	\N	["Dorris"]
tt12954704	5	nm1286510	director	\N	\N
tt12954704	6	nm1099515	producer	producer	\N
tt12954704	7	nm1288988	actor	\N	["Panji"]
tt12954706	1	nm0044260	actress	\N	["Nina Bobo"]
tt12954706	2	nm1287543	actress	\N	["Nadia"]
tt12954706	3	nm1210593	actor	\N	["Donclo"]
tt12954706	4	nm1288929	actress	\N	["Dorris"]
tt12954706	5	nm1286510	director	\N	\N
tt12954706	6	nm1099515	producer	producer	\N
tt12954706	7	nm1288988	actor	\N	["Panji"]
tt12954708	1	nm0044260	actress	\N	["Nina Bobo"]
tt12954708	2	nm1287543	actress	\N	["Nadia"]
tt12954708	3	nm1210593	actor	\N	["Donclo"]
tt12954708	4	nm1288929	actress	\N	["Dorris"]
tt12954708	5	nm1286510	director	\N	\N
tt12954708	6	nm1099515	producer	producer	\N
tt12954708	7	nm1288988	actor	\N	["Panji"]
tt12954710	1	nm0044260	actress	\N	["Nina Bobo"]
tt12954710	2	nm1287543	actress	\N	["Nadia"]
tt12954710	3	nm1210593	actor	\N	["Donclo"]
tt12954710	4	nm1288929	actress	\N	["Dorris"]
tt12954710	5	nm1286510	director	\N	\N
tt12954710	6	nm1099515	producer	producer	\N
tt12954710	7	nm1288988	actor	\N	["Panji"]
tt12954712	1	nm0044260	actress	\N	["Nina Bobo"]
tt12954712	2	nm1287543	actress	\N	["Nadia"]
tt12954712	3	nm1210593	actor	\N	["Donclo"]
tt12954712	4	nm1288929	actress	\N	["Dorris"]
tt12954712	5	nm1286510	director	\N	\N
tt12954712	6	nm1099515	producer	producer	\N
tt12954712	7	nm1288988	actor	\N	["Panji"]
tt12954714	1	nm0044260	actress	\N	["Nina Bobo"]
tt12954714	2	nm1287543	actress	\N	["Nadia"]
tt12954714	3	nm1210593	actor	\N	["Donclo"]
tt12954714	4	nm1288929	actress	\N	["Dorris"]
tt12954714	5	nm1286510	director	\N	\N
tt12954714	6	nm1099515	producer	producer	\N
tt12954714	7	nm1288988	actor	\N	["Panji"]
tt12954716	1	nm0044260	actress	\N	["Nina Bobo"]
tt12954716	2	nm1287543	actress	\N	["Nadia"]
tt12954716	3	nm1210593	actor	\N	["Donclo"]
tt12954716	4	nm1288929	actress	\N	["Dorris"]
tt12954716	5	nm1286510	director	\N	\N
tt12954716	6	nm1099515	producer	producer	\N
tt12954716	7	nm1288988	actor	\N	["Panji"]
tt12954718	1	nm6365313	actor	\N	["Arlo"]
tt12954718	2	nm11837649	actress	\N	["Astrid","Francis May Haven"]
tt12954718	3	nm11839060	actor	\N	["Sange"]
tt12954718	4	nm11837650	actor	\N	["Travis Crabtree"]
tt12954718	5	nm1756673	director	\N	\N
tt12954718	6	nm1626604	producer	producer	\N
tt12954718	7	nm5434376	composer	\N	\N
tt12954718	8	nm5434336	composer	\N	\N
tt12954718	9	nm11838795	cinematographer	\N	\N
tt12954720	10	nm0556217	actor	\N	["Stefano DiMera"]
tt12954720	1	nm0010075	actor	\N	["Eric Brady"]
tt12954720	2	nm0019172	actress	\N	["Hope Brady","Gina Von Amberg"]
tt12954720	3	nm0004294	actress	\N	["Chloe Lane"]
tt12954720	4	nm0085995	actor	\N	["Bart Beiderbecke"]
tt12954720	5	nm0177085	actor	\N	["Shawn-Douglas Brady"]
tt12954720	6	nm0004858	actress	\N	["Nancy Wesley"]
tt12954720	7	nm0004984	actress	\N	["Dr. Marlena Evans"]
tt12954720	8	nm0389693	actor	\N	["John Black"]
tt12954720	9	nm0429083	actress	\N	["Lexie Carver"]
tt12954722	1	nm0061849	actress	\N	["Lorie Brooks"]
tt12954724	1	nm0044260	actress	\N	["Nina Bobo"]
tt12954724	2	nm1287543	actress	\N	["Nadia"]
tt12954724	3	nm1210593	actor	\N	["Donclo"]
tt12954724	4	nm1288929	actress	\N	["Dorris"]
tt12954724	5	nm1286510	director	\N	\N
tt12954724	6	nm1099515	producer	producer	\N
tt12954724	7	nm1288988	actor	\N	["Panji"]
tt12954726	1	nm0061849	actress	\N	["Lorie Brooks"]
tt12954728	1	nm0272472	cinematographer	\N	\N
tt12954730	1	nm6365313	actor	\N	["Arlo"]
tt12954730	2	nm11837649	actress	\N	["Astrid","Francis May Haven"]
tt12954730	3	nm11837650	actor	\N	["Travis Crabtree"]
tt12954730	4	nm3795423	actress	\N	["Theresa Melita"]
tt12954730	5	nm1756673	director	\N	\N
tt12954730	6	nm1626604	producer	producer	\N
tt12954730	7	nm5434376	composer	\N	\N
tt12954730	8	nm5434336	composer	\N	\N
tt12954730	9	nm11838795	cinematographer	\N	\N
tt12954734	1	nm11808607	actress	\N	\N
tt12954734	2	nm5735341	actress	\N	\N
tt12954736	1	nm3048151	actress	\N	["Miss Roberts"]
tt12954736	2	nm7825322	actor	\N	["Dr. Allen"]
tt12954736	3	nm5485297	actor	\N	["Richard"]
tt12954736	4	nm3495508	actress	\N	["Nurse Mary Grace"]
tt12954736	5	nm11058484	writer	Writer	\N
tt12954736	6	nm12949998	producer	producer	\N
tt12954736	7	nm5402251	composer	\N	\N
tt12954736	8	nm1912254	cinematographer	director of photography	\N
tt12954738	1	nm0272472	cinematographer	\N	\N
tt12954740	1	nm0061849	actress	\N	["Lorie Brooks"]
tt12954742	1	nm0272472	cinematographer	\N	\N
tt12954744	1	nm0061849	actress	\N	["Lorie Brooks"]
tt12954746	1	nm0061849	actress	\N	["Lorie Brooks"]
tt12954748	1	nm8827317	actress	\N	\N
tt12954750	1	nm0061849	actress	\N	["Lorie Brooks"]
tt12954752	1	nm0061849	actress	\N	["Lorie Brooks"]
tt12954754	1	nm0061849	actress	\N	["Lorie Brooks"]
tt12954756	1	nm6365313	actor	\N	["Arlo"]
tt12954756	2	nm11837649	actress	\N	["Astrid","Francis May Haven"]
tt12954756	3	nm11837651	actor	\N	["Brick"]
tt12954756	4	nm11837650	actor	\N	["Travis Crabtree"]
tt12954756	5	nm1756673	director	\N	\N
tt12954756	6	nm1626604	producer	producer	\N
tt12954756	7	nm5434376	composer	\N	\N
tt12954756	8	nm5434336	composer	\N	\N
tt12954756	9	nm11838795	cinematographer	\N	\N
tt12954758	1	nm0061849	actress	\N	["Lorie Brooks"]
tt12954760	1	nm0272472	cinematographer	\N	\N
tt12954762	1	nm0272472	cinematographer	\N	\N
tt12954766	1	nm0272472	cinematographer	\N	\N
tt12954768	1	nm0272472	cinematographer	\N	\N
tt12954770	1	nm0272472	cinematographer	\N	\N
tt12954772	1	nm0272472	cinematographer	\N	\N
tt12954774	1	nm6365313	actor	\N	["Arlo"]
tt12954774	2	nm11837649	actress	\N	["Astrid","Francis May Haven"]
tt12954774	3	nm11837651	actor	\N	["Brick"]
tt12954774	4	nm11837650	actor	\N	["Travis Crabtree"]
tt12954774	5	nm1756673	director	\N	\N
tt12954774	6	nm1626604	producer	producer	\N
tt12954774	7	nm5434376	composer	\N	\N
tt12954774	8	nm5434336	composer	\N	\N
tt12954774	9	nm11838795	cinematographer	\N	\N
tt12954776	1	nm0272472	cinematographer	\N	\N
tt12954778	1	nm0061849	actress	\N	["Lorie Brooks"]
tt12954780	1	nm0272472	cinematographer	\N	\N
tt12954782	1	nm0272472	cinematographer	\N	\N
tt12954784	1	nm0272472	cinematographer	\N	\N
tt12954786	1	nm0272472	cinematographer	\N	\N
tt12954788	1	nm0272472	cinematographer	\N	\N
tt12954790	1	nm0272472	cinematographer	\N	\N
tt12954792	1	nm0272472	cinematographer	\N	\N
tt12954794	1	nm0272472	cinematographer	\N	\N
tt12954796	1	nm0272472	cinematographer	\N	\N
tt12954798	1	nm0272472	cinematographer	\N	\N
tt12954800	1	nm11838784	actor	\N	["Kohl"]
tt12954800	2	nm9012858	actor	\N	["Mom"]
tt12954800	3	nm11838783	actor	\N	["Jack"]
tt12954800	4	nm10911631	actor	\N	["Ryan"]
tt12954800	5	nm7088661	director	\N	\N
tt12954800	6	nm9007487	director	co-director	\N
tt12954800	7	nm11838786	writer	\N	\N
tt12954800	8	nm11838785	writer	\N	\N
tt12954802	1	nm10081221	actress	\N	\N
tt12954802	2	nm7789105	actor	\N	\N
tt12954804	1	nm6365313	actor	\N	["Arlo"]
tt12954804	2	nm11837649	actress	\N	["Astrid","Francis May Haven"]
tt12954804	3	nm11837650	actor	\N	["Travis Crabtree"]
tt12954804	4	nm3795423	actress	\N	["Theresa Melita"]
tt12954804	5	nm1756673	director	\N	\N
tt12954804	6	nm1626604	producer	producer	\N
tt12954804	7	nm5434376	composer	\N	\N
tt12954804	8	nm5434336	composer	\N	\N
tt12954804	9	nm11838795	cinematographer	\N	\N
tt12954806	1	nm0061849	actress	\N	["Lorie Brooks"]
tt12954808	10	nm0495302	actor	\N	["Henderson"]
tt12954808	1	nm0019172	actress	\N	["Gina Von Amberg"]
tt12954808	2	nm0030100	actor	\N	["Victor Kiriakis"]
tt12954808	3	nm0004294	actress	\N	["Chloe Lane"]
tt12954808	4	nm0127960	actor	\N	["Nico"]
tt12954808	5	nm0177085	actor	\N	["Shawn-Douglas Brady"]
tt12954808	6	nm0268841	actress	\N	["Mimi Lockhart"]
tt12954808	7	nm0004984	actress	\N	["Dr. Marlena Evans"]
tt12954808	8	nm0432152	actress	\N	["Patty"]
tt12954808	9	nm0467191	actress	\N	["Kate Roberts"]
tt12954810	10	nm11838795	cinematographer	\N	\N
tt12954810	1	nm11839103	actor	\N	["Thomas"]
tt12954810	2	nm6365313	actor	\N	["Arlo"]
tt12954810	3	nm11837649	actress	\N	["Astrid","Francis May Haven"]
tt12954810	4	nm11837651	actor	\N	["Brick"]
tt12954810	5	nm1756673	director	\N	\N
tt12954810	6	nm11838868	writer	\N	\N
tt12954810	7	nm1626604	producer	producer	\N
tt12954810	8	nm5434376	composer	\N	\N
tt12954810	9	nm5434336	composer	\N	\N
tt12954812	1	nm0061849	actress	\N	["Lorie Brooks"]
tt12954814	1	nm0538105	director	\N	\N
tt12954814	2	nm0001676	director	\N	\N
tt12954814	3	nm0868932	director	\N	\N
tt12954816	1	nm9891926	actor	\N	["Constable KK"]
tt12954816	2	nm9891929	actress	\N	["Moni"]
tt12954816	3	nm9891927	actor	\N	["CID Mohan"]
tt12954816	4	nm12541315	actor	\N	["S.I. Pritam Khargharia"]
tt12954816	5	nm9891925	director	\N	\N
tt12954816	6	nm10826863	writer	\N	\N
tt12954816	7	nm10826864	writer	\N	\N
tt12954816	8	nm9891928	actor	\N	["Mukuta Deka"]
tt12954816	9	nm9891930	actress	\N	["Basumati Bailong"]
tt12954818	1	nm0061849	actress	\N	["Lorie Brooks"]
tt12954820	1	nm10249093	actress	\N	\N
tt12954824	1	nm6365313	actor	\N	["Arlo"]
tt12954824	2	nm11837649	actress	\N	["Astrid","Francis May Haven"]
tt12954824	3	nm11837651	actor	\N	["Brick"]
tt12954824	4	nm11837650	actor	\N	["Travis Crabtree"]
tt12954824	5	nm1756673	director	\N	\N
tt12954824	6	nm1626604	producer	producer	\N
tt12954824	7	nm5434376	composer	\N	\N
tt12954824	8	nm5434336	composer	\N	\N
tt12954824	9	nm11838795	cinematographer	\N	\N
tt12954826	1	nm0061849	actress	\N	["Lorie Brooks"]
tt12954828	1	nm9891926	actor	\N	["Constable KK"]
tt12954828	2	nm9891929	actress	\N	["Moni"]
tt12954828	3	nm9891927	actor	\N	["CID Mohan"]
tt12954828	4	nm12541315	actor	\N	["S.I. Pritam Khargharia"]
tt12954828	5	nm9891925	director	\N	\N
tt12954828	6	nm10826863	writer	\N	\N
tt12954828	7	nm10826864	writer	\N	\N
tt12954828	8	nm9891928	actor	\N	["Mukuta Deka"]
tt12954828	9	nm9891930	actress	\N	["Basumati Bailong"]
tt12954830	1	nm9891926	actor	\N	["Constable KK"]
tt12954830	2	nm9891929	actress	\N	["Moni"]
tt12954830	3	nm9891927	actor	\N	["CID Mohan"]
tt12954830	4	nm12541315	actor	\N	["S.I. Pritam Khargharia"]
tt12954830	5	nm9891925	director	\N	\N
tt12954830	6	nm10826863	writer	\N	\N
tt12954830	7	nm10826864	writer	\N	\N
tt12954830	8	nm9891928	actor	\N	["Mukuta Deka"]
tt12954830	9	nm9891930	actress	\N	["Basumati Bailong"]
tt12954832	1	nm9891926	actor	\N	["Constable KK"]
tt12954832	2	nm9891929	actress	\N	["Moni"]
tt12954832	3	nm9891927	actor	\N	["CID Mohan"]
tt12954832	4	nm12541315	actor	\N	["S.I. Pritam Khargharia"]
tt12954832	5	nm9891925	director	\N	\N
tt12954832	6	nm10826863	writer	\N	\N
tt12954832	7	nm10826864	writer	\N	\N
tt12954832	8	nm9891928	actor	\N	["Mukuta Deka"]
tt12954832	9	nm9891930	actress	\N	["Basumati Bailong"]
tt12954834	10	nm0784031	actor	\N	\N
tt12954834	1	nm2074660	actor	\N	\N
tt12954834	2	nm1282512	actress	\N	\N
tt12954834	3	nm0249215	actress	\N	\N
tt12954834	4	nm1320689	actor	\N	\N
tt12954834	5	nm0290544	director	\N	\N
tt12954834	6	nm0638961	director	\N	\N
tt12954834	7	nm2016322	writer	\N	\N
tt12954834	8	nm11838788	actor	\N	\N
tt12954834	9	nm1355804	actor	\N	\N
tt12954836	1	nm9891926	actor	\N	["Constable KK"]
tt12954836	2	nm9891929	actress	\N	["Moni"]
tt12954836	3	nm9891927	actor	\N	["CID Mohan"]
tt12954836	4	nm12541315	actor	\N	["S.I. Pritam Khargharia"]
tt12954836	5	nm9891925	director	\N	\N
tt12954836	6	nm10826863	writer	\N	\N
tt12954836	7	nm10826864	writer	\N	\N
tt12954836	8	nm9891928	actor	\N	["Mukuta Deka"]
tt12954836	9	nm9891930	actress	\N	["Basumati Bailong"]
tt12954838	1	nm9891926	actor	\N	["Constable KK"]
tt12954838	2	nm9891929	actress	\N	["Moni"]
tt12954838	3	nm9891927	actor	\N	["CID Mohan"]
tt12954838	4	nm12541315	actor	\N	["S.I. Pritam Khargharia"]
tt12954838	5	nm9891925	director	\N	\N
tt12954838	6	nm10826863	writer	\N	\N
tt12954838	7	nm10826864	writer	\N	\N
tt12954838	8	nm9891928	actor	\N	["Mukuta Deka"]
tt12954838	9	nm9891930	actress	\N	["Basumati Bailong"]
tt12954840	1	nm9891926	actor	\N	["Constable KK"]
tt12954840	2	nm9891929	actress	\N	["Moni"]
tt12954840	3	nm9891927	actor	\N	["CID Mohan"]
tt12954840	4	nm12541315	actor	\N	["S.I. Pritam Khargharia"]
tt12954840	5	nm9891925	director	\N	\N
tt12954840	6	nm10826863	writer	\N	\N
tt12954840	7	nm10826864	writer	\N	\N
tt12954840	8	nm9891928	actor	\N	["Mukuta Deka"]
tt12954840	9	nm9891930	actress	\N	["Basumati Bailong"]
tt12954842	1	nm9891926	actor	\N	["Constable KK"]
tt12954842	2	nm9891929	actress	\N	["Moni"]
tt12954842	3	nm9891927	actor	\N	["CID Mohan"]
tt12954842	4	nm12541315	actor	\N	["S.I. Pritam Khargharia"]
tt12954842	5	nm9891925	director	\N	\N
tt12954842	6	nm10826863	writer	\N	\N
tt12954842	7	nm10826864	writer	\N	\N
tt12954842	8	nm9891928	actor	\N	["Mukuta Deka"]
tt12954842	9	nm9891930	actress	\N	["Basumati Bailong"]
tt12954844	1	nm9891926	actor	\N	["Constable KK"]
tt12954844	2	nm9891929	actress	\N	["Moni"]
tt12954844	3	nm9891927	actor	\N	["CID Mohan"]
tt12954844	4	nm12541315	actor	\N	["S.I. Pritam Khargharia"]
tt12954844	5	nm9891925	director	\N	\N
tt12954844	6	nm10826863	writer	\N	\N
tt12954844	7	nm10826864	writer	\N	\N
tt12954844	8	nm9891928	actor	\N	["Mukuta Deka"]
tt12954844	9	nm9891930	actress	\N	["Basumati Bailong"]
tt12954848	1	nm9891926	actor	\N	["Constable KK"]
tt12954848	2	nm9891929	actress	\N	["Moni"]
tt12954848	3	nm9891927	actor	\N	["CID Mohan"]
tt12954848	4	nm12541315	actor	\N	["S.I. Pritam Khargharia"]
tt12954848	5	nm9891925	director	\N	\N
tt12954848	6	nm10826863	writer	\N	\N
tt12954848	7	nm10826864	writer	\N	\N
tt12954848	8	nm9891928	actor	\N	["Mukuta Deka"]
tt12954848	9	nm9891930	actress	\N	["Basumati Bailong"]
tt12954850	1	nm9891926	actor	\N	["Constable KK"]
tt12954850	2	nm9891929	actress	\N	["Moni"]
tt12954850	3	nm9891927	actor	\N	["CID Mohan"]
tt12954850	4	nm12541315	actor	\N	["S.I. Pritam Khargharia"]
tt12954850	5	nm9891925	director	\N	\N
tt12954850	6	nm10826863	writer	\N	\N
tt12954850	7	nm10826864	writer	\N	\N
tt12954850	8	nm9891928	actor	\N	["Mukuta Deka"]
tt12954850	9	nm9891930	actress	\N	["Basumati Bailong"]
tt12954852	1	nm0061849	actress	\N	["Lorie Brooks"]
tt12954854	1	nm6365313	actor	\N	["Arlo"]
tt12954854	2	nm11837649	actress	\N	["Astrid","Francis May Haven"]
tt12954854	3	nm11837651	actor	\N	["Brick"]
tt12954854	4	nm11837650	actor	\N	["Travis Crabtree"]
tt12954854	5	nm1756673	director	\N	\N
tt12954854	6	nm1626604	writer	\N	\N
tt12954854	7	nm5434376	composer	\N	\N
tt12954854	8	nm5434336	composer	\N	\N
tt12954854	9	nm11838795	cinematographer	\N	\N
tt12954856	1	nm9891926	actor	\N	["Constable KK"]
tt12954856	2	nm9891929	actress	\N	["Moni"]
tt12954856	3	nm9891927	actor	\N	["CID Mohan"]
tt12954856	4	nm12541315	actor	\N	["S.I. Pritam Khargharia"]
tt12954856	5	nm9891925	director	\N	\N
tt12954856	6	nm10826863	writer	\N	\N
tt12954856	7	nm10826864	writer	\N	\N
tt12954856	8	nm9891928	actor	\N	["Mukuta Deka"]
tt12954856	9	nm9891930	actress	\N	["Basumati Bailong"]
tt12954858	1	nm9891926	actor	\N	["Constable KK"]
tt12954858	2	nm9891929	actress	\N	["Moni"]
tt12954858	3	nm9891927	actor	\N	["CID Mohan"]
tt12954858	4	nm12541315	actor	\N	["S.I. Pritam Khargharia"]
tt12954858	5	nm9891925	director	\N	\N
tt12954858	6	nm10826863	writer	\N	\N
tt12954858	7	nm10826864	writer	\N	\N
tt12954858	8	nm9891928	actor	\N	["Mukuta Deka"]
tt12954858	9	nm9891930	actress	\N	["Basumati Bailong"]
tt12954860	1	nm9891926	actor	\N	["Constable KK"]
tt12954860	2	nm9891929	actress	\N	["Moni"]
tt12954860	3	nm9891927	actor	\N	["CID Mohan"]
tt12954860	4	nm12541315	actor	\N	["S.I. Pritam Khargharia"]
tt12954860	5	nm9891925	director	\N	\N
tt12954860	6	nm10826863	writer	\N	\N
tt12954860	7	nm10826864	writer	\N	\N
tt12954860	8	nm9891928	actor	\N	["Mukuta Deka"]
tt12954860	9	nm9891930	actress	\N	["Basumati Bailong"]
tt12954862	10	nm0000493	archive_footage	\N	["Self - Actor (segment \"Jack Lemmon\")"]
tt12954862	1	nm0471901	self	\N	["Self - Correspondent (segment \"Project 2000\")"]
tt12954862	2	nm11797674	archive_footage	\N	["Self - Educational Psychologist (segment \"Project 2000\")"]
tt12954862	3	nm11797675	archive_footage	\N	["Self - Legal Studies Major (segment \"Project 2000\")"]
tt12954862	4	nm11797676	archive_footage	\N	["Self - Attorney (segment \"Project 2000\")"]
tt12954862	5	nm11797677	archive_footage	\N	["Self - Department of the Interior (segment \"Project 2000\")"]
tt12954862	6	nm11797678	archive_footage	\N	["Self - Computer Security Expert (segment \"Project 2000\")"]
tt12954862	7	nm11797679	archive_footage	\N	["Self - Architect (segment \"Project 2000\")"]
tt12954862	8	nm0103211	self	\N	["Self - Host"]
tt12954862	9	nm0755824	self	\N	["Self - Correspondent (segment \"Jack Lemmon\")"]
tt12954864	1	nm9891926	actor	\N	["Constable KK"]
tt12954864	2	nm9891929	actress	\N	["Moni"]
tt12954864	3	nm9891927	actor	\N	["CID Mohan"]
tt12954864	4	nm12541315	actor	\N	["S.I. Pritam Khargharia"]
tt12954864	5	nm9891925	director	\N	\N
tt12954864	6	nm10826863	writer	\N	\N
tt12954864	7	nm10826864	writer	\N	\N
tt12954864	8	nm9891928	actor	\N	["Mukuta Deka"]
tt12954864	9	nm9891930	actress	\N	["Basumati Bailong"]
tt12954866	1	nm9891926	actor	\N	["Constable KK"]
tt12954866	2	nm9891929	actress	\N	["Moni"]
tt12954866	3	nm9891927	actor	\N	["CID Mohan"]
tt12954866	4	nm12541315	actor	\N	["S.I. Pritam Khargharia"]
tt12954866	5	nm9891925	director	\N	\N
tt12954866	6	nm10826863	writer	\N	\N
tt12954866	7	nm10826864	writer	\N	\N
tt12954866	8	nm9891928	actor	\N	["Mukuta Deka"]
tt12954866	9	nm9891930	actress	\N	["Basumati Bailong"]
tt12954868	1	nm9891926	actor	\N	["Constable KK"]
tt12954868	2	nm9891929	actress	\N	["Moni"]
tt12954868	3	nm9891927	actor	\N	["CID Mohan"]
tt12954868	4	nm12541315	actor	\N	["S.I. Pritam Khargharia"]
tt12954868	5	nm9891925	director	\N	\N
tt12954868	6	nm10826863	writer	\N	\N
tt12954868	7	nm10826864	writer	\N	\N
tt12954868	8	nm9891928	actor	\N	["Mukuta Deka"]
tt12954868	9	nm9891930	actress	\N	["Basumati Bailong"]
tt12954870	1	nm9891926	actor	\N	["Constable KK"]
tt12954870	2	nm9891929	actress	\N	["Moni"]
tt12954870	3	nm9891927	actor	\N	["CID Mohan"]
tt12954870	4	nm12541315	actor	\N	["S.I. Pritam Khargharia"]
tt12954870	5	nm9891925	director	\N	\N
tt12954870	6	nm10826863	writer	\N	\N
tt12954870	7	nm10826864	writer	\N	\N
tt12954870	8	nm9891928	actor	\N	["Mukuta Deka"]
tt12954870	9	nm9891930	actress	\N	["Basumati Bailong"]
tt12954872	1	nm9891926	actor	\N	["Constable KK"]
tt12954872	2	nm9891929	actress	\N	["Moni"]
tt12954872	3	nm9891927	actor	\N	["CID Mohan"]
tt12954872	4	nm12541315	actor	\N	["S.I. Pritam Khargharia"]
tt12954872	5	nm9891925	director	\N	\N
tt12954872	6	nm10826863	writer	\N	\N
tt12954872	7	nm10826864	writer	\N	\N
tt12954872	8	nm9891928	actor	\N	["Mukuta Deka"]
tt12954872	9	nm9891930	actress	\N	["Basumati Bailong"]
tt12954876	1	nm9891926	actor	\N	["Constable KK"]
tt12954876	2	nm9891929	actress	\N	["Moni"]
tt12954876	3	nm9891927	actor	\N	["CID Mohan"]
tt12954876	4	nm12541315	actor	\N	["S.I. Pritam Khargharia"]
tt12954876	5	nm9891925	director	\N	\N
tt12954876	6	nm10826863	writer	\N	\N
tt12954876	7	nm10826864	writer	\N	\N
tt12954876	8	nm9891928	actor	\N	["Mukuta Deka"]
tt12954876	9	nm9891930	actress	\N	["Basumati Bailong"]
tt12954878	1	nm0061849	actress	\N	["Lorie Brooks"]
tt12954880	1	nm2013463	self	\N	["Self - Host"]
tt12954880	2	nm1154632	composer	\N	\N
tt12954882	10	nm9396921	producer	producer	\N
tt12954882	1	nm8595002	self	\N	["Self - Host"]
tt12954882	2	nm4962121	self	\N	["Self"]
tt12954882	3	nm11786923	self	\N	["Self"]
tt12954882	4	nm10757214	self	\N	["Self"]
tt12954882	5	nm9263073	director	\N	\N
tt12954882	6	nm2314067	writer	\N	\N
tt12954882	7	nm10497717	writer	head writer	\N
tt12954882	8	nm10298742	writer	\N	\N
tt12954882	9	nm10444890	writer	\N	\N
tt12954884	1	nm0061849	actress	\N	["Lorie Brooks"]
tt12954886	1	nm0061849	actress	\N	["Lorie Brooks"]
tt12954888	1	nm0061849	actress	\N	["Lorie Brooks"]
tt12954890	1	nm0061849	actress	\N	["Lorie Brooks"]
tt12954892	10	nm9544571	actress	\N	\N
tt12954892	1	nm0013514	actress	\N	\N
tt12954892	2	nm1295941	actor	\N	\N
tt12954892	3	nm1833085	actor	\N	\N
tt12954892	4	nm0411834	actor	\N	\N
tt12954892	5	nm0290544	director	\N	\N
tt12954892	6	nm0638961	director	\N	\N
tt12954892	7	nm1196267	writer	\N	\N
tt12954892	8	nm1355955	actor	\N	\N
tt12954892	9	nm2071610	actress	\N	\N
tt12954894	1	nm0061849	actress	\N	["Lorie Brooks"]
tt12954898	1	nm0061849	actress	\N	["Lorie Brooks"]
tt12954900	1	nm0061849	actress	\N	["Lorie Brooks"]
tt12954902	1	nm0061849	actress	\N	["Lorie Brooks"]
tt12954904	1	nm2013463	self	\N	["Self - Host"]
tt12954904	2	nm1154632	composer	\N	\N
tt12954906	1	nm0061849	actress	\N	["Lorie Brooks"]
tt12954908	1	nm2013463	self	\N	["Self - Host"]
tt12954908	2	nm1154632	composer	\N	\N
tt12954910	1	nm2013463	self	\N	["Self - Host"]
tt12954910	2	nm1154632	composer	\N	\N
tt12954912	1	nm0061849	actress	\N	["Lorie Brooks"]
tt12954914	1	nm2013463	self	\N	["Self - Host"]
tt12954914	2	nm1154632	composer	\N	\N
tt12954916	1	nm2013463	self	\N	["Self - Host"]
tt12954916	2	nm1154632	composer	\N	\N
tt12954918	1	nm2013463	self	\N	["Self - Host"]
tt12954918	2	nm1154632	composer	\N	\N
tt12954920	1	nm2013463	self	\N	["Self - Host"]
tt12954920	2	nm1154632	composer	\N	\N
tt12954922	1	nm2013463	self	\N	["Self - Host"]
tt12954922	2	nm1154632	composer	\N	\N
tt12954924	1	nm2013463	self	\N	["Self - Host"]
tt12954924	2	nm1154632	composer	\N	\N
tt12954926	1	nm6365313	actor	\N	["Arlo"]
tt12954926	2	nm11837649	actress	\N	["Astrid","Francis May Haven"]
tt12954926	3	nm11837651	actor	\N	["Brick"]
tt12954926	4	nm11837650	actor	\N	["Travis Crabtree"]
tt12954926	5	nm1756673	director	\N	\N
tt12954926	6	nm1626604	producer	producer	\N
tt12954926	7	nm5434376	composer	\N	\N
tt12954926	8	nm5434336	composer	\N	\N
tt12954926	9	nm11838795	cinematographer	\N	\N
tt12954928	1	nm2013463	self	\N	["Self - Host"]
tt12954928	2	nm1154632	composer	\N	\N
tt12954930	1	nm2013463	self	\N	["Self - Host"]
tt12954930	2	nm1154632	composer	\N	\N
tt12954932	1	nm2013463	self	\N	["Self - Host"]
tt12954932	2	nm1154632	composer	\N	\N
tt12954934	1	nm2013463	self	\N	["Self - Host"]
tt12954934	2	nm1154632	composer	\N	\N
tt12954936	1	nm2013463	self	\N	["Self - Host"]
tt12954936	2	nm1154632	composer	\N	\N
tt12954938	1	nm2013463	self	\N	["Self - Host"]
tt12954938	2	nm1154632	composer	\N	\N
tt12954940	1	nm2013463	self	\N	["Self - Host"]
tt12954940	2	nm1154632	composer	\N	\N
tt12954942	1	nm0061849	actress	\N	["Lorie Brooks"]
tt12954944	1	nm2013463	self	\N	["Self - Host"]
tt12954944	2	nm1154632	composer	\N	\N
tt12954946	1	nm2013463	self	\N	["Self - Host"]
tt12954946	2	nm1154632	composer	\N	\N
tt12954948	1	nm0061849	actress	\N	["Lorie Brooks"]
tt12954950	1	nm2013463	self	\N	["Self - Host"]
tt12954950	2	nm1154632	composer	\N	\N
tt12954952	1	nm0061849	actress	\N	["Lorie Brooks"]
tt12954954	1	nm0061849	actress	\N	["Lorie Brooks"]
tt12954956	1	nm0061849	actress	\N	["Lorie Brooks"]
tt12954960	1	nm0061849	actress	\N	["Lorie Brooks"]
tt12954962	1	nm0061849	actress	\N	["Lorie Brooks"]
tt12954964	10	nm0639112	actress	\N	["Eimear O'Connor"]
tt12954964	1	nm0175796	actor	\N	["Paddy O'Connor"]
tt12954964	2	nm0208302	actor	\N	["Jack Hayes"]
tt12954964	3	nm0639110	actress	\N	["Sinéad Ní Bhaoill"]
tt12954964	4	nm0289258	actress	\N	["Vanessa Barrett"]
tt12954964	5	nm0378953	actress	\N	["Sarah Uí Fhlatharta"]
tt12954964	6	nm0495212	actress	\N	["Síle Nic Pháidín"]
tt12954964	7	nm0531134	actor	\N	["Séamus Ó Catháin"]
tt12954964	8	nm0614860	actor	\N	["Seán Brennan"]
tt12954964	9	nm0639108	actress	\N	["Eileen Lynch"]
tt12954966	1	nm0061849	actress	\N	["Lorie Brooks"]
tt12954968	1	nm0061849	actress	\N	["Lorie Brooks"]
tt12954970	1	nm0061849	actress	\N	["Lorie Brooks"]
tt12954972	1	nm11838268	self	\N	["Self"]
tt12954972	2	nm5175654	self	\N	["Self - Host"]
tt12954972	3	nm11837122	self	\N	["Self"]
tt12954972	4	nm11837123	self	\N	["Self"]
tt12954972	5	nm8376880	self	\N	["Self - Host"]
tt12954972	6	nm11837118	self	\N	["Self"]
tt12954972	7	nm8951741	self	\N	["Self"]
tt12954972	8	nm11838267	self	\N	["Self"]
tt12954972	9	nm11838099	self	\N	["Self"]
tt12954976	1	nm11838268	self	\N	["Self"]
tt12954976	2	nm5175654	self	\N	["Self - Host"]
tt12954976	3	nm11837122	self	\N	["Self"]
tt12954976	4	nm11837123	self	\N	["Self"]
tt12954976	5	nm8376880	self	\N	["Self - Host"]
tt12954976	6	nm11837118	self	\N	["Self"]
tt12954976	7	nm8951741	self	\N	["Self"]
tt12954976	8	nm11838267	self	\N	["Self"]
tt12954976	9	nm11838099	self	\N	["Self"]
tt12954980	1	nm11838268	self	\N	["Self"]
tt12954980	2	nm5175654	self	\N	["Self - Host"]
tt12954980	3	nm11837122	self	\N	["Self"]
tt12954980	4	nm11837123	self	\N	["Self"]
tt12954980	5	nm8376880	self	\N	["Self - Host"]
tt12954980	6	nm11837118	self	\N	["Self"]
tt12954980	7	nm8951741	self	\N	["Self"]
tt12954980	8	nm11838267	self	\N	["Self"]
tt12954980	9	nm11838099	self	\N	["Self"]
tt12954982	1	nm0061849	actress	\N	["Lorie Brooks"]
tt12954984	1	nm1648668	self	\N	["Self"]
tt12954984	2	nm3349972	producer	producer	\N
tt12954986	1	nm0061849	actress	\N	["Lorie Brooks"]
tt12954988	1	nm11838268	self	\N	["Self"]
tt12954988	2	nm5175654	self	\N	["Self - Host"]
tt12954988	3	nm11837122	self	\N	["Self"]
tt12954988	4	nm11837123	self	\N	["Self"]
tt12954988	5	nm8376880	self	\N	["Self - Host"]
tt12954988	6	nm11837118	self	\N	["Self"]
tt12954988	7	nm8951741	self	\N	["Self"]
tt12954988	8	nm11838267	self	\N	["Self"]
tt12954988	9	nm11838099	self	\N	["Self"]
tt12954990	1	nm0061849	actress	\N	["Lorie Brooks"]
tt12954992	1	nm11838268	self	\N	["Self"]
tt12954992	2	nm5175654	self	\N	["Self - Host"]
tt12954992	3	nm11837122	self	\N	["Self"]
tt12954992	4	nm11837123	self	\N	["Self"]
tt12954992	5	nm8376880	self	\N	["Self - Host"]
tt12954992	6	nm11837118	self	\N	["Self"]
tt12954992	7	nm8951741	self	\N	["Self"]
tt12954992	8	nm11838267	self	\N	["Self"]
tt12954992	9	nm11838099	self	\N	["Self"]
tt12954994	1	nm2013463	self	\N	["Self - Host"]
tt12954994	2	nm1154632	composer	\N	\N
tt12954996	1	nm2013463	self	\N	["Self - Host"]
tt12954996	2	nm1154632	composer	\N	\N
tt12954998	1	nm0061849	actress	\N	["Lorie Brooks"]
tt12955000	1	nm2013463	self	\N	["Self - Host"]
tt12955000	2	nm1154632	composer	\N	\N
tt12955002	1	nm2013463	self	\N	["Self - Host"]
tt12955002	2	nm1154632	composer	\N	\N
tt12955004	1	nm2013463	self	\N	["Self - Host"]
tt12955004	2	nm1154632	composer	\N	\N
tt12955006	1	nm11838268	self	\N	["Self"]
tt12955006	2	nm5175654	self	\N	["Self - Host"]
tt12955006	3	nm11837122	self	\N	["Self"]
tt12955006	4	nm11837123	self	\N	["Self"]
tt12955006	5	nm8376880	self	\N	["Self - Host"]
tt12955006	6	nm11837118	self	\N	["Self"]
tt12955006	7	nm8951741	self	\N	["Self"]
tt12955006	8	nm11838267	self	\N	["Self"]
tt12955006	9	nm11838099	self	\N	["Self"]
tt12955008	1	nm2013463	self	\N	["Self - Host"]
tt12955008	2	nm1154632	composer	\N	\N
tt12955010	1	nm9981601	self	\N	["Self"]
tt12955010	2	nm10354627	self	\N	["Self"]
tt12955010	3	nm9981596	self	\N	["Self"]
tt12955010	4	nm10887080	editor	\N	\N
tt12955012	1	nm2013463	self	\N	["Self - Host"]
tt12955012	2	nm1154632	composer	\N	\N
tt12955014	1	nm0061849	actress	\N	["Lorie Brooks"]
tt12955016	1	nm2013463	self	\N	["Self - Host"]
tt12955016	2	nm1154632	composer	\N	\N
tt12955020	1	nm2013463	self	\N	["Self - Host"]
tt12955020	2	nm1154632	composer	\N	\N
tt12955022	1	nm2013463	self	\N	["Self - Host"]
tt12955022	2	nm1154632	composer	\N	\N
tt12955024	1	nm2013463	self	\N	["Self - Host"]
tt12955024	2	nm1154632	composer	\N	\N
tt12955026	1	nm0061849	actress	\N	["Lorie Brooks"]
tt12955028	1	nm11838268	self	\N	["Self"]
tt12955028	2	nm5175654	self	\N	["Self - Host"]
tt12955028	3	nm11837122	self	\N	["Self"]
tt12955028	4	nm11837123	self	\N	["Self"]
tt12955028	5	nm8376880	self	\N	["Self - Host"]
tt12955028	6	nm11837118	self	\N	["Self"]
tt12955028	7	nm8951741	self	\N	["Self"]
tt12955028	8	nm11838267	self	\N	["Self"]
tt12955028	9	nm11838099	self	\N	["Self"]
tt12955030	1	nm2013463	self	\N	["Self - Host"]
tt12955030	2	nm1154632	composer	\N	\N
tt12955032	1	nm2013463	self	\N	["Self - Host"]
tt12955032	2	nm1154632	composer	\N	\N
tt12955034	1	nm2013463	self	\N	["Self - Host"]
tt12955034	2	nm1154632	composer	\N	\N
tt12955036	10	nm3384399	cinematographer	\N	\N
tt12955036	1	nm8272807	actor	\N	\N
tt12955036	2	nm4994427	actor	\N	["Dr. Jacek Górecki"]
tt12955036	3	nm2929316	actress	\N	["Lector"]
tt12955036	4	nm1699325	actress	\N	["Malgosia Paprocka"]
tt12955036	5	nm4739321	director	\N	\N
tt12955036	6	nm8152595	writer	screenplay	\N
tt12955036	7	nm8152580	writer	screenplay	\N
tt12955036	8	nm11071655	writer	supervising writer	\N
tt12955036	9	nm2793271	producer	producer	\N
tt12955040	1	nm2013463	self	\N	["Self - Host"]
tt12955040	2	nm1154632	composer	\N	\N
tt12955042	1	nm2013463	self	\N	["Self - Host"]
tt12955042	2	nm1154632	composer	\N	\N
tt12955044	1	nm2013463	self	\N	["Self - Host"]
tt12955044	2	nm1154632	composer	\N	\N
tt12955046	1	nm2013463	self	\N	["Self - Host"]
tt12955046	2	nm1154632	composer	\N	\N
tt12955048	1	nm11838268	self	\N	["Self"]
tt12955048	2	nm5175654	self	\N	["Self - Host"]
tt12955048	3	nm11837122	self	\N	["Self"]
tt12955048	4	nm11837123	self	\N	["Self"]
tt12955048	5	nm8376880	self	\N	["Self - Host"]
tt12955048	6	nm11837118	self	\N	["Self"]
tt12955048	7	nm8951741	self	\N	["Self"]
tt12955048	8	nm11838267	self	\N	["Self"]
tt12955048	9	nm11838099	self	\N	["Self"]
tt12955050	1	nm2013463	self	\N	["Self - Host"]
tt12955050	2	nm1154632	composer	\N	\N
tt12955052	1	nm0061849	actress	\N	["Lorie Brooks"]
tt12955054	1	nm2013463	self	\N	["Self - Host"]
tt12955054	2	nm1154632	composer	\N	\N
tt12955056	1	nm0061849	actress	\N	["Lorie Brooks"]
tt12955058	1	nm2013463	self	\N	["Self - Host"]
tt12955058	2	nm1154632	composer	\N	\N
tt12955060	1	nm2013463	self	\N	["Self - Host"]
tt12955060	2	nm1154632	composer	\N	\N
tt12955062	1	nm11838268	self	\N	["Self"]
tt12955062	2	nm5175654	self	\N	["Self - Host"]
tt12955062	3	nm11837122	self	\N	["Self"]
tt12955062	4	nm11837123	self	\N	["Self"]
tt12955062	5	nm8376880	self	\N	["Self - Host"]
tt12955062	6	nm11837118	self	\N	["Self"]
tt12955062	7	nm8951741	self	\N	["Self"]
tt12955062	8	nm11838267	self	\N	["Self"]
tt12955062	9	nm11838099	self	\N	["Self"]
tt12955064	1	nm9981601	self	\N	["Self"]
tt12955064	2	nm9981596	self	\N	["Self"]
tt12955064	3	nm10887080	editor	\N	\N
tt12955066	1	nm2013463	self	\N	["Self - Host"]
tt12955066	2	nm1154632	composer	\N	\N
tt12955068	1	nm2013463	self	\N	["Self - Host"]
tt12955068	2	nm1154632	composer	\N	\N
tt12955070	1	nm0061849	actress	\N	["Lorie Brooks"]
tt12955072	1	nm2013463	self	\N	["Self - Host"]
tt12955072	2	nm1154632	composer	\N	\N
tt12955074	1	nm11838268	self	\N	["Self"]
tt12955074	2	nm5175654	self	\N	["Self - Host"]
tt12955074	3	nm11837122	self	\N	["Self"]
tt12955074	4	nm11837123	self	\N	["Self"]
tt12955074	5	nm8376880	self	\N	["Self - Host"]
tt12955074	6	nm11837118	self	\N	["Self"]
tt12955074	7	nm8951741	self	\N	["Self"]
tt12955074	8	nm11838267	self	\N	["Self"]
tt12955074	9	nm11838099	self	\N	["Self"]
tt12955076	1	nm2013463	self	\N	["Self - Host"]
tt12955076	2	nm1154632	composer	\N	\N
tt12955078	10	nm2425004	self	\N	["Self"]
tt12955078	1	nm2416827	self	\N	["Themselves"]
tt12955078	2	nm11835325	self	\N	["Themselves"]
tt12955078	3	nm3225068	self	\N	["Themselves"]
tt12955078	4	nm0255776	self	\N	["Self"]
tt12955078	5	nm3513555	self	\N	["Self"]
tt12955078	6	nm1449986	self	\N	["Self"]
tt12955078	7	nm2750502	self	\N	["Self"]
tt12955078	8	nm1975679	self	\N	["Themselves"]
tt12955078	9	nm0391539	self	\N	["Self"]
tt12955080	1	nm0061849	actress	\N	["Lorie Brooks"]
tt12955082	1	nm2013463	self	\N	["Self - Host"]
tt12955082	2	nm1154632	composer	\N	\N
tt12955084	1	nm2013463	self	\N	["Self - Host"]
tt12955084	2	nm1154632	composer	\N	\N
tt12955086	1	nm0061849	actress	\N	["Lorie Brooks"]
tt12955088	1	nm2013463	self	\N	["Self - Host"]
tt12955088	2	nm1154632	composer	\N	\N
tt12955090	1	nm2013463	self	\N	["Self - Host"]
tt12955090	2	nm1154632	composer	\N	\N
tt12955092	1	nm2013463	self	\N	["Self - Host"]
tt12955092	2	nm1154632	composer	\N	\N
tt12955094	1	nm11838268	self	\N	["Self"]
tt12955094	2	nm5175654	self	\N	["Self - Host"]
tt12955094	3	nm11837122	self	\N	["Self"]
tt12955094	4	nm11837123	self	\N	["Self"]
tt12955094	5	nm8376880	self	\N	["Self - Host"]
tt12955094	6	nm11837118	self	\N	["Self"]
tt12955094	7	nm8951741	self	\N	["Self"]
tt12955094	8	nm11838267	self	\N	["Self"]
tt12955094	9	nm11838099	self	\N	["Self"]
tt12955096	1	nm2013463	self	\N	["Self - Host"]
tt12955096	2	nm1154632	composer	\N	\N
tt12955098	1	nm0061849	actress	\N	["Lorie Brooks"]
tt12955100	1	nm2013463	self	\N	["Self - Host"]
tt12955100	2	nm1154632	composer	\N	\N
tt12955102	1	nm2013463	self	\N	["Self - Host"]
tt12955102	2	nm1154632	composer	\N	\N
tt12955104	1	nm2013463	self	\N	["Self - Host"]
tt12955104	2	nm1154632	composer	\N	\N
tt12955106	1	nm2013463	self	\N	["Self - Host"]
tt12955106	2	nm1154632	composer	\N	\N
tt12955108	1	nm2013463	self	\N	["Self - Host"]
tt12955108	2	nm1154632	composer	\N	\N
tt12955110	1	nm2013463	self	\N	["Self - Host"]
tt12955110	2	nm1154632	composer	\N	\N
tt12955112	1	nm0061849	actress	\N	["Lorie Brooks"]
tt12955114	1	nm11838268	self	\N	["Self"]
tt12955114	2	nm5175654	self	\N	["Self - Host"]
tt12955114	3	nm11837122	self	\N	["Self"]
tt12955114	4	nm11837123	self	\N	["Self"]
tt12955114	5	nm8376880	self	\N	["Self - Host"]
tt12955114	6	nm11837118	self	\N	["Self"]
tt12955114	7	nm8951741	self	\N	["Self"]
tt12955114	8	nm11838267	self	\N	["Self"]
tt12955114	9	nm11838099	self	\N	["Self"]
tt12955116	1	nm2013463	self	\N	["Self - Host"]
tt12955116	2	nm1154632	composer	\N	\N
tt12955118	1	nm0080426	actor	\N	["Bali"]
tt12955118	2	nm1655836	actress	\N	["Sonia Malhotra"]
tt12955118	3	nm1191268	actor	\N	["Diwakar"]
tt12955118	4	nm12246378	actor	\N	["Aman Verma"]
tt12955118	5	nm1618917	director	\N	\N
tt12955118	6	nm4609476	writer	writer	\N
tt12955118	7	nm12678460	writer	story	\N
tt12955118	8	nm12685396	producer	producer	\N
tt12955118	9	nm12693394	cinematographer	director of photography	\N
tt12955120	1	nm2013463	self	\N	["Self - Host"]
tt12955120	2	nm1154632	composer	\N	\N
tt12955122	1	nm0061849	actress	\N	["Lorie Brooks"]
tt12955124	1	nm2013463	self	\N	["Self - Host"]
tt12955124	2	nm1154632	composer	\N	\N
tt12955126	1	nm2013463	self	\N	["Self - Host"]
tt12955126	2	nm1154632	composer	\N	\N
tt12955128	1	nm2013463	self	\N	["Self - Host"]
tt12955128	2	nm1154632	composer	\N	\N
tt12955130	1	nm2013463	self	\N	["Self - Host"]
tt12955130	2	nm1154632	composer	\N	\N
tt12955132	1	nm2013463	self	\N	["Self - Host"]
tt12955132	2	nm1154632	composer	\N	\N
tt12955134	1	nm2013463	self	\N	["Self - Host"]
tt12955134	2	nm1154632	composer	\N	\N
tt12955136	1	nm11838268	self	\N	["Self"]
tt12955136	2	nm5175654	self	\N	["Self - Host"]
tt12955136	3	nm11837123	self	\N	["Self"]
tt12955136	4	nm8376880	self	\N	["Self - Host"]
tt12955136	5	nm11837118	self	\N	["Self"]
tt12955136	6	nm8951741	self	\N	["Self"]
tt12955136	7	nm11838267	self	\N	["Self"]
tt12955136	8	nm11838099	self	\N	["Self"]
tt12955138	1	nm2013463	self	\N	["Self - Host"]
tt12955138	2	nm1154632	composer	\N	\N
tt12955140	1	nm2013463	self	\N	["Self - Host"]
tt12955140	2	nm1154632	composer	\N	\N
tt12955142	1	nm7914776	actress	\N	\N
tt12955142	2	nm4028500	director	\N	\N
tt12955144	1	nm2013463	self	\N	["Self - Host"]
tt12955144	2	nm1154632	composer	\N	\N
tt12955146	1	nm2013463	self	\N	["Self - Host"]
tt12955146	2	nm1154632	composer	\N	\N
tt12955148	1	nm2013463	self	\N	["Self - Host"]
tt12955148	2	nm1154632	composer	\N	\N
tt12955150	1	nm2013463	self	\N	["Self - Host"]
tt12955150	2	nm1154632	composer	\N	\N
tt12955152	1	nm11838268	self	\N	["Self"]
tt12955152	2	nm5175654	self	\N	["Self - Host"]
tt12955152	3	nm11837123	self	\N	["Self"]
tt12955152	4	nm8376880	self	\N	["Self - Host"]
tt12955152	5	nm11837118	self	\N	["Self"]
tt12955152	6	nm8951741	self	\N	["Self"]
tt12955152	7	nm11838267	self	\N	["Self"]
tt12955152	8	nm11838099	self	\N	["Self"]
tt12955154	1	nm2013463	self	\N	["Self - Host"]
tt12955154	2	nm1154632	composer	\N	\N
tt12955156	1	nm2013463	self	\N	["Self - Host"]
tt12955156	2	nm1154632	composer	\N	\N
tt12955158	1	nm1655836	actress	\N	["Sonia Malhotra"]
tt12955158	2	nm2181262	actress	\N	["Meena"]
tt12955158	3	nm11576403	actor	\N	["Mr. Bansal"]
tt12955158	4	nm1191268	actor	\N	["Diwakar"]
tt12955158	5	nm12246378	actor	\N	["Aman Verma"]
tt12955160	1	nm2013463	self	\N	["Self - Host"]
tt12955160	2	nm1154632	composer	\N	\N
tt12955162	1	nm2013463	self	\N	["Self - Host"]
tt12955162	2	nm1154632	composer	\N	\N
tt12955164	1	nm2013463	self	\N	["Self - Host"]
tt12955164	2	nm1154632	composer	\N	\N
tt12955166	1	nm0061849	actress	\N	["Lorie Brooks"]
tt12955168	1	nm2013463	self	\N	["Self - Host"]
tt12955168	2	nm1154632	composer	\N	\N
tt12955170	1	nm2013463	self	\N	["Self - Host"]
tt12955170	2	nm1154632	composer	\N	\N
tt12955172	1	nm2013463	self	\N	["Self - Host"]
tt12955172	2	nm1154632	composer	\N	\N
tt12955174	1	nm1655836	actress	\N	["Sonia Malhotra"]
tt12955174	2	nm2181262	actress	\N	["Meena"]
tt12955174	3	nm1191268	actor	\N	["Diwakar"]
tt12955174	4	nm12246378	actor	\N	["Aman Verma"]
tt12955176	1	nm2013463	self	\N	["Self - Host"]
tt12955176	2	nm1154632	composer	\N	\N
tt12955178	1	nm0061849	actress	\N	["Lorie Brooks"]
tt12955180	1	nm2013463	self	\N	["Self - Host"]
tt12955180	2	nm1154632	composer	\N	\N
tt12955182	1	nm2013463	self	\N	["Self - Host"]
tt12955182	2	nm1154632	composer	\N	\N
tt12955184	1	nm2013463	self	\N	["Self - Host"]
tt12955184	2	nm1154632	composer	\N	\N
tt12955188	1	nm2013463	self	\N	["Self - Host"]
tt12955188	2	nm1154632	composer	\N	\N
tt12955190	1	nm2013463	self	\N	["Self - Host"]
tt12955190	2	nm1154632	composer	\N	\N
tt12955192	1	nm2013463	self	\N	["Self - Host"]
tt12955192	2	nm1154632	composer	\N	\N
tt12955194	1	nm2013463	self	\N	["Self - Host"]
tt12955194	2	nm1154632	composer	\N	\N
tt12955196	1	nm0080426	actor	\N	["Bali"]
tt12955196	2	nm1655836	actress	\N	["Sonia Malhotra"]
tt12955196	3	nm1191268	actor	\N	["Diwakar"]
tt12955196	4	nm12246378	actor	\N	["Aman Verma"]
tt12955198	1	nm0061849	actress	\N	["Lorie Brooks"]
tt12955200	1	nm7094029	director	\N	\N
tt12955200	2	nm5510607	director	\N	\N
tt12955202	1	nm2013463	self	\N	["Self - Host"]
tt12955202	2	nm1154632	composer	\N	\N
tt12955204	1	nm2013463	self	\N	["Self - Host"]
tt12955204	2	nm1154632	composer	\N	\N
tt12955206	1	nm2013463	self	\N	["Self - Host"]
tt12955206	2	nm1154632	composer	\N	\N
tt12955208	1	nm2013463	self	\N	["Self - Host"]
tt12955208	2	nm1154632	composer	\N	\N
tt12955210	1	nm0061849	actress	\N	["Lorie Brooks"]
tt12955212	1	nm2013463	self	\N	["Self - Host"]
tt12955212	2	nm1154632	composer	\N	\N
tt12955214	1	nm2013463	self	\N	["Self - Host"]
tt12955214	2	nm1154632	composer	\N	\N
tt12955216	1	nm2013463	self	\N	["Self - Host"]
tt12955216	2	nm1154632	composer	\N	\N
tt12955218	1	nm2013463	self	\N	["Self - Host"]
tt12955218	2	nm1154632	composer	\N	\N
tt12955222	1	nm2013463	self	\N	["Self - Host"]
tt12955222	2	nm1154632	composer	\N	\N
tt12955224	1	nm2013463	self	\N	["Self - Host"]
tt12955224	2	nm1154632	composer	\N	\N
tt12955226	1	nm0061849	actress	\N	["Lorie Brooks"]
tt12955228	1	nm0080426	actor	\N	["Bali"]
tt12955228	2	nm1655836	actress	\N	["Sonia Malhotra"]
tt12955228	3	nm1191268	actor	\N	["Diwakar"]
tt12955228	4	nm12246378	actor	\N	["Aman Verma"]
tt12955230	1	nm2013463	self	\N	["Self - Host"]
tt12955230	2	nm1154632	composer	\N	\N
tt12955232	1	nm2013463	self	\N	["Self - Host"]
tt12955232	2	nm1154632	composer	\N	\N
tt12955236	10	nm1578786	editor	\N	\N
tt12955236	1	nm2929316	actress	\N	["Lector"]
tt12955236	2	nm7271012	actress	\N	["Nurse Ewa Dabrowska"]
tt12955236	3	nm1699325	actress	\N	["Malgosia Paprocka"]
tt12955236	4	nm7617028	actress	\N	\N
tt12955236	5	nm4739321	director	\N	\N
tt12955236	6	nm4289761	writer	screenplay	\N
tt12955236	7	nm11071655	writer	supervising writer	\N
tt12955236	8	nm2793271	producer	producer	\N
tt12955236	9	nm3384399	cinematographer	\N	\N
tt12955238	1	nm0061849	actress	\N	["Lorie Brooks"]
tt12955242	1	nm2013463	self	\N	["Self - Host"]
tt12955242	2	nm1154632	composer	\N	\N
tt12955246	1	nm3256872	actor	\N	["Gurudev"]
tt12955246	2	nm12246378	actor	\N	["A.C.P. Roop Singh Rathore"]
tt12955250	1	nm2013463	self	\N	["Self - Host"]
tt12955250	2	nm1154632	composer	\N	\N
tt12955252	1	nm0061849	actress	\N	["Lorie Brooks"]
tt12955254	1	nm2013463	self	\N	["Self - Host"]
tt12955254	2	nm1154632	composer	\N	\N
tt12955256	1	nm2013463	self	\N	["Self - Host"]
tt12955256	2	nm1154632	composer	\N	\N
tt12955260	1	nm2013463	self	\N	["Self - Host"]
tt12955260	2	nm1154632	composer	\N	\N
tt12955262	1	nm2013463	self	\N	["Self - Host"]
tt12955262	2	nm1154632	composer	\N	\N
tt12955264	1	nm2013463	self	\N	["Self - Host"]
tt12955264	2	nm1154632	composer	\N	\N
tt12955266	1	nm2013463	self	\N	["Self - Host"]
tt12955266	2	nm1154632	composer	\N	\N
tt12955268	1	nm2013463	self	\N	["Self - Host"]
tt12955268	2	nm1154632	composer	\N	\N
tt12955272	1	nm2013463	self	\N	["Self - Host"]
tt12955272	2	nm1154632	composer	\N	\N
tt12955274	1	nm0061849	actress	\N	["Lorie Brooks"]
tt12955276	1	nm4470660	actress	\N	["Sonali"]
tt12955276	2	nm3256872	actor	\N	["Gurudev"]
tt12955276	3	nm12246378	actor	\N	["A.C.P. Roop Singh Rathore"]
tt12955278	1	nm2013463	self	\N	["Self - Host"]
tt12955278	2	nm1154632	composer	\N	\N
tt12955280	1	nm2013463	self	\N	["Self - Host"]
tt12955280	2	nm1154632	composer	\N	\N
tt12955282	1	nm2013463	self	\N	["Self - Host"]
tt12955282	2	nm1154632	composer	\N	\N
tt12955284	1	nm0061849	actress	\N	["Lorie Brooks"]
tt12955286	1	nm2013463	self	\N	["Self - Host"]
tt12955286	2	nm1154632	composer	\N	\N
tt12955288	1	nm2013463	self	\N	["Self - Host"]
tt12955288	2	nm1154632	composer	\N	\N
tt12955290	1	nm9981596	self	\N	["Self"]
tt12955290	2	nm9981601	self	\N	["Self"]
tt12955290	3	nm10354627	self	\N	["Self"]
tt12955290	4	nm12046360	actor	\N	["Soldier"]
tt12955292	1	nm2013463	self	\N	["Self - Host"]
tt12955292	2	nm1154632	composer	\N	\N
tt12955294	1	nm2013463	self	\N	["Self - Host"]
tt12955294	2	nm1154632	composer	\N	\N
tt12955296	1	nm2013463	self	\N	["Self - Host"]
tt12955296	2	nm1154632	composer	\N	\N
tt12955298	1	nm2013463	self	\N	["Self - Host"]
tt12955298	2	nm1154632	composer	\N	\N
tt12955300	1	nm0061849	actress	\N	["Lorie Brooks"]
tt12955302	1	nm3491201	self	\N	["Self"]
tt12955302	2	nm8075632	actress	\N	\N
tt12955302	3	nm2147844	actor	\N	\N
tt12955302	4	nm8965287	director	\N	\N
tt12955302	5	nm11838828	producer	producer	\N
tt12955302	6	nm2454064	editor	\N	\N
tt12955304	1	nm2013463	self	\N	["Self - Host"]
tt12955304	2	nm1154632	composer	\N	\N
tt12955306	1	nm4470660	actress	\N	["Sonali"]
tt12955306	2	nm12246378	actor	\N	["A.C.P. Roop Singh Rathore"]
tt12955308	1	nm2013463	self	\N	["Self - Host"]
tt12955308	2	nm1154632	composer	\N	\N
tt12955310	1	nm2013463	self	\N	["Self - Host"]
tt12955310	2	nm1154632	composer	\N	\N
tt12955312	1	nm2013463	self	\N	["Self - Host"]
tt12955312	2	nm1154632	composer	\N	\N
tt12955314	1	nm0061849	actress	\N	["Lorie Brooks"]
tt12955316	1	nm2013463	self	\N	["Self - Host"]
tt12955316	2	nm1154632	composer	\N	\N
tt12955318	1	nm2013463	self	\N	["Self - Host"]
tt12955318	2	nm1154632	composer	\N	\N
tt12955320	1	nm2013463	self	\N	["Self - Host"]
tt12955320	2	nm1154632	composer	\N	\N
tt12955322	1	nm0061849	actress	\N	["Lorie Brooks"]
tt12955324	1	nm2013463	self	\N	["Self - Host"]
tt12955324	2	nm1154632	composer	\N	\N
tt12955326	1	nm4470660	actress	\N	["Sonali"]
tt12955326	2	nm12246378	actor	\N	["A.C.P. Roop Singh Rathore"]
tt12955328	1	nm2013463	self	\N	["Self - Host"]
tt12955328	2	nm1154632	composer	\N	\N
tt12955330	1	nm2013463	self	\N	["Self - Host"]
tt12955330	2	nm1154632	composer	\N	\N
tt12955332	1	nm0061849	actress	\N	["Lorie Brooks"]
tt12955334	1	nm2013463	self	\N	["Self - Host"]
tt12955334	2	nm1154632	composer	\N	\N
tt12955336	1	nm2013463	self	\N	["Self - Host"]
tt12955336	2	nm1154632	composer	\N	\N
tt12955338	1	nm2013463	self	\N	["Self - Host"]
tt12955338	2	nm1154632	composer	\N	\N
tt12955340	1	nm2013463	self	\N	["Self - Host"]
tt12955340	2	nm1154632	composer	\N	\N
tt12955344	1	nm2013463	self	\N	["Self - Host"]
tt12955344	2	nm1154632	composer	\N	\N
tt12955346	1	nm9981601	self	\N	["Self"]
tt12955346	2	nm10354626	self	\N	["Self"]
tt12955346	3	nm10354627	self	\N	["Self"]
tt12955346	4	nm9981596	self	\N	["Self"]
tt12955346	5	nm10281958	editor	\N	\N
tt12955348	1	nm12246378	actor	\N	["A.C.P. Roop Singh Rathore"]
tt12955350	1	nm2013463	self	\N	["Self - Host"]
tt12955350	2	nm1154632	composer	\N	\N
tt12955352	1	nm0061849	actress	\N	["Lorie Brooks"]
tt12955354	1	nm2013463	self	\N	["Self - Host"]
tt12955354	2	nm1154632	composer	\N	\N
tt12955356	1	nm2013463	self	\N	["Self - Host"]
tt12955356	2	nm1154632	composer	\N	\N
tt12955358	1	nm0061849	actress	\N	["Lorie Brooks"]
tt12955360	1	nm2013463	self	\N	["Self - Host"]
tt12955360	2	nm1154632	composer	\N	\N
tt12955364	1	nm2013463	self	\N	["Self - Host"]
tt12955364	2	nm1154632	composer	\N	\N
tt12955368	1	nm2013463	self	\N	["Self - Host"]
tt12955368	2	nm1154632	composer	\N	\N
tt12955370	1	nm0061849	actress	\N	["Lorie Brooks"]
tt12955374	1	nm0061849	actress	\N	["Lorie Brooks"]
tt12955378	1	nm0061849	actress	\N	["Lorie Brooks"]
tt12955386	1	nm0061849	actress	\N	["Lorie Brooks"]
tt12955390	1	nm0061849	actress	\N	["Lorie Brooks"]
tt12955392	1	nm0061849	actress	\N	["Lorie Brooks"]
tt12955394	10	nm9444493	editor	\N	\N
tt12955394	1	nm2151247	actor	\N	\N
tt12955394	2	nm1269796	actor	\N	\N
tt12955394	3	nm0798473	actor	\N	\N
tt12955394	4	nm9408048	actor	\N	["Chinthaka Amarasinghe"]
tt12955394	5	nm5676462	director	\N	\N
tt12955394	6	nm9444490	producer	producer	\N
tt12955394	7	nm9444491	producer	producer	\N
tt12955394	8	nm9444460	cinematographer	\N	\N
tt12955394	9	nm4238403	editor	\N	\N
tt12955396	10	nm9444493	editor	\N	\N
tt12955396	1	nm2151247	actor	\N	\N
tt12955396	2	nm1269796	actor	\N	\N
tt12955396	3	nm0798473	actor	\N	\N
tt12955396	4	nm9408048	actor	\N	["Chinthaka Amarasinghe"]
tt12955396	5	nm5676462	director	\N	\N
tt12955396	6	nm9444490	producer	producer	\N
tt12955396	7	nm9444491	producer	producer	\N
tt12955396	8	nm9444460	cinematographer	\N	\N
tt12955396	9	nm4238403	editor	\N	\N
tt12955398	10	nm9444493	editor	\N	\N
tt12955398	1	nm2151247	actor	\N	\N
tt12955398	2	nm1269796	actor	\N	\N
tt12955398	3	nm0798473	actor	\N	\N
tt12955398	4	nm9408048	actor	\N	["Chinthaka Amarasinghe"]
tt12955398	5	nm5676462	director	\N	\N
tt12955398	6	nm9444490	producer	producer	\N
tt12955398	7	nm9444491	producer	producer	\N
tt12955398	8	nm9444460	cinematographer	\N	\N
tt12955398	9	nm4238403	editor	\N	\N
tt12955400	10	nm9444493	editor	\N	\N
tt12955400	1	nm2151247	actor	\N	\N
tt12955400	2	nm1269796	actor	\N	\N
tt12955400	3	nm0798473	actor	\N	\N
tt12955400	4	nm9408048	actor	\N	["Chinthaka Amarasinghe"]
tt12955400	5	nm5676462	director	\N	\N
tt12955400	6	nm9444490	producer	producer	\N
tt12955400	7	nm9444491	producer	producer	\N
tt12955400	8	nm9444460	cinematographer	\N	\N
tt12955400	9	nm4238403	editor	\N	\N
tt12955402	1	nm9981601	self	\N	["Self"]
tt12955402	2	nm10354626	self	\N	["Self"]
tt12955402	3	nm10354627	self	\N	["Self"]
tt12955402	4	nm9981596	self	\N	["Self"]
tt12955402	5	nm10693441	editor	\N	\N
tt12955404	1	nm0061849	actress	\N	["Lorie Brooks"]
tt12955406	10	nm9444493	editor	\N	\N
tt12955406	1	nm2151247	actor	\N	\N
tt12955406	2	nm1269796	actor	\N	\N
tt12955406	3	nm0798473	actor	\N	\N
tt12955406	4	nm9408048	actor	\N	["Chinthaka Amarasinghe"]
tt12955406	5	nm5676462	director	\N	\N
tt12955406	6	nm9444490	producer	producer	\N
tt12955406	7	nm9444491	producer	producer	\N
tt12955406	8	nm9444460	cinematographer	\N	\N
tt12955406	9	nm4238403	editor	\N	\N
tt12955408	10	nm9444493	editor	\N	\N
tt12955408	1	nm2151247	actor	\N	\N
tt12955408	2	nm1269796	actor	\N	\N
tt12955408	3	nm0798473	actor	\N	\N
tt12955408	4	nm9408048	actor	\N	["Chinthaka Amarasinghe"]
tt12955408	5	nm5676462	director	\N	\N
tt12955408	6	nm9444490	producer	producer	\N
tt12955408	7	nm9444491	producer	producer	\N
tt12955408	8	nm9444460	cinematographer	\N	\N
tt12955408	9	nm4238403	editor	\N	\N
tt12955410	10	nm9444493	editor	\N	\N
tt12955410	1	nm2151247	actor	\N	\N
tt12955410	2	nm1269796	actor	\N	\N
tt12955410	3	nm0798473	actor	\N	\N
tt12955410	4	nm9408048	actor	\N	["Chinthaka Amarasinghe"]
tt12955410	5	nm5676462	director	\N	\N
tt12955410	6	nm9444490	producer	producer	\N
tt12955410	7	nm9444491	producer	producer	\N
tt12955410	8	nm9444460	cinematographer	\N	\N
tt12955410	9	nm4238403	editor	\N	\N
tt12955412	10	nm2900948	self	\N	["Self"]
tt12955412	1	nm1748822	self	\N	["Self - Host"]
tt12955412	2	nm1864104	self	\N	["Self - Host"]
tt12955412	3	nm5339999	self	\N	["Self - Host"]
tt12955412	4	nm1902700	self	\N	["Self","Self - Guest"]
tt12955412	5	nm2055467	self	\N	["Self","Self - Guest"]
tt12955412	6	nm1642639	self	\N	["Self"]
tt12955412	7	nm2813912	self	\N	["Self"]
tt12955412	8	nm0882108	self	\N	["Self","Self - Guest"]
tt12955412	9	nm1860451	self	\N	["Self"]
tt12955414	10	nm9444493	editor	\N	\N
tt12955414	1	nm2151247	actor	\N	\N
tt12955414	2	nm1269796	actor	\N	\N
tt12955414	3	nm0798473	actor	\N	\N
tt12955414	4	nm9408048	actor	\N	["Chinthaka Amarasinghe"]
tt12955414	5	nm5676462	director	\N	\N
tt12955414	6	nm9444490	producer	producer	\N
tt12955414	7	nm9444491	producer	producer	\N
tt12955414	8	nm9444460	cinematographer	\N	\N
tt12955414	9	nm4238403	editor	\N	\N
tt12955416	1	nm0061849	actress	\N	["Lorie Brooks"]
tt12955422	1	nm9981601	self	\N	["Self"]
tt12955422	2	nm10354626	self	\N	["Self"]
tt12955422	3	nm10354627	self	\N	["Self"]
tt12955422	4	nm9981596	self	\N	["Self"]
tt12955422	5	nm10825814	editor	\N	\N
tt12955424	10	nm3384399	cinematographer	\N	\N
tt12955424	1	nm2929316	actress	\N	["Lector"]
tt12955424	2	nm1699325	actress	\N	["Malgosia Paprocka"]
tt12955424	3	nm9710541	actress	\N	\N
tt12955424	4	nm11838837	actor	\N	\N
tt12955424	5	nm4739321	director	\N	\N
tt12955424	6	nm6900456	writer	screenplay	\N
tt12955424	7	nm8152595	writer	screenplay	\N
tt12955424	8	nm11071655	writer	supervising writer	\N
tt12955424	9	nm2793271	producer	producer	\N
tt12955426	1	nm0061849	actress	\N	["Lorie Brooks"]
tt12955428	10	nm9444493	editor	\N	\N
tt12955428	1	nm2151247	actor	\N	\N
tt12955428	2	nm1269796	actor	\N	\N
tt12955428	3	nm0798473	actor	\N	\N
tt12955428	4	nm9408048	actor	\N	["Chinthaka Amarasinghe"]
tt12955428	5	nm5676462	director	\N	\N
tt12955428	6	nm9444490	producer	producer	\N
tt12955428	7	nm9444491	producer	producer	\N
tt12955428	8	nm9444460	cinematographer	\N	\N
tt12955428	9	nm4238403	editor	\N	\N
tt12955430	10	nm9444493	editor	\N	\N
tt12955430	1	nm2151247	actor	\N	\N
tt12955430	2	nm1269796	actor	\N	\N
tt12955430	3	nm0798473	actor	\N	\N
tt12955430	4	nm9408048	actor	\N	["Chinthaka Amarasinghe"]
tt12955430	5	nm5676462	director	\N	\N
tt12955430	6	nm9444490	producer	producer	\N
tt12955430	7	nm9444491	producer	producer	\N
tt12955430	8	nm9444460	cinematographer	\N	\N
tt12955430	9	nm4238403	editor	\N	\N
tt12955432	10	nm9444493	editor	\N	\N
tt12955432	1	nm2151247	actor	\N	\N
tt12955432	2	nm1269796	actor	\N	\N
tt12955432	3	nm0798473	actor	\N	\N
tt12955432	4	nm9408048	actor	\N	["Chinthaka Amarasinghe"]
tt12955432	5	nm5676462	director	\N	\N
tt12955432	6	nm9444490	producer	producer	\N
tt12955432	7	nm9444491	producer	producer	\N
tt12955432	8	nm9444460	cinematographer	\N	\N
tt12955432	9	nm4238403	editor	\N	\N
tt12955434	1	nm0061849	actress	\N	["Lorie Brooks"]
tt12955436	10	nm9444493	editor	\N	\N
tt12955436	1	nm2151247	actor	\N	\N
tt12955436	2	nm1269796	actor	\N	\N
tt12955436	3	nm0798473	actor	\N	\N
tt12955436	4	nm9408048	actor	\N	["Chinthaka Amarasinghe"]
tt12955436	5	nm5676462	director	\N	\N
tt12955436	6	nm9444490	producer	producer	\N
tt12955436	7	nm9444491	producer	producer	\N
tt12955436	8	nm9444460	cinematographer	\N	\N
tt12955436	9	nm4238403	editor	\N	\N
tt12955438	10	nm9444493	editor	\N	\N
tt12955438	1	nm2151247	actor	\N	\N
tt12955438	2	nm1269796	actor	\N	\N
tt12955438	3	nm0798473	actor	\N	\N
tt12955438	4	nm9408048	actor	\N	["Chinthaka Amarasinghe"]
tt12955438	5	nm5676462	director	\N	\N
tt12955438	6	nm9444490	producer	producer	\N
tt12955438	7	nm9444491	producer	producer	\N
tt12955438	8	nm9444460	cinematographer	\N	\N
tt12955438	9	nm4238403	editor	\N	\N
tt12955440	10	nm9444493	editor	\N	\N
tt12955440	1	nm2151247	actor	\N	\N
tt12955440	2	nm1269796	actor	\N	\N
tt12955440	3	nm0798473	actor	\N	\N
tt12955440	4	nm9408048	actor	\N	["Chinthaka Amarasinghe"]
tt12955440	5	nm5676462	director	\N	\N
tt12955440	6	nm9444490	producer	producer	\N
tt12955440	7	nm9444491	producer	producer	\N
tt12955440	8	nm9444460	cinematographer	\N	\N
tt12955440	9	nm4238403	editor	\N	\N
tt12955442	1	nm0061849	actress	\N	["Lorie Brooks"]
tt12955444	10	nm9444493	editor	\N	\N
tt12955444	1	nm2151247	actor	\N	\N
tt12955444	2	nm1269796	actor	\N	\N
tt12955444	3	nm0798473	actor	\N	\N
tt12955444	4	nm9408048	actor	\N	["Chinthaka Amarasinghe"]
tt12955444	5	nm5676462	director	\N	\N
tt12955444	6	nm9444490	producer	producer	\N
tt12955444	7	nm9444491	producer	producer	\N
tt12955444	8	nm9444460	cinematographer	\N	\N
tt12955444	9	nm4238403	editor	\N	\N
tt12955446	10	nm9444493	editor	\N	\N
tt12955446	1	nm2151247	actor	\N	\N
tt12955446	2	nm1269796	actor	\N	\N
tt12955446	3	nm0798473	actor	\N	\N
tt12955446	4	nm9408048	actor	\N	["Chinthaka Amarasinghe"]
tt12955446	5	nm5676462	director	\N	\N
tt12955446	6	nm9444490	producer	producer	\N
tt12955446	7	nm9444491	producer	producer	\N
tt12955446	8	nm9444460	cinematographer	\N	\N
tt12955446	9	nm4238403	editor	\N	\N
tt12955448	10	nm9444493	editor	\N	\N
tt12955448	1	nm2151247	actor	\N	\N
tt12955448	2	nm1269796	actor	\N	\N
tt12955448	3	nm0798473	actor	\N	\N
tt12955448	4	nm9408048	actor	\N	["Chinthaka Amarasinghe"]
tt12955448	5	nm5676462	director	\N	\N
tt12955448	6	nm9444490	producer	producer	\N
tt12955448	7	nm9444491	producer	producer	\N
tt12955448	8	nm9444460	cinematographer	\N	\N
tt12955448	9	nm4238403	editor	\N	\N
tt12955450	10	nm9444493	editor	\N	\N
tt12955450	1	nm2151247	actor	\N	\N
tt12955450	2	nm1269796	actor	\N	\N
tt12955450	3	nm0798473	actor	\N	\N
tt12955450	4	nm9408048	actor	\N	["Chinthaka Amarasinghe"]
tt12955450	5	nm5676462	director	\N	\N
tt12955450	6	nm9444490	producer	producer	\N
tt12955450	7	nm9444491	producer	producer	\N
tt12955450	8	nm9444460	cinematographer	\N	\N
tt12955450	9	nm4238403	editor	\N	\N
tt12955452	1	nm0061849	actress	\N	["Lorie Brooks"]
tt12955454	10	nm9444493	editor	\N	\N
tt12955454	1	nm2151247	actor	\N	\N
tt12955454	2	nm1269796	actor	\N	\N
tt12955454	3	nm0798473	actor	\N	\N
tt12955454	4	nm9408048	actor	\N	["Chinthaka Amarasinghe"]
tt12955454	5	nm5676462	director	\N	\N
tt12955454	6	nm9444490	producer	producer	\N
tt12955454	7	nm9444491	producer	producer	\N
tt12955454	8	nm9444460	cinematographer	\N	\N
tt12955454	9	nm4238403	editor	\N	\N
tt12955456	10	nm9444493	editor	\N	\N
tt12955456	1	nm2151247	actor	\N	\N
tt12955456	2	nm1269796	actor	\N	\N
tt12955456	3	nm0798473	actor	\N	\N
tt12955456	4	nm9408048	actor	\N	["Chinthaka Amarasinghe"]
tt12955456	5	nm5676462	director	\N	\N
tt12955456	6	nm9444490	producer	producer	\N
tt12955456	7	nm9444491	producer	producer	\N
tt12955456	8	nm9444460	cinematographer	\N	\N
tt12955456	9	nm4238403	editor	\N	\N
tt12955458	1	nm10712503	self	\N	["Self"]
tt12955458	2	nm10354627	self	\N	["Self"]
tt12955458	3	nm10693441	editor	\N	\N
tt12955462	1	nm0061849	actress	\N	["Lorie Brooks"]
tt12955464	1	nm11838838	director	\N	\N
tt12955466	10	nm11502048	cinematographer	\N	\N
tt12955466	1	nm5893456	actress	\N	\N
tt12955466	2	nm0720763	actress	\N	\N
tt12955466	3	nm11512385	actress	\N	\N
tt12955466	4	nm1488730	actor	\N	\N
tt12955466	5	nm11512384	director	\N	\N
tt12955466	6	nm11512387	writer	\N	\N
tt12955466	7	nm11257659	writer	\N	\N
tt12955466	8	nm11482207	producer	producer	\N
tt12955466	9	nm11512388	cinematographer	\N	\N
tt12955468	1	nm0061849	actress	\N	["Lorie Brooks"]
tt12955470	10	nm11482205	writer	\N	\N
tt12955470	1	nm5893456	actress	\N	\N
tt12955470	2	nm0720763	actress	\N	\N
tt12955470	3	nm11512385	actress	\N	\N
tt12955470	4	nm1488730	actor	\N	\N
tt12955470	5	nm11512384	director	\N	\N
tt12955470	6	nm11512387	writer	\N	\N
tt12955470	7	nm13248421	writer	\N	\N
tt12955470	8	nm13248422	writer	\N	\N
tt12955470	9	nm13248423	writer	\N	\N
tt12955474	10	nm11502048	cinematographer	\N	\N
tt12955474	1	nm5893456	actress	\N	\N
tt12955474	2	nm0720763	actress	\N	\N
tt12955474	3	nm11512385	actress	\N	\N
tt12955474	4	nm1488730	actor	\N	\N
tt12955474	5	nm11512384	director	\N	\N
tt12955474	6	nm11512387	writer	\N	\N
tt12955474	7	nm11257659	writer	\N	\N
tt12955474	8	nm11482207	producer	producer	\N
tt12955474	9	nm11512388	cinematographer	\N	\N
tt12955476	1	nm6993628	director	\N	\N
tt12955476	2	nm8720023	producer	producer	\N
tt12955476	3	nm7112514	cinematographer	\N	\N
tt12955476	4	nm6526218	editor	\N	\N
tt12955478	1	nm0061849	actress	\N	["Lorie Brooks"]
tt12955480	10	nm11502048	cinematographer	\N	\N
tt12955480	1	nm5893456	actress	\N	\N
tt12955480	2	nm0720763	actress	\N	\N
tt12955480	3	nm11512385	actress	\N	\N
tt12955480	4	nm1488730	actor	\N	\N
tt12955480	5	nm11512384	director	\N	\N
tt12955480	6	nm11512387	writer	\N	\N
tt12955480	7	nm11257659	writer	\N	\N
tt12955480	8	nm11482207	producer	producer	\N
tt12955480	9	nm11512388	cinematographer	\N	\N
tt12955482	10	nm13248423	writer	\N	\N
tt12955482	1	nm5893456	actress	\N	\N
tt12955482	2	nm0720763	actress	\N	\N
tt12955482	3	nm11512385	actress	\N	\N
tt12955482	4	nm1488730	actor	\N	\N
tt12955482	5	nm11057879	director	\N	\N
tt12955482	6	nm11512384	director	\N	\N
tt12955482	7	nm11512387	writer	\N	\N
tt12955482	8	nm13248421	writer	\N	\N
tt12955482	9	nm13248422	writer	\N	\N
tt12955484	1	nm0061849	actress	\N	["Lorie Brooks"]
tt12955486	1	nm9981601	self	\N	["Self"]
tt12955486	2	nm9981596	self	\N	["Self"]
tt12955486	3	nm10887195	editor	\N	\N
tt12955490	10	nm11482205	writer	\N	\N
tt12955490	1	nm5893456	actress	\N	\N
tt12955490	2	nm0720763	actress	\N	\N
tt12955490	3	nm11512385	actress	\N	\N
tt12955490	4	nm1488730	actor	\N	\N
tt12955490	5	nm11057879	director	\N	\N
tt12955490	6	nm11512387	writer	\N	\N
tt12955490	7	nm13248421	writer	\N	\N
tt12955490	8	nm13248422	writer	\N	\N
tt12955490	9	nm13248423	writer	\N	\N
tt12955492	1	nm0061849	actress	\N	["Lorie Brooks"]
tt12955494	10	nm11482205	writer	\N	\N
tt12955494	1	nm5893456	actress	\N	\N
tt12955494	2	nm0720763	actress	\N	\N
tt12955494	3	nm11512385	actress	\N	\N
tt12955494	4	nm1488730	actor	\N	\N
tt12955494	5	nm11057879	director	\N	\N
tt12955494	6	nm11512387	writer	\N	\N
tt12955494	7	nm13248421	writer	\N	\N
tt12955494	8	nm13248422	writer	\N	\N
tt12955494	9	nm13248423	writer	\N	\N
tt12955496	10	nm11502048	cinematographer	\N	\N
tt12955496	1	nm5893456	actress	\N	\N
tt12955496	2	nm0720763	actress	\N	\N
tt12955496	3	nm11512385	actress	\N	\N
tt12955496	4	nm1488730	actor	\N	\N
tt12955496	5	nm11057879	director	\N	\N
tt12955496	6	nm11512387	writer	\N	\N
tt12955496	7	nm11257659	writer	\N	\N
tt12955496	8	nm11482207	producer	producer	\N
tt12955496	9	nm11512388	cinematographer	\N	\N
tt12955498	10	nm11502048	cinematographer	\N	\N
tt12955498	1	nm5893456	actress	\N	\N
tt12955498	2	nm0720763	actress	\N	\N
tt12955498	3	nm11512385	actress	\N	\N
tt12955498	4	nm1488730	actor	\N	\N
tt12955498	5	nm11057879	director	\N	\N
tt12955498	6	nm11512387	writer	\N	\N
tt12955498	7	nm11257659	writer	\N	\N
tt12955498	8	nm11482207	producer	producer	\N
tt12955498	9	nm11512388	cinematographer	\N	\N
tt12955500	10	nm11482205	writer	\N	\N
tt12955500	1	nm5893456	actress	\N	\N
tt12955500	2	nm0720763	actress	\N	\N
tt12955500	3	nm11512385	actress	\N	\N
tt12955500	4	nm1488730	actor	\N	\N
tt12955500	5	nm11057879	director	\N	\N
tt12955500	6	nm11512387	writer	\N	\N
tt12955500	7	nm13248421	writer	\N	\N
tt12955500	8	nm13248422	writer	\N	\N
tt12955500	9	nm13248423	writer	\N	\N
tt12955502	10	nm11482205	writer	\N	\N
tt12955502	1	nm5893456	actress	\N	\N
tt12955502	2	nm0720763	actress	\N	\N
tt12955502	3	nm11512385	actress	\N	\N
tt12955502	4	nm1488730	actor	\N	\N
tt12955502	5	nm11057879	director	\N	\N
tt12955502	6	nm11512387	writer	\N	\N
tt12955502	7	nm13248421	writer	\N	\N
tt12955502	8	nm13248422	writer	\N	\N
tt12955502	9	nm13248423	writer	\N	\N
tt12955504	1	nm0061849	actress	\N	["Lorie Brooks"]
tt12955506	10	nm11482205	writer	\N	\N
tt12955506	1	nm5893456	actress	\N	\N
tt12955506	2	nm0720763	actress	\N	\N
tt12955506	3	nm11512385	actress	\N	\N
tt12955506	4	nm1488730	actor	\N	\N
tt12955506	5	nm11057879	director	\N	\N
tt12955506	6	nm11512387	writer	\N	\N
tt12955506	7	nm13248421	writer	\N	\N
tt12955506	8	nm13248422	writer	\N	\N
tt12955506	9	nm13248423	writer	\N	\N
tt12955508	1	nm0061849	actress	\N	["Lorie Brooks"]
tt12955510	10	nm11502048	cinematographer	\N	\N
tt12955510	1	nm5893456	actress	\N	\N
tt12955510	2	nm0720763	actress	\N	\N
tt12955510	3	nm11512385	actress	\N	\N
tt12955510	4	nm1488730	actor	\N	\N
tt12955510	5	nm11057879	director	\N	\N
tt12955510	6	nm11512387	writer	\N	\N
tt12955510	7	nm11257659	writer	\N	\N
tt12955510	8	nm11482207	producer	producer	\N
tt12955510	9	nm11512388	cinematographer	\N	\N
tt12955512	10	nm11482205	writer	\N	\N
tt12955512	1	nm5893456	actress	\N	\N
tt12955512	2	nm0720763	actress	\N	\N
tt12955512	3	nm11512385	actress	\N	\N
tt12955512	4	nm1488730	actor	\N	\N
tt12955512	5	nm11057879	director	\N	\N
tt12955512	6	nm11512387	writer	\N	\N
tt12955512	7	nm13248421	writer	\N	\N
tt12955512	8	nm13248422	writer	\N	\N
tt12955512	9	nm13248423	writer	\N	\N
tt12955514	10	nm11482205	writer	\N	\N
tt12955514	1	nm5893456	actress	\N	\N
tt12955514	2	nm0720763	actress	\N	\N
tt12955514	3	nm11512385	actress	\N	\N
tt12955514	4	nm1488730	actor	\N	\N
tt12955514	5	nm11057879	director	\N	\N
tt12955514	6	nm11512387	writer	\N	\N
tt12955514	7	nm13248421	writer	\N	\N
tt12955514	8	nm13248422	writer	\N	\N
tt12955514	9	nm13248423	writer	\N	\N
tt12955516	10	nm11502048	cinematographer	\N	\N
tt12955516	1	nm5893456	actress	\N	\N
tt12955516	2	nm0720763	actress	\N	\N
tt12955516	3	nm11512385	actress	\N	\N
tt12955516	4	nm1488730	actor	\N	\N
tt12955516	5	nm11057879	director	\N	\N
tt12955516	6	nm11512387	writer	\N	\N
tt12955516	7	nm11257659	writer	\N	\N
tt12955516	8	nm11482207	producer	producer	\N
tt12955516	9	nm11512388	cinematographer	\N	\N
tt12955518	10	nm11482205	writer	\N	\N
tt12955518	1	nm5893456	actress	\N	\N
tt12955518	2	nm0720763	actress	\N	\N
tt12955518	3	nm11512385	actress	\N	\N
tt12955518	4	nm1488730	actor	\N	\N
tt12955518	5	nm11057879	director	\N	\N
tt12955518	6	nm11512387	writer	\N	\N
tt12955518	7	nm13248421	writer	\N	\N
tt12955518	8	nm13248422	writer	\N	\N
tt12955518	9	nm13248423	writer	\N	\N
tt12955520	10	nm11482205	writer	\N	\N
tt12955520	1	nm5893456	actress	\N	\N
tt12955520	2	nm0720763	actress	\N	\N
tt12955520	3	nm11512385	actress	\N	\N
tt12955520	4	nm1488730	actor	\N	\N
tt12955520	5	nm11057879	director	\N	\N
tt12955520	6	nm11512387	writer	\N	\N
tt12955520	7	nm13248421	writer	\N	\N
tt12955520	8	nm13248422	writer	\N	\N
tt12955520	9	nm13248423	writer	\N	\N
tt12955524	10	nm11482205	writer	\N	\N
tt12955524	1	nm5893456	actress	\N	\N
tt12955524	2	nm0720763	actress	\N	\N
tt12955524	3	nm11512385	actress	\N	\N
tt12955524	4	nm1488730	actor	\N	\N
tt12955524	5	nm11057879	director	\N	\N
tt12955524	6	nm11512387	writer	\N	\N
tt12955524	7	nm13248421	writer	\N	\N
tt12955524	8	nm13248422	writer	\N	\N
tt12955524	9	nm13248423	writer	\N	\N
tt12955528	10	nm11482205	writer	\N	\N
tt12955528	1	nm5893456	actress	\N	\N
tt12955528	2	nm0720763	actress	\N	\N
tt12955528	3	nm11512385	actress	\N	\N
tt12955528	4	nm1488730	actor	\N	\N
tt12955528	5	nm11057879	director	\N	\N
tt12955528	6	nm11512387	writer	\N	\N
tt12955528	7	nm13248421	writer	\N	\N
tt12955528	8	nm13248422	writer	\N	\N
tt12955528	9	nm13248423	writer	\N	\N
tt12955530	10	nm11482205	writer	\N	\N
tt12955530	1	nm5893456	actress	\N	\N
tt12955530	2	nm0720763	actress	\N	\N
tt12955530	3	nm11512385	actress	\N	\N
tt12955530	4	nm1488730	actor	\N	\N
tt12955530	5	nm11057879	director	\N	\N
tt12955530	6	nm11512387	writer	\N	\N
tt12955530	7	nm13248421	writer	\N	\N
tt12955530	8	nm13248422	writer	\N	\N
tt12955530	9	nm13248423	writer	\N	\N
tt12955532	10	nm11482205	writer	\N	\N
tt12955532	1	nm5893456	actress	\N	\N
tt12955532	2	nm0720763	actress	\N	\N
tt12955532	3	nm11512385	actress	\N	\N
tt12955532	4	nm1488730	actor	\N	\N
tt12955532	5	nm11057879	director	\N	\N
tt12955532	6	nm11512387	writer	\N	\N
tt12955532	7	nm13248421	writer	\N	\N
tt12955532	8	nm13248422	writer	\N	\N
tt12955532	9	nm13248423	writer	\N	\N
tt12955534	10	nm11482205	writer	\N	\N
tt12955534	1	nm5893456	actress	\N	\N
tt12955534	2	nm0720763	actress	\N	\N
tt12955534	3	nm11512385	actress	\N	\N
tt12955534	4	nm1488730	actor	\N	\N
tt12955534	5	nm11057879	director	\N	\N
tt12955534	6	nm11512387	writer	\N	\N
tt12955534	7	nm13248421	writer	\N	\N
tt12955534	8	nm13248422	writer	\N	\N
tt12955534	9	nm13248423	writer	\N	\N
tt12955536	10	nm11482205	writer	\N	\N
tt12955536	1	nm5893456	actress	\N	\N
tt12955536	2	nm0720763	actress	\N	\N
tt12955536	3	nm11512385	actress	\N	\N
tt12955536	4	nm1488730	actor	\N	\N
tt12955536	5	nm11057879	director	\N	\N
tt12955536	6	nm11512387	writer	\N	\N
tt12955536	7	nm13248421	writer	\N	\N
tt12955536	8	nm13248422	writer	\N	\N
tt12955536	9	nm13248423	writer	\N	\N
tt12955538	10	nm11482205	writer	\N	\N
tt12955538	1	nm5893456	actress	\N	\N
tt12955538	2	nm0720763	actress	\N	\N
tt12955538	3	nm11512385	actress	\N	\N
tt12955538	4	nm1488730	actor	\N	\N
tt12955538	5	nm11057879	director	\N	\N
tt12955538	6	nm11512387	writer	\N	\N
tt12955538	7	nm13248421	writer	\N	\N
tt12955538	8	nm13248422	writer	\N	\N
tt12955538	9	nm13248423	writer	\N	\N
tt12955540	10	nm11502048	cinematographer	\N	\N
tt12955540	1	nm5893456	actress	\N	\N
tt12955540	2	nm0720763	actress	\N	\N
tt12955540	3	nm11512385	actress	\N	\N
tt12955540	4	nm1488730	actor	\N	\N
tt12955540	5	nm11057879	director	\N	\N
tt12955540	6	nm11512387	writer	\N	\N
tt12955540	7	nm11257659	writer	\N	\N
tt12955540	8	nm11482207	producer	producer	\N
tt12955540	9	nm11512388	cinematographer	\N	\N
tt12955542	10	nm11502048	cinematographer	\N	\N
tt12955542	1	nm5893456	actress	\N	\N
tt12955542	2	nm0720763	actress	\N	\N
tt12955542	3	nm11512385	actress	\N	\N
tt12955542	4	nm1488730	actor	\N	\N
tt12955542	5	nm11057879	director	\N	\N
tt12955542	6	nm11512387	writer	\N	\N
tt12955542	7	nm11257659	writer	\N	\N
tt12955542	8	nm11482207	producer	producer	\N
tt12955542	9	nm11512388	cinematographer	\N	\N
tt12955544	10	nm11482205	writer	\N	\N
tt12955544	1	nm5893456	actress	\N	\N
tt12955544	2	nm0720763	actress	\N	\N
tt12955544	3	nm11512385	actress	\N	\N
tt12955544	4	nm1488730	actor	\N	\N
tt12955544	5	nm11057879	director	\N	\N
tt12955544	6	nm11512387	writer	\N	\N
tt12955544	7	nm13248421	writer	\N	\N
tt12955544	8	nm13248422	writer	\N	\N
tt12955544	9	nm13248423	writer	\N	\N
tt12955546	10	nm11502048	cinematographer	\N	\N
tt12955546	1	nm5893456	actress	\N	\N
tt12955546	2	nm0720763	actress	\N	\N
tt12955546	3	nm11512385	actress	\N	\N
tt12955546	4	nm1488730	actor	\N	\N
tt12955546	5	nm11057879	director	\N	\N
tt12955546	6	nm11512387	writer	\N	\N
tt12955546	7	nm11257659	writer	\N	\N
tt12955546	8	nm11482207	producer	producer	\N
tt12955546	9	nm11512388	cinematographer	\N	\N
tt12955548	10	nm11502048	cinematographer	\N	\N
tt12955548	1	nm5893456	actress	\N	\N
tt12955548	2	nm0720763	actress	\N	\N
tt12955548	3	nm11512385	actress	\N	\N
tt12955548	4	nm1488730	actor	\N	\N
tt12955548	5	nm11057879	director	\N	\N
tt12955548	6	nm11512387	writer	\N	\N
tt12955548	7	nm11257659	writer	\N	\N
tt12955548	8	nm11482207	producer	producer	\N
tt12955548	9	nm11512388	cinematographer	\N	\N
tt12955550	10	nm11482205	writer	\N	\N
tt12955550	1	nm5893456	actress	\N	\N
tt12955550	2	nm0720763	actress	\N	\N
tt12955550	3	nm11512385	actress	\N	\N
tt12955550	4	nm1488730	actor	\N	\N
tt12955550	5	nm11057879	director	\N	\N
tt12955550	6	nm11512387	writer	\N	\N
tt12955550	7	nm13248421	writer	\N	\N
tt12955550	8	nm13248422	writer	\N	\N
tt12955550	9	nm13248423	writer	\N	\N
tt12955552	10	nm11502048	cinematographer	\N	\N
tt12955552	1	nm5893456	actress	\N	\N
tt12955552	2	nm0720763	actress	\N	\N
tt12955552	3	nm11512385	actress	\N	\N
tt12955552	4	nm1488730	actor	\N	\N
tt12955552	5	nm11057879	director	\N	\N
tt12955552	6	nm11512387	writer	\N	\N
tt12955552	7	nm11257659	writer	\N	\N
tt12955552	8	nm11482207	producer	producer	\N
tt12955552	9	nm11512388	cinematographer	\N	\N
tt12955554	10	nm11482205	writer	\N	\N
tt12955554	1	nm5893456	actress	\N	\N
tt12955554	2	nm0720763	actress	\N	\N
tt12955554	3	nm11512385	actress	\N	\N
tt12955554	4	nm1488730	actor	\N	\N
tt12955554	5	nm11057879	director	\N	\N
tt12955554	6	nm11512387	writer	\N	\N
tt12955554	7	nm13248421	writer	\N	\N
tt12955554	8	nm13248422	writer	\N	\N
tt12955554	9	nm13248423	writer	\N	\N
tt12955556	10	nm11482205	writer	\N	\N
tt12955556	1	nm5893456	actress	\N	\N
tt12955556	2	nm0720763	actress	\N	\N
tt12955556	3	nm11512385	actress	\N	\N
tt12955556	4	nm1488730	actor	\N	\N
tt12955556	5	nm11057879	director	\N	\N
tt12955556	6	nm11512387	writer	\N	\N
tt12955556	7	nm13248421	writer	\N	\N
tt12955556	8	nm13248422	writer	\N	\N
tt12955556	9	nm13248423	writer	\N	\N
tt12955558	10	nm11502048	cinematographer	\N	\N
tt12955558	1	nm5893456	actress	\N	\N
tt12955558	2	nm0720763	actress	\N	\N
tt12955558	3	nm11512385	actress	\N	\N
tt12955558	4	nm1488730	actor	\N	\N
tt12955558	5	nm11057879	director	\N	\N
tt12955558	6	nm11512387	writer	\N	\N
tt12955558	7	nm11257659	writer	\N	\N
tt12955558	8	nm11482207	producer	producer	\N
tt12955558	9	nm11512388	cinematographer	\N	\N
tt12955560	10	nm11482205	writer	\N	\N
tt12955560	1	nm5893456	actress	\N	\N
tt12955560	2	nm0720763	actress	\N	\N
tt12955560	3	nm11512385	actress	\N	\N
tt12955560	4	nm1488730	actor	\N	\N
tt12955560	5	nm11057879	director	\N	\N
tt12955560	6	nm11512387	writer	\N	\N
tt12955560	7	nm13248421	writer	\N	\N
tt12955560	8	nm13248422	writer	\N	\N
tt12955560	9	nm13248423	writer	\N	\N
tt12955562	10	nm11502048	cinematographer	\N	\N
tt12955562	1	nm5893456	actress	\N	\N
tt12955562	2	nm0720763	actress	\N	\N
tt12955562	3	nm11512385	actress	\N	\N
tt12955562	4	nm1488730	actor	\N	\N
tt12955562	5	nm11057879	director	\N	\N
tt12955562	6	nm11512387	writer	\N	\N
tt12955562	7	nm11257659	writer	\N	\N
tt12955562	8	nm11482207	producer	producer	\N
tt12955562	9	nm11512388	cinematographer	\N	\N
tt12955564	1	nm4307399	actor	\N	["Jason"]
tt12955564	2	nm5442336	actor	\N	["Alex"]
tt12955566	10	nm11482205	writer	\N	\N
tt12955566	1	nm5893456	actress	\N	\N
tt12955566	2	nm0720763	actress	\N	\N
tt12955566	3	nm11512385	actress	\N	\N
tt12955566	4	nm1488730	actor	\N	\N
tt12955566	5	nm11057879	director	\N	\N
tt12955566	6	nm11512387	writer	\N	\N
tt12955566	7	nm13248421	writer	\N	\N
tt12955566	8	nm13248422	writer	\N	\N
tt12955566	9	nm13248423	writer	\N	\N
tt12955568	10	nm11482205	writer	\N	\N
tt12955568	1	nm5893456	actress	\N	\N
tt12955568	2	nm0720763	actress	\N	\N
tt12955568	3	nm11512385	actress	\N	\N
tt12955568	4	nm1488730	actor	\N	\N
tt12955568	5	nm11057879	director	\N	\N
tt12955568	6	nm11512387	writer	\N	\N
tt12955568	7	nm13248421	writer	\N	\N
tt12955568	8	nm13248422	writer	\N	\N
tt12955568	9	nm13248423	writer	\N	\N
tt12955570	1	nm0000313	self	\N	["Self"]
tt12955570	2	nm1533705	self	\N	["Self"]
tt12955570	3	nm11838854	producer	producer	\N
tt12955570	4	nm1192511	producer	producer	\N
tt12955570	5	nm1548572	composer	\N	\N
tt12955570	6	nm1111665	cinematographer	\N	\N
tt12955570	7	nm0468945	cinematographer	\N	\N
tt12955570	8	nm4613814	editor	\N	\N
tt12955572	1	nm11838855	actress	\N	["Narration"]
tt12955572	2	nm11838856	actor	\N	["Narration"]
tt12955572	3	nm2642285	composer	\N	\N
tt12955574	10	nm11482205	writer	\N	\N
tt12955574	1	nm5893456	actress	\N	\N
tt12955574	2	nm0720763	actress	\N	\N
tt12955574	3	nm11512385	actress	\N	\N
tt12955574	4	nm1488730	actor	\N	\N
tt12955574	5	nm11512384	director	\N	\N
tt12955574	6	nm11512387	writer	\N	\N
tt12955574	7	nm13248421	writer	\N	\N
tt12955574	8	nm13248422	writer	\N	\N
tt12955574	9	nm13248423	writer	\N	\N
tt12955576	10	nm11482205	writer	\N	\N
tt12955576	1	nm5893456	actress	\N	\N
tt12955576	2	nm0720763	actress	\N	\N
tt12955576	3	nm11512385	actress	\N	\N
tt12955576	4	nm1488730	actor	\N	\N
tt12955576	5	nm11512384	director	\N	\N
tt12955576	6	nm11512387	writer	\N	\N
tt12955576	7	nm13248421	writer	\N	\N
tt12955576	8	nm13248422	writer	\N	\N
tt12955576	9	nm13248423	writer	\N	\N
tt12955578	10	nm11482205	writer	\N	\N
tt12955578	1	nm5893456	actress	\N	\N
tt12955578	2	nm0720763	actress	\N	\N
tt12955578	3	nm11512385	actress	\N	\N
tt12955578	4	nm1488730	actor	\N	\N
tt12955578	5	nm11512384	director	\N	\N
tt12955578	6	nm11512387	writer	\N	\N
tt12955578	7	nm13248421	writer	\N	\N
tt12955578	8	nm13248422	writer	\N	\N
tt12955578	9	nm13248423	writer	\N	\N
tt12955580	1	nm0061849	actress	\N	["Lorie Brooks"]
tt12955582	10	nm11502048	cinematographer	\N	\N
tt12955582	1	nm5893456	actress	\N	\N
tt12955582	2	nm0720763	actress	\N	\N
tt12955582	3	nm11512385	actress	\N	\N
tt12955582	4	nm1488730	actor	\N	\N
tt12955582	5	nm11512384	director	\N	\N
tt12955582	6	nm11512387	writer	\N	\N
tt12955582	7	nm11257659	writer	\N	\N
tt12955582	8	nm11482207	producer	producer	\N
tt12955582	9	nm11512388	cinematographer	\N	\N
tt12955584	10	nm11482205	writer	\N	\N
tt12955584	1	nm5893456	actress	\N	\N
tt12955584	2	nm0720763	actress	\N	\N
tt12955584	3	nm11512385	actress	\N	\N
tt12955584	4	nm1488730	actor	\N	\N
tt12955584	5	nm11512384	director	\N	\N
tt12955584	6	nm11512387	writer	\N	\N
tt12955584	7	nm13248421	writer	\N	\N
tt12955584	8	nm13248422	writer	\N	\N
tt12955584	9	nm13248423	writer	\N	\N
tt12955586	10	nm11502048	cinematographer	\N	\N
tt12955586	1	nm5893456	actress	\N	\N
tt12955586	2	nm0720763	actress	\N	\N
tt12955586	3	nm11512385	actress	\N	\N
tt12955586	4	nm1488730	actor	\N	\N
tt12955586	5	nm11512384	director	\N	\N
tt12955586	6	nm11512387	writer	\N	\N
tt12955586	7	nm11257659	writer	\N	\N
tt12955586	8	nm11482207	producer	producer	\N
tt12955586	9	nm11512388	cinematographer	\N	\N
tt12955588	10	nm11482205	writer	\N	\N
tt12955588	1	nm5893456	actress	\N	\N
tt12955588	2	nm0720763	actress	\N	\N
tt12955588	3	nm11512385	actress	\N	\N
tt12955588	4	nm1488730	actor	\N	\N
tt12955588	5	nm11512384	director	\N	\N
tt12955588	6	nm11512387	writer	\N	\N
tt12955588	7	nm13248421	writer	\N	\N
tt12955588	8	nm13248422	writer	\N	\N
tt12955588	9	nm13248423	writer	\N	\N
tt12955590	10	nm11482205	writer	\N	\N
tt12955590	1	nm5893456	actress	\N	\N
tt12955590	2	nm0720763	actress	\N	\N
tt12955590	3	nm11512385	actress	\N	\N
tt12955590	4	nm1488730	actor	\N	\N
tt12955590	5	nm11512384	director	\N	\N
tt12955590	6	nm11512387	writer	\N	\N
tt12955590	7	nm13248421	writer	\N	\N
tt12955590	8	nm13248422	writer	\N	\N
tt12955590	9	nm13248423	writer	\N	\N
tt12955592	10	nm11502048	cinematographer	\N	\N
tt12955592	1	nm5893456	actress	\N	\N
tt12955592	2	nm0720763	actress	\N	\N
tt12955592	3	nm11512385	actress	\N	\N
tt12955592	4	nm1488730	actor	\N	\N
tt12955592	5	nm11512384	director	\N	\N
tt12955592	6	nm11512387	writer	\N	\N
tt12955592	7	nm11257659	writer	\N	\N
tt12955592	8	nm11482207	producer	producer	\N
tt12955592	9	nm11512388	cinematographer	\N	\N
tt12955594	10	nm11482205	writer	\N	\N
tt12955594	1	nm5893456	actress	\N	\N
tt12955594	2	nm0720763	actress	\N	\N
tt12955594	3	nm11512385	actress	\N	\N
tt12955594	4	nm1488730	actor	\N	\N
tt12955594	5	nm11512384	director	\N	\N
tt12955594	6	nm11512387	writer	\N	\N
tt12955594	7	nm13248421	writer	\N	\N
tt12955594	8	nm13248422	writer	\N	\N
tt12955594	9	nm13248423	writer	\N	\N
tt12955596	10	nm11482205	writer	\N	\N
tt12955596	1	nm5893456	actress	\N	\N
tt12955596	2	nm0720763	actress	\N	\N
tt12955596	3	nm11512385	actress	\N	\N
tt12955596	4	nm1488730	actor	\N	\N
tt12955596	5	nm11512384	director	\N	\N
tt12955596	6	nm11512387	writer	\N	\N
tt12955596	7	nm13248421	writer	\N	\N
tt12955596	8	nm13248422	writer	\N	\N
tt12955596	9	nm13248423	writer	\N	\N
tt12955598	10	nm11502048	cinematographer	\N	\N
tt12955598	1	nm5893456	actress	\N	\N
tt12955598	2	nm0720763	actress	\N	\N
tt12955598	3	nm11512385	actress	\N	\N
tt12955598	4	nm1488730	actor	\N	\N
tt12955598	5	nm11512384	director	\N	\N
tt12955598	6	nm11512387	writer	\N	\N
tt12955598	7	nm11257659	writer	\N	\N
tt12955598	8	nm11482207	producer	producer	\N
tt12955598	9	nm11512388	cinematographer	\N	\N
tt12955600	1	nm9981596	self	\N	["Self"]
tt12955600	2	nm9981601	self	\N	["Self"]
tt12955600	3	nm10354627	self	\N	["Self"]
tt12955602	10	nm11482205	writer	\N	\N
tt12955602	1	nm5893456	actress	\N	\N
tt12955602	2	nm0720763	actress	\N	\N
tt12955602	3	nm11512385	actress	\N	\N
tt12955602	4	nm1488730	actor	\N	\N
tt12955602	5	nm11512384	director	\N	\N
tt12955602	6	nm11512387	writer	\N	\N
tt12955602	7	nm13248421	writer	\N	\N
tt12955602	8	nm13248422	writer	\N	\N
tt12955602	9	nm13248423	writer	\N	\N
tt12955606	10	nm11482205	writer	\N	\N
tt12955606	1	nm5893456	actress	\N	\N
tt12955606	2	nm0720763	actress	\N	\N
tt12955606	3	nm11512385	actress	\N	\N
tt12955606	4	nm1488730	actor	\N	\N
tt12955606	5	nm11512384	director	\N	\N
tt12955606	6	nm11512387	writer	\N	\N
tt12955606	7	nm13248421	writer	\N	\N
tt12955606	8	nm13248422	writer	\N	\N
tt12955606	9	nm13248423	writer	\N	\N
tt12955608	10	nm11502048	cinematographer	\N	\N
tt12955608	1	nm5893456	actress	\N	\N
tt12955608	2	nm0720763	actress	\N	\N
tt12955608	3	nm11512385	actress	\N	\N
tt12955608	4	nm1488730	actor	\N	\N
tt12955608	5	nm11512384	director	\N	\N
tt12955608	6	nm11512387	writer	\N	\N
tt12955608	7	nm11257659	writer	\N	\N
tt12955608	8	nm11482207	producer	producer	\N
tt12955608	9	nm11512388	cinematographer	\N	\N
tt12955610	10	nm11502048	cinematographer	\N	\N
tt12955610	1	nm5893456	actress	\N	\N
tt12955610	2	nm0720763	actress	\N	\N
tt12955610	3	nm11512385	actress	\N	\N
tt12955610	4	nm1488730	actor	\N	\N
tt12955610	5	nm11512384	director	\N	\N
tt12955610	6	nm11512387	writer	\N	\N
tt12955610	7	nm11257659	writer	\N	\N
tt12955610	8	nm11482207	producer	producer	\N
tt12955610	9	nm11512388	cinematographer	\N	\N
tt12955612	1	nm0061849	actress	\N	["Lorie Brooks"]
tt12955614	10	nm11502048	cinematographer	\N	\N
tt12955614	1	nm5893456	actress	\N	\N
tt12955614	2	nm0720763	actress	\N	\N
tt12955614	3	nm11512385	actress	\N	\N
tt12955614	4	nm1488730	actor	\N	\N
tt12955614	5	nm11512384	director	\N	\N
tt12955614	6	nm11512387	writer	\N	\N
tt12955614	7	nm11257659	writer	\N	\N
tt12955614	8	nm11482207	producer	producer	\N
tt12955614	9	nm11512388	cinematographer	\N	\N
tt12955616	10	nm11482205	writer	\N	\N
tt12955616	1	nm5893456	actress	\N	\N
tt12955616	2	nm0720763	actress	\N	\N
tt12955616	3	nm11512385	actress	\N	\N
tt12955616	4	nm1488730	actor	\N	\N
tt12955616	5	nm11512384	director	\N	\N
tt12955616	6	nm11512387	writer	\N	\N
tt12955616	7	nm13248421	writer	\N	\N
tt12955616	8	nm13248422	writer	\N	\N
tt12955616	9	nm13248423	writer	\N	\N
tt12955618	10	nm11482205	writer	\N	\N
tt12955618	1	nm5893456	actress	\N	\N
tt12955618	2	nm0720763	actress	\N	\N
tt12955618	3	nm11512385	actress	\N	\N
tt12955618	4	nm1488730	actor	\N	\N
tt12955618	5	nm11512384	director	\N	\N
tt12955618	6	nm11512387	writer	\N	\N
tt12955618	7	nm13248421	writer	\N	\N
tt12955618	8	nm13248422	writer	\N	\N
tt12955618	9	nm13248423	writer	\N	\N
tt12955620	1	nm0061849	actress	\N	["Lorie Brooks"]
tt12955622	1	nm0061849	actress	\N	["Lorie Brooks"]
tt12955624	1	nm3456379	self	\N	["Self"]
tt12955624	2	nm11838863	actress	\N	["Girl 3"]
tt12955624	3	nm11838862	actress	\N	["Girl 2"]
tt12955624	4	nm11838861	actress	\N	["Girl 1"]
tt12955624	5	nm3301978	director	\N	\N
tt12955626	1	nm9981601	self	\N	["Self"]
tt12955626	2	nm10354627	self	\N	["Self"]
tt12955626	3	nm9981596	self	\N	["Self"]
tt12955626	4	nm10887195	editor	\N	\N
tt12955630	1	nm1797104	self	\N	["Self - Host"]
tt12955630	2	nm1796648	self	\N	["Self - Co-Host"]
tt12955630	3	nm8229677	self	\N	["Self"]
tt12955630	4	nm0181429	self	\N	["Self"]
tt12955630	5	nm1359343	self	\N	["Self"]
tt12955630	6	nm2434596	self	\N	["Self"]
tt12955632	1	nm2940633	self	\N	["Self"]
tt12955632	2	nm0174018	self	\N	["Self"]
tt12955632	3	nm0404641	self	\N	["Self"]
tt12955632	4	nm2940490	self	\N	["Self"]
tt12955632	5	nm11838866	self	\N	["Self"]
tt12955634	1	nm2013463	self	\N	["Self - Host"]
tt12955634	2	nm1154632	composer	\N	\N
tt12955636	1	nm2013463	self	\N	["Self - Host"]
tt12955636	2	nm1154632	composer	\N	\N
tt12955638	1	nm0061849	actress	\N	["Lorie Brooks"]
tt12955640	1	nm0061849	actress	\N	["Lorie Brooks"]
tt12955642	1	nm2013463	self	\N	["Self - Host"]
tt12955642	2	nm1154632	composer	\N	\N
tt12955644	1	nm2013463	self	\N	["Self - Host"]
tt12955644	2	nm1154632	composer	\N	\N
tt12955646	1	nm2013463	self	\N	["Self - Host"]
tt12955646	2	nm1154632	composer	\N	\N
tt12955648	1	nm2013463	self	\N	["Self - Host"]
tt12955648	2	nm1154632	composer	\N	\N
tt12955650	1	nm2013463	self	\N	["Self - Host"]
tt12955650	2	nm1154632	composer	\N	\N
tt12955652	1	nm1665577	self	\N	["Self - Host"]
tt12955654	1	nm0061849	actress	\N	["Lorie Brooks"]
tt12955656	1	nm2013463	self	\N	["Self - Host"]
tt12955656	2	nm1154632	composer	\N	\N
tt12955658	1	nm1665577	self	\N	["Self - Host"]
tt12955658	2	nm3949414	self	\N	["Self - Former U.S. Ambassador to the U.N."]
tt12955660	1	nm2013463	self	\N	["Self - Host"]
tt12955660	2	nm1154632	composer	\N	\N
tt12955662	1	nm1665577	self	\N	["Self - Host"]
tt12955666	1	nm2013463	self	\N	["Self - Host"]
tt12955666	2	nm1154632	composer	\N	\N
tt12955668	1	nm2013463	self	\N	["Self - Host"]
tt12955668	2	nm1154632	composer	\N	\N
tt12955670	1	nm1756279	actress	\N	\N
tt12955670	2	nm4018943	writer	\N	\N
tt12955672	1	nm2013463	self	\N	["Self - Host"]
tt12955672	2	nm1154632	composer	\N	\N
tt12955674	1	nm1665577	self	\N	["Self - Host"]
tt12955676	1	nm2013463	self	\N	["Self - Host"]
tt12955676	2	nm1154632	composer	\N	\N
tt12955678	1	nm1665577	self	\N	["Self - Host"]
tt12955680	1	nm0061849	actress	\N	["Lorie Brooks"]
tt12955682	1	nm0103441	self	\N	["Self"]
tt12955682	2	nm11838892	self	\N	["Self"]
tt12955682	3	nm11838866	self	\N	["Self"]
tt12955684	1	nm2013463	self	\N	["Self - Host"]
tt12955684	2	nm1154632	composer	\N	\N
tt12955686	1	nm2013463	self	\N	["Self - Host"]
tt12955686	2	nm1154632	composer	\N	\N
tt12955688	1	nm2013463	self	\N	["Self - Host"]
tt12955688	2	nm1154632	composer	\N	\N
tt12955690	1	nm2013463	self	\N	["Self - Host"]
tt12955690	2	nm1154632	composer	\N	\N
tt12955692	1	nm0061849	actress	\N	["Lorie Brooks"]
tt12955694	1	nm2013463	self	\N	["Self - Host"]
tt12955694	2	nm1154632	composer	\N	\N
tt12955696	1	nm2013463	self	\N	["Self - Host"]
tt12955696	2	nm1154632	composer	\N	\N
tt12955698	1	nm2013463	self	\N	["Self - Host"]
tt12955698	2	nm1154632	composer	\N	\N
tt12955700	1	nm1102982	actress	\N	\N
tt12955702	1	nm0061849	actress	\N	["Lorie Brooks"]
tt12955704	1	nm2013463	self	\N	["Self - Host"]
tt12955704	2	nm1154632	composer	\N	\N
tt12955706	1	nm2013463	self	\N	["Self - Host"]
tt12955706	2	nm1154632	composer	\N	\N
tt12955708	1	nm2013463	self	\N	["Self - Host"]
tt12955708	2	nm1154632	composer	\N	\N
tt12955710	1	nm0061849	actress	\N	["Lorie Brooks"]
tt12955712	1	nm2013463	self	\N	["Self - Host"]
tt12955712	2	nm1154632	composer	\N	\N
tt12955714	1	nm2013463	self	\N	["Self - Host"]
tt12955714	2	nm1154632	composer	\N	\N
tt12955716	1	nm9981601	self	\N	["Self"]
tt12955716	2	nm10354626	self	\N	["Self"]
tt12955716	3	nm10354627	self	\N	["Self"]
tt12955716	4	nm9981596	self	\N	["Self"]
tt12955716	5	nm10693441	editor	\N	\N
tt12955718	1	nm0061849	actress	\N	["Lorie Brooks"]
tt12955720	1	nm1797104	self	\N	["Self - Host"]
tt12955720	2	nm1796648	self	\N	["Self - Co-Host"]
tt12955720	3	nm1105699	self	\N	["Self"]
tt12955720	4	nm1767957	self	\N	["Self"]
tt12955720	5	nm0676017	self	\N	["Self"]
tt12955720	6	nm2812275	self	\N	["Self"]
tt12955720	7	nm3001696	self	\N	["Self"]
tt12955722	1	nm2013463	self	\N	["Self - Host"]
tt12955722	2	nm1154632	composer	\N	\N
tt12955724	1	nm5442336	actor	\N	["TIm"]
tt12955724	2	nm9573244	actor	\N	["Tom"]
tt12955726	1	nm2013463	self	\N	["Self - Host"]
tt12955726	2	nm1154632	composer	\N	\N
tt12955728	1	nm2013463	self	\N	["Self - Host"]
tt12955728	2	nm1154632	composer	\N	\N
tt12955730	1	nm2013463	self	\N	["Self - Host"]
tt12955730	2	nm1154632	composer	\N	\N
tt12955736	1	nm11838268	self	\N	["Self"]
tt12955736	2	nm5175654	self	\N	["Self - Host"]
tt12955736	3	nm11837123	self	\N	["Self"]
tt12955736	4	nm8376880	self	\N	["Self - Host"]
tt12955736	5	nm11837118	self	\N	["Self"]
tt12955736	6	nm8951741	self	\N	["Self"]
tt12955736	7	nm11838267	self	\N	["Self"]
tt12955736	8	nm11838099	self	\N	["Self"]
tt12955738	1	nm0061849	actress	\N	["Lorie Brooks"]
tt12955742	1	nm2013463	self	\N	["Self - Host"]
tt12955742	2	nm1154632	composer	\N	\N
tt12955744	1	nm2013463	self	\N	["Self - Host"]
tt12955744	2	nm1154632	composer	\N	\N
tt12955746	1	nm1617753	actress	\N	["Salma"]
tt12955746	2	nm7060008	writer	\N	\N
tt12955748	1	nm2013463	self	\N	["Self - Host"]
tt12955748	2	nm1154632	composer	\N	\N
tt12955750	1	nm11839086	self	\N	["Self - Michigan Secretary of State"]
tt12955750	2	nm7887702	self	\N	["Self - Contributor"]
tt12955750	3	nm1757452	self	\N	["Self - Host"]
tt12955750	4	nm9465519	self	\N	["Self - Contributor"]
tt12955750	5	nm11839085	self	\N	["Self - Contributor"]
tt12955750	6	nm10643926	self	\N	["Self - Contributor"]
tt12955750	7	nm11839087	self	\N	["Self"]
tt12955752	1	nm2013463	self	\N	["Self - Host"]
tt12955752	2	nm1154632	composer	\N	\N
tt12955754	1	nm0061849	actress	\N	["Lorie Brooks"]
tt12955756	1	nm11838268	self	\N	["Self"]
tt12955756	2	nm5175654	self	\N	["Self - Host"]
tt12955756	3	nm11837123	self	\N	["Self"]
tt12955756	4	nm8376880	self	\N	["Self - Host"]
tt12955756	5	nm11837118	self	\N	["Self"]
tt12955756	6	nm8951741	self	\N	["Self"]
tt12955756	7	nm11838267	self	\N	["Self"]
tt12955756	8	nm11838099	self	\N	["Self"]
tt12955758	1	nm2013463	self	\N	["Self - Host"]
tt12955758	2	nm1154632	composer	\N	\N
tt12955760	10	nm3384399	cinematographer	\N	\N
tt12955760	1	nm2929316	actress	\N	["Lector"]
tt12955760	2	nm7271012	actress	\N	["Nurse Ewa Dabrowska"]
tt12955760	3	nm1699325	actress	\N	["Malgosia Paprocka"]
tt12955760	4	nm5193095	actor	\N	\N
tt12955760	5	nm8152588	director	\N	\N
tt12955760	6	nm8152595	writer	screenplay	\N
tt12955760	7	nm8152580	writer	screenplay	\N
tt12955760	8	nm11071655	writer	supervising writer	\N
tt12955760	9	nm2793271	producer	producer	\N
tt12955762	10	nm5247019	producer	producer	\N
tt12955762	1	nm0139743	self	\N	["Self - Host"]
tt12955762	2	nm0516700	archive_footage	\N	["Self - Team Captain"]
tt12955762	3	nm2763922	archive_footage	\N	["Self - Team Captain"]
tt12955762	4	nm1168834	archive_footage	\N	["Self - Team Captain"]
tt12955762	5	nm0884299	director	\N	\N
tt12955762	6	nm1388009	director	\N	\N
tt12955762	7	nm0417224	writer	countdown devised by	\N
tt12955762	8	nm3611435	producer	producer	\N
tt12955762	9	nm3418686	producer	producer	\N
tt12955766	1	nm11838268	self	\N	["Self"]
tt12955766	2	nm5175654	self	\N	["Self - Host"]
tt12955766	3	nm11837123	self	\N	["Self"]
tt12955766	4	nm8376880	self	\N	["Self - Host"]
tt12955766	5	nm11837118	self	\N	["Self"]
tt12955766	6	nm8951741	self	\N	["Self"]
tt12955766	7	nm11838267	self	\N	["Self"]
tt12955766	8	nm11838099	self	\N	["Self"]
tt12955770	10	nm1565021	self	\N	["Themselves (2001)"]
tt12955770	1	nm1470199	self	\N	["Self - Host (2001-2003)"]
tt12955770	2	nm1671597	self	\N	["Self - Co-Host (2002-2003)"]
tt12955770	3	nm1498350	self	\N	["Themselves (2001)"]
tt12955770	4	nm0010794	self	\N	["Self (2001)"]
tt12955770	5	nm2879289	self	\N	["Themselves (2001)"]
tt12955770	6	nm1380920	self	\N	["Themselves (2002)"]
tt12955770	7	nm1665296	self	\N	["Themselves (2001)"]
tt12955770	8	nm1216062	self	\N	["Self (2001)"]
tt12955770	9	nm8290127	self	\N	["Themselves (2002)"]
tt12955772	1	nm11838268	self	\N	["Self"]
tt12955772	2	nm5175654	self	\N	["Self - Host"]
tt12955772	3	nm11837123	self	\N	["Self"]
tt12955772	4	nm8376880	self	\N	["Self - Host"]
tt12955772	5	nm11837118	self	\N	["Self"]
tt12955772	6	nm8951741	self	\N	["Self"]
tt12955772	7	nm11838267	self	\N	["Self"]
tt12955772	8	nm11838099	self	\N	["Self"]
tt12955774	1	nm2013463	self	\N	["Self - Host"]
tt12955774	2	nm1154632	composer	\N	\N
tt12955776	1	nm2013463	self	\N	["Self - Host"]
tt12955776	2	nm1154632	composer	\N	\N
tt12955778	1	nm2013463	self	\N	["Self - Host"]
tt12955778	2	nm1154632	composer	\N	\N
tt12955780	1	nm2013463	self	\N	["Self - Host"]
tt12955780	2	nm1154632	composer	\N	\N
tt12955782	1	nm11838268	self	\N	["Self"]
tt12955782	2	nm5175654	self	\N	["Self - Host"]
tt12955782	3	nm11837123	self	\N	["Self"]
tt12955782	4	nm8376880	self	\N	["Self - Host"]
tt12955782	5	nm11837118	self	\N	["Self"]
tt12955782	6	nm8951741	self	\N	["Self"]
tt12955782	7	nm11838267	self	\N	["Self"]
tt12955782	8	nm11838099	self	\N	["Self"]
tt12955784	1	nm2013463	self	\N	["Self - Host"]
tt12955784	2	nm1154632	composer	\N	\N
tt12955786	1	nm2013463	self	\N	["Self - Host"]
tt12955786	2	nm1154632	composer	\N	\N
tt12955788	1	nm2013463	self	\N	["Self - Host"]
tt12955788	2	nm1154632	composer	\N	\N
tt12955790	1	nm2013463	self	\N	["Self - Host"]
tt12955790	2	nm1154632	composer	\N	\N
tt12955792	1	nm2013463	self	\N	["Self - Host"]
tt12955792	2	nm1154632	composer	\N	\N
tt12955794	1	nm0061849	actress	\N	["Lorie Brooks"]
tt12955796	1	nm2013463	self	\N	["Self - Host"]
tt12955796	2	nm1154632	composer	\N	\N
tt12955798	1	nm11838268	self	\N	["Self"]
tt12955798	2	nm5175654	self	\N	["Self - Host"]
tt12955798	3	nm11837123	self	\N	["Self"]
tt12955798	4	nm8376880	self	\N	["Self - Host"]
tt12955798	5	nm11837118	self	\N	["Self"]
tt12955798	6	nm8951741	self	\N	["Self"]
tt12955798	7	nm11838267	self	\N	["Self"]
tt12955798	8	nm11838099	self	\N	["Self"]
tt12955800	1	nm2013463	self	\N	["Self - Host"]
tt12955800	2	nm1154632	composer	\N	\N
tt12955802	1	nm2013463	self	\N	["Self - Host"]
tt12955802	2	nm1154632	composer	\N	\N
tt12955804	1	nm2013463	self	\N	["Self - Host"]
tt12955804	2	nm1154632	composer	\N	\N
tt12955806	1	nm2013463	self	\N	["Self - Host"]
tt12955806	2	nm1154632	composer	\N	\N
tt12955808	1	nm7037779	actress	\N	\N
tt12955810	1	nm2013463	self	\N	["Self - Host"]
tt12955810	2	nm1154632	composer	\N	\N
tt12955812	1	nm2013463	self	\N	["Self - Host"]
tt12955812	2	nm1154632	composer	\N	\N
tt12955814	1	nm0061849	actress	\N	["Lorie Brooks"]
tt12955816	1	nm2013463	self	\N	["Self - Host"]
tt12955816	2	nm1154632	composer	\N	\N
tt12955818	1	nm2013463	self	\N	["Self - Host"]
tt12955818	2	nm1154632	composer	\N	\N
tt12955820	1	nm2013463	self	\N	["Self - Host"]
tt12955820	2	nm1154632	composer	\N	\N
tt12955822	1	nm2013463	self	\N	["Self - Host"]
tt12955822	2	nm1154632	composer	\N	\N
tt12955824	1	nm0103441	self	\N	["Self"]
tt12955824	2	nm11838899	actor	\N	\N
tt12955824	3	nm11838898	self	\N	["Self"]
tt12955824	4	nm4226664	self	\N	["Self"]
tt12955828	1	nm11838268	self	\N	["Self"]
tt12955828	2	nm5175654	self	\N	["Self - Host"]
tt12955828	3	nm11837123	self	\N	["Self"]
tt12955828	4	nm8376880	self	\N	["Self - Host"]
tt12955828	5	nm11837118	self	\N	["Self"]
tt12955828	6	nm8951741	self	\N	["Self"]
tt12955828	7	nm11838267	self	\N	["Self"]
tt12955828	8	nm11838099	self	\N	["Self"]
tt12955830	1	nm2013463	self	\N	["Self - Host"]
tt12955830	2	nm1154632	composer	\N	\N
tt12955832	1	nm2013463	self	\N	["Self - Host"]
tt12955832	2	nm1154632	composer	\N	\N
tt12955834	1	nm2013463	self	\N	["Self - Host"]
tt12955834	2	nm1154632	composer	\N	\N
tt12955836	1	nm2013463	self	\N	["Self - Host"]
tt12955836	2	nm1154632	composer	\N	\N
tt12955838	1	nm2013463	self	\N	["Self - Host"]
tt12955838	2	nm1154632	composer	\N	\N
tt12955840	1	nm2013463	self	\N	["Self - Host"]
tt12955840	2	nm1154632	composer	\N	\N
tt12955842	1	nm2013463	self	\N	["Self - Host"]
tt12955842	2	nm1154632	composer	\N	\N
tt12955844	1	nm0103441	self	\N	["Self"]
tt12955844	2	nm11838899	actor	\N	\N
tt12955846	1	nm11838268	self	\N	["Self"]
tt12955846	2	nm5175654	self	\N	["Self - Host"]
tt12955846	3	nm11837123	self	\N	["Self"]
tt12955846	4	nm8376880	self	\N	["Self - Host"]
tt12955846	5	nm11837118	self	\N	["Self"]
tt12955846	6	nm8951741	self	\N	["Self"]
tt12955846	7	nm11838267	self	\N	["Self"]
tt12955846	8	nm11838099	self	\N	["Self"]
tt12955850	1	nm2013463	self	\N	["Self - Host"]
tt12955850	2	nm1154632	composer	\N	\N
tt12955852	1	nm2013463	self	\N	["Self - Host"]
tt12955852	2	nm1154632	composer	\N	\N
tt12955854	1	nm2013463	self	\N	["Self - Host"]
tt12955854	2	nm1154632	composer	\N	\N
tt12955856	1	nm2013463	self	\N	["Self - Host"]
tt12955856	2	nm1154632	composer	\N	\N
tt12955858	1	nm2013463	self	\N	["Self - Host"]
tt12955858	2	nm1154632	composer	\N	\N
tt12955862	1	nm6651025	actor	\N	\N
tt12955862	2	nm8106437	writer	\N	\N
tt12955864	1	nm2013463	self	\N	["Self - Host"]
tt12955864	2	nm1154632	composer	\N	\N
tt12955866	1	nm11838268	self	\N	["Self"]
tt12955866	2	nm5175654	self	\N	["Self - Host"]
tt12955866	3	nm11837123	self	\N	["Self"]
tt12955866	4	nm8376880	self	\N	["Self - Host"]
tt12955866	5	nm11837118	self	\N	["Self"]
tt12955866	6	nm8951741	self	\N	["Self"]
tt12955866	7	nm11838267	self	\N	["Self"]
tt12955866	8	nm11838099	self	\N	["Self"]
tt12955868	1	nm0061849	actress	\N	["Lorie Brooks"]
tt12955870	1	nm2013463	self	\N	["Self - Host"]
tt12955870	2	nm1154632	composer	\N	\N
tt12955872	1	nm2013463	self	\N	["Self - Host"]
tt12955872	2	nm1154632	composer	\N	\N
tt12955874	1	nm2013463	self	\N	["Self - Host"]
tt12955874	2	nm1154632	composer	\N	\N
tt12955876	1	nm2013463	self	\N	["Self - Host"]
tt12955876	2	nm1154632	composer	\N	\N
tt12955878	1	nm11838268	self	\N	["Self"]
tt12955878	2	nm5175654	self	\N	["Self - Host"]
tt12955878	3	nm11837123	self	\N	["Self"]
tt12955878	4	nm8376880	self	\N	["Self - Host"]
tt12955878	5	nm11837118	self	\N	["Self"]
tt12955878	6	nm8951741	self	\N	["Self"]
tt12955878	7	nm11838267	self	\N	["Self"]
tt12955878	8	nm11838099	self	\N	["Self"]
tt12955880	1	nm2013463	self	\N	["Self - Host"]
tt12955880	2	nm1154632	composer	\N	\N
tt12955882	1	nm0061849	actress	\N	["Lorie Brooks"]
tt12955884	1	nm2013463	self	\N	["Self - Host"]
tt12955884	2	nm1154632	composer	\N	\N
tt12955886	1	nm2013463	self	\N	["Self - Host"]
tt12955886	2	nm1154632	composer	\N	\N
tt12955890	1	nm2013463	self	\N	["Self - Host"]
tt12955890	2	nm1154632	composer	\N	\N
tt12955892	1	nm2013463	self	\N	["Self - Host"]
tt12955892	2	nm1154632	composer	\N	\N
tt12955894	1	nm2013463	self	\N	["Self - Host"]
tt12955894	2	nm1154632	composer	\N	\N
tt12955896	1	nm2013463	self	\N	["Self - Host"]
tt12955896	2	nm1154632	composer	\N	\N
tt12955898	1	nm0061849	actress	\N	["Lorie Brooks"]
tt12955900	1	nm2013463	self	\N	["Self - Host"]
tt12955900	2	nm1154632	composer	\N	\N
tt12955902	1	nm11838268	self	\N	["Self"]
tt12955902	2	nm5175654	self	\N	["Self - Host"]
tt12955902	3	nm11837123	self	\N	["Self"]
tt12955902	4	nm8376880	self	\N	["Self - Host"]
tt12955902	5	nm11837118	self	\N	["Self"]
tt12955902	6	nm8951741	self	\N	["Self"]
tt12955902	7	nm11838267	self	\N	["Self"]
tt12955902	8	nm11838099	self	\N	["Self"]
tt12955904	1	nm2013463	self	\N	["Self - Host"]
tt12955904	2	nm1154632	composer	\N	\N
tt12955906	10	nm3384399	cinematographer	\N	\N
tt12955906	1	nm2929316	actress	\N	["Lector"]
tt12955906	2	nm9883364	actor	\N	\N
tt12955906	3	nm7271012	actress	\N	["Nurse Ewa Dabrowska"]
tt12955906	4	nm11838904	actress	\N	\N
tt12955906	5	nm8152588	director	\N	\N
tt12955906	6	nm8008432	writer	screenplay	\N
tt12955906	7	nm8152580	writer	screenplay	\N
tt12955906	8	nm11071655	writer	screenplay	\N
tt12955906	9	nm2793271	producer	producer	\N
tt12955908	1	nm0061849	actress	\N	["Lorie Brooks"]
tt12955910	1	nm9800738	actress	\N	["Mai"]
tt12955910	2	nm3142289	writer	\N	\N
tt12955914	1	nm0061849	actress	\N	["Lorie Brooks"]
tt12955916	1	nm11838268	self	\N	["Self"]
tt12955916	2	nm5175654	self	\N	["Self - Host"]
tt12955916	3	nm11837123	self	\N	["Self"]
tt12955916	4	nm8376880	self	\N	["Self - Host"]
tt12955916	5	nm11837118	self	\N	["Self"]
tt12955916	6	nm8951741	self	\N	["Self"]
tt12955916	7	nm11838267	self	\N	["Self"]
tt12955916	8	nm11838099	self	\N	["Self"]
tt12955920	1	nm3041597	composer	\N	\N
tt12955920	2	nm11838905	cinematographer	\N	\N
tt12955920	3	nm11838907	cinematographer	\N	\N
tt12955920	4	nm11838906	cinematographer	\N	\N
tt12955920	5	nm6856823	editor	\N	\N
tt12955922	1	nm0061849	actress	\N	["Lorie Brooks"]
tt12955924	1	nm11838268	self	\N	["Self"]
tt12955924	2	nm5175654	self	\N	["Self - Host"]
tt12955924	3	nm11837123	self	\N	["Self"]
tt12955924	4	nm8376880	self	\N	["Self - Host"]
tt12955924	5	nm11837118	self	\N	["Self"]
tt12955924	6	nm8951741	self	\N	["Self"]
tt12955924	7	nm11838267	self	\N	["Self"]
tt12955926	1	nm0061849	actress	\N	["Lorie Brooks"]
tt12955928	1	nm0061849	actress	\N	["Lorie Brooks"]
tt12955930	1	nm11838268	self	\N	["Self"]
tt12955930	2	nm5175654	self	\N	["Self - Host"]
tt12955930	3	nm11837123	self	\N	["Self"]
tt12955930	4	nm8376880	self	\N	["Self - Host"]
tt12955930	5	nm11837118	self	\N	["Self"]
tt12955930	6	nm8951741	self	\N	["Self"]
tt12955930	7	nm11838267	self	\N	["Self"]
tt12955934	1	nm0061849	actress	\N	["Lorie Brooks"]
tt12955936	10	nm10429955	producer	producer	\N
tt12955936	1	nm5611699	actor	\N	["Dev"]
tt12955936	2	nm5893456	actress	\N	["Pavithira"]
tt12955936	3	nm11809195	director	\N	\N
tt12955936	4	nm11553606	writer	\N	\N
tt12955936	5	nm11809197	writer	\N	\N
tt12955936	6	nm11512577	writer	\N	\N
tt12955936	7	nm11809198	writer	\N	\N
tt12955936	8	nm11809196	writer	\N	\N
tt12955936	9	nm11809200	producer	producer	\N
tt12955938	1	nm11838268	self	\N	["Self"]
tt12955938	2	nm5175654	self	\N	["Self - Host"]
tt12955938	3	nm11837123	self	\N	["Self"]
tt12955938	4	nm8376880	self	\N	["Self - Host"]
tt12955938	5	nm11837118	self	\N	["Self"]
tt12955938	6	nm8951741	self	\N	["Self"]
tt12955938	7	nm11838267	self	\N	["Self"]
tt12955940	10	nm10429955	producer	producer	\N
tt12955940	1	nm5611699	actor	\N	["Dev"]
tt12955940	2	nm5893456	actress	\N	["Pavithira"]
tt12955940	3	nm11809195	director	\N	\N
tt12955940	4	nm11553606	writer	\N	\N
tt12955940	5	nm11809197	writer	\N	\N
tt12955940	6	nm11512577	writer	\N	\N
tt12955940	7	nm11809198	writer	\N	\N
tt12955940	8	nm11809196	writer	\N	\N
tt12955940	9	nm11809200	producer	producer	\N
tt12955942	1	nm11838268	self	\N	["Self"]
tt12955942	2	nm5175654	self	\N	["Self - Host"]
tt12955942	3	nm11837123	self	\N	["Self"]
tt12955942	4	nm8376880	self	\N	["Self - Host"]
tt12955942	5	nm11837118	self	\N	["Self"]
tt12955942	6	nm8951741	self	\N	["Self"]
tt12955942	7	nm11838267	self	\N	["Self"]
tt12955944	10	nm10429955	producer	producer	\N
tt12955944	1	nm5611699	actor	\N	["Dev"]
tt12955944	2	nm5893456	actress	\N	["Pavithira"]
tt12955944	3	nm11809195	director	\N	\N
tt12955944	4	nm11553606	writer	\N	\N
tt12955944	5	nm11809197	writer	\N	\N
tt12955944	6	nm11512577	writer	\N	\N
tt12955944	7	nm11809198	writer	\N	\N
tt12955944	8	nm11809196	writer	\N	\N
tt12955944	9	nm11809200	producer	producer	\N
tt12955946	10	nm10429955	producer	producer	\N
tt12955946	1	nm5611699	actor	\N	["Dev"]
tt12955946	2	nm5893456	actress	\N	["Pavithira"]
tt12955946	3	nm11809195	director	\N	\N
tt12955946	4	nm11553606	writer	\N	\N
tt12955946	5	nm11809197	writer	\N	\N
tt12955946	6	nm11512577	writer	\N	\N
tt12955946	7	nm11809198	writer	\N	\N
tt12955946	8	nm11809196	writer	\N	\N
tt12955946	9	nm11809200	producer	producer	\N
tt12955948	10	nm11762003	self	\N	["Self - Political Scientist"]
tt12955948	1	nm9253817	self	\N	["Self - Host"]
tt12955948	2	nm0834656	self	\N	["Self - Host"]
tt12955948	3	nm11838919	self	\N	["Self - Deputy Chairman of the SD Committee on Family, Women and Children"]
tt12955948	4	nm11761761	archive_footage	\N	["Self - Writer"]
tt12955948	5	nm3135359	composer	\N	\N
tt12955948	6	nm11771441	self	\N	["Self - Political Scientist","Writer"]
tt12955948	7	nm11770700	archive_footage	\N	["Self - Ukrainian Politician"]
tt12955948	8	nm6961224	self	\N	["Self - Deputy General Director of ITAR-TASS agency"]
tt12955948	9	nm2612466	archive_footage	\N	["Self - TV Presenter"]
tt12955950	10	nm10429955	producer	producer	\N
tt12955950	1	nm5611699	actor	\N	["Dev"]
tt12955950	2	nm5893456	actress	\N	["Pavithira"]
tt12955950	3	nm11809195	director	\N	\N
tt12955950	4	nm11553606	writer	\N	\N
tt12955950	5	nm11809197	writer	\N	\N
tt12955950	6	nm11512577	writer	\N	\N
tt12955950	7	nm11809198	writer	\N	\N
tt12955950	8	nm11809196	writer	\N	\N
tt12955950	9	nm11809200	producer	producer	\N
tt12955952	10	nm10429955	producer	producer	\N
tt12955952	1	nm5611699	actor	\N	["Dev"]
tt12955952	2	nm5893456	actress	\N	["Pavithira"]
tt12955952	3	nm11809195	director	\N	\N
tt12955952	4	nm11553606	writer	\N	\N
tt12955952	5	nm11809197	writer	\N	\N
tt12955952	6	nm11512577	writer	\N	\N
tt12955952	7	nm11809198	writer	\N	\N
tt12955952	8	nm11809196	writer	\N	\N
tt12955952	9	nm11809200	producer	producer	\N
tt12955954	10	nm10429955	producer	producer	\N
tt12955954	1	nm5611699	actor	\N	["Dev"]
tt12955954	2	nm5893456	actress	\N	["Pavithira"]
tt12955954	3	nm11809195	director	\N	\N
tt12955954	4	nm11553606	writer	\N	\N
tt12955954	5	nm11809197	writer	\N	\N
tt12955954	6	nm11512577	writer	\N	\N
tt12955954	7	nm11809198	writer	\N	\N
tt12955954	8	nm11809196	writer	\N	\N
tt12955954	9	nm11809200	producer	producer	\N
tt12955958	10	nm10429955	producer	producer	\N
tt12955958	1	nm5611699	actor	\N	["Dev"]
tt12955958	2	nm5893456	actress	\N	["Pavithira"]
tt12955958	3	nm11809195	director	\N	\N
tt12955958	4	nm11553606	writer	\N	\N
tt12955958	5	nm11809197	writer	\N	\N
tt12955958	6	nm11512577	writer	\N	\N
tt12955958	7	nm11809198	writer	\N	\N
tt12955958	8	nm11809196	writer	\N	\N
tt12955958	9	nm11809200	producer	producer	\N
tt12955962	10	nm10429955	producer	producer	\N
tt12955962	1	nm5611699	actor	\N	["Dev"]
tt12955962	2	nm5893456	actress	\N	["Pavithira"]
tt12955962	3	nm11809195	director	\N	\N
tt12955962	4	nm11553606	writer	\N	\N
tt12955962	5	nm11809197	writer	\N	\N
tt12955962	6	nm11512577	writer	\N	\N
tt12955962	7	nm11809198	writer	\N	\N
tt12955962	8	nm11809196	writer	\N	\N
tt12955962	9	nm11809200	producer	producer	\N
tt12955964	10	nm10429955	producer	producer	\N
tt12955964	1	nm5611699	actor	\N	["Dev"]
tt12955964	2	nm5893456	actress	\N	["Pavithira"]
tt12955964	3	nm11809195	director	\N	\N
tt12955964	4	nm11553606	writer	\N	\N
tt12955964	5	nm11809197	writer	\N	\N
tt12955964	6	nm11512577	writer	\N	\N
tt12955964	7	nm11809198	writer	\N	\N
tt12955964	8	nm11809196	writer	\N	\N
tt12955964	9	nm11809200	producer	producer	\N
tt12955966	10	nm10429955	producer	producer	\N
tt12955966	1	nm5611699	actor	\N	["Dev"]
tt12955966	2	nm5893456	actress	\N	["Pavithira"]
tt12955966	3	nm11809195	director	\N	\N
tt12955966	4	nm11553606	writer	\N	\N
tt12955966	5	nm11809197	writer	\N	\N
tt12955966	6	nm11512577	writer	\N	\N
tt12955966	7	nm11809198	writer	\N	\N
tt12955966	8	nm11809196	writer	\N	\N
tt12955966	9	nm11809200	producer	producer	\N
tt12955968	1	nm1734623	actor	\N	["Barby Ghorl"]
tt12955968	2	nm1794478	actor	\N	["Bebe Ghorl"]
tt12955968	3	nm7793807	self	\N	["Self - Bawal Officer"]
tt12955968	4	nm5622058	self	\N	["Self - Bawal Officer"]
tt12955968	5	nm2191319	director	\N	\N
tt12955968	6	nm3683816	writer	created by	\N
tt12955968	7	nm6431130	writer	writer	\N
tt12955968	8	nm2410477	writer	writer	\N
tt12955968	9	nm11826624	composer	\N	\N
tt12955970	10	nm10429955	producer	producer	\N
tt12955970	1	nm5611699	actor	\N	["Dev"]
tt12955970	2	nm5893456	actress	\N	["Pavithira"]
tt12955970	3	nm11809195	director	\N	\N
tt12955970	4	nm11553606	writer	\N	\N
tt12955970	5	nm11809197	writer	\N	\N
tt12955970	6	nm11512577	writer	\N	\N
tt12955970	7	nm11809198	writer	\N	\N
tt12955970	8	nm11809196	writer	\N	\N
tt12955970	9	nm11809200	producer	producer	\N
tt12955972	10	nm10429955	producer	producer	\N
tt12955972	1	nm5611699	actor	\N	["Dev"]
tt12955972	2	nm5893456	actress	\N	["Pavithira"]
tt12955972	3	nm11809195	director	\N	\N
tt12955972	4	nm11553606	writer	\N	\N
tt12955972	5	nm11809197	writer	\N	\N
tt12955972	6	nm11512577	writer	\N	\N
tt12955972	7	nm11809198	writer	\N	\N
tt12955972	8	nm11809196	writer	\N	\N
tt12955972	9	nm11809200	producer	producer	\N
tt12955974	10	nm10429955	producer	producer	\N
tt12955974	1	nm5611699	actor	\N	["Dev"]
tt12955974	2	nm5893456	actress	\N	["Pavithira"]
tt12955974	3	nm11809195	director	\N	\N
tt12955974	4	nm11553606	writer	\N	\N
tt12955974	5	nm11809197	writer	\N	\N
tt12955974	6	nm11512577	writer	\N	\N
tt12955974	7	nm11809198	writer	\N	\N
tt12955974	8	nm11809196	writer	\N	\N
tt12955974	9	nm11809200	producer	producer	\N
tt12955976	10	nm10429955	producer	producer	\N
tt12955976	1	nm5611699	actor	\N	["Dev"]
tt12955976	2	nm5893456	actress	\N	["Pavithira"]
tt12955976	3	nm11809195	director	\N	\N
tt12955976	4	nm11553606	writer	\N	\N
tt12955976	5	nm11809197	writer	\N	\N
tt12955976	6	nm11512577	writer	\N	\N
tt12955976	7	nm11809198	writer	\N	\N
tt12955976	8	nm11809196	writer	\N	\N
tt12955976	9	nm11809200	producer	producer	\N
tt12955978	10	nm10429955	producer	producer	\N
tt12955978	1	nm5611699	actor	\N	["Dev"]
tt12955978	2	nm5893456	actress	\N	["Pavithira"]
tt12955978	3	nm11809195	director	\N	\N
tt12955978	4	nm11553606	writer	\N	\N
tt12955978	5	nm11809197	writer	\N	\N
tt12955978	6	nm11512577	writer	\N	\N
tt12955978	7	nm11809198	writer	\N	\N
tt12955978	8	nm11809196	writer	\N	\N
tt12955978	9	nm11809200	producer	producer	\N
tt12955980	1	nm1112097	actress	\N	\N
tt12955980	2	nm5238855	writer	\N	\N
tt12955982	10	nm10429955	producer	producer	\N
tt12955982	1	nm5611699	actor	\N	["Dev"]
tt12955982	2	nm5893456	actress	\N	["Pavithira"]
tt12955982	3	nm11809195	director	\N	\N
tt12955982	4	nm11553606	writer	\N	\N
tt12955982	5	nm11809197	writer	\N	\N
tt12955982	6	nm11512577	writer	\N	\N
tt12955982	7	nm11809198	writer	\N	\N
tt12955982	8	nm11809196	writer	\N	\N
tt12955982	9	nm11809200	producer	producer	\N
tt12955984	10	nm10429955	producer	producer	\N
tt12955984	1	nm5611699	actor	\N	["Dev"]
tt12955984	2	nm5893456	actress	\N	["Pavithira"]
tt12955984	3	nm11809195	director	\N	\N
tt12955984	4	nm11553606	writer	\N	\N
tt12955984	5	nm11809197	writer	\N	\N
tt12955984	6	nm11512577	writer	\N	\N
tt12955984	7	nm11809198	writer	\N	\N
tt12955984	8	nm11809196	writer	\N	\N
tt12955984	9	nm11809200	producer	producer	\N
tt12955986	10	nm10429955	producer	producer	\N
tt12955986	1	nm5611699	actor	\N	["Dev"]
tt12955986	2	nm5893456	actress	\N	["Pavithira"]
tt12955986	3	nm11809195	director	\N	\N
tt12955986	4	nm11553606	writer	\N	\N
tt12955986	5	nm11809197	writer	\N	\N
tt12955986	6	nm11512577	writer	\N	\N
tt12955986	7	nm11809198	writer	\N	\N
tt12955986	8	nm11809196	writer	\N	\N
tt12955986	9	nm11809200	producer	producer	\N
tt12955988	10	nm10429955	producer	producer	\N
tt12955988	1	nm5611699	actor	\N	["Dev"]
tt12955988	2	nm5893456	actress	\N	["Pavithira"]
tt12955988	3	nm11809195	director	\N	\N
tt12955988	4	nm11553606	writer	\N	\N
tt12955988	5	nm11809197	writer	\N	\N
tt12955988	6	nm11512577	writer	\N	\N
tt12955988	7	nm11809198	writer	\N	\N
tt12955988	8	nm11809196	writer	\N	\N
tt12955988	9	nm11809200	producer	producer	\N
tt12955990	1	nm0061849	actress	\N	["Lorie Brooks"]
tt12955992	10	nm10429955	producer	producer	\N
tt12955992	1	nm5611699	actor	\N	["Dev"]
tt12955992	2	nm5893456	actress	\N	["Pavithira"]
tt12955992	3	nm11809195	director	\N	\N
tt12955992	4	nm11553606	writer	\N	\N
tt12955992	5	nm11809197	writer	\N	\N
tt12955992	6	nm11512577	writer	\N	\N
tt12955992	7	nm11809198	writer	\N	\N
tt12955992	8	nm11809196	writer	\N	\N
tt12955992	9	nm11809200	producer	producer	\N
tt12955994	10	nm10429955	producer	producer	\N
tt12955994	1	nm5611699	actor	\N	["Dev"]
tt12955994	2	nm5893456	actress	\N	["Pavithira"]
tt12955994	3	nm11809195	director	\N	\N
tt12955994	4	nm11553606	writer	\N	\N
tt12955994	5	nm11809197	writer	\N	\N
tt12955994	6	nm11512577	writer	\N	\N
tt12955994	7	nm11809198	writer	\N	\N
tt12955994	8	nm11809196	writer	\N	\N
tt12955994	9	nm11809200	producer	producer	\N
tt12955996	10	nm10429955	producer	producer	\N
tt12955996	1	nm5611699	actor	\N	["Dev"]
tt12955996	2	nm5893456	actress	\N	["Pavithira"]
tt12955996	3	nm11809195	director	\N	\N
tt12955996	4	nm11553606	writer	\N	\N
tt12955996	5	nm11809197	writer	\N	\N
tt12955996	6	nm11512577	writer	\N	\N
tt12955996	7	nm11809198	writer	\N	\N
tt12955996	8	nm11809196	writer	\N	\N
tt12955996	9	nm11809200	producer	producer	\N
tt12955998	10	nm10429955	producer	producer	\N
tt12955998	1	nm5611699	actor	\N	["Dev"]
tt12955998	2	nm5893456	actress	\N	["Pavithira"]
tt12955998	3	nm11809195	director	\N	\N
tt12955998	4	nm11553606	writer	\N	\N
tt12955998	5	nm11809197	writer	\N	\N
tt12955998	6	nm11512577	writer	\N	\N
tt12955998	7	nm11809198	writer	\N	\N
tt12955998	8	nm11809196	writer	\N	\N
tt12955998	9	nm11809200	producer	producer	\N
tt12956000	10	nm10429955	producer	producer	\N
tt12956000	1	nm5611699	actor	\N	["Dev"]
tt12956000	2	nm5893456	actress	\N	["Pavithira"]
tt12956000	3	nm11809195	director	\N	\N
tt12956000	4	nm11553606	writer	\N	\N
tt12956000	5	nm11809197	writer	\N	\N
tt12956000	6	nm11512577	writer	\N	\N
tt12956000	7	nm11809198	writer	\N	\N
tt12956000	8	nm11809196	writer	\N	\N
tt12956000	9	nm11809200	producer	producer	\N
tt12956002	10	nm10429955	producer	producer	\N
tt12956002	1	nm5611699	actor	\N	["Dev"]
tt12956002	2	nm5893456	actress	\N	["Pavithira"]
tt12956002	3	nm11809195	director	\N	\N
tt12956002	4	nm11553606	writer	\N	\N
tt12956002	5	nm11809197	writer	\N	\N
tt12956002	6	nm11512577	writer	\N	\N
tt12956002	7	nm11809198	writer	\N	\N
tt12956002	8	nm11809196	writer	\N	\N
tt12956002	9	nm11809200	producer	producer	\N
tt12956004	10	nm10429955	producer	producer	\N
tt12956004	1	nm5611699	actor	\N	["Dev"]
tt12956004	2	nm5893456	actress	\N	["Pavithira"]
tt12956004	3	nm11809195	director	\N	\N
tt12956004	4	nm11553606	writer	\N	\N
tt12956004	5	nm11809197	writer	\N	\N
tt12956004	6	nm11512577	writer	\N	\N
tt12956004	7	nm11809198	writer	\N	\N
tt12956004	8	nm11809196	writer	\N	\N
tt12956004	9	nm11809200	producer	producer	\N
tt12956006	10	nm10429955	producer	producer	\N
tt12956006	1	nm5611699	actor	\N	["Dev"]
tt12956006	2	nm5893456	actress	\N	["Pavithira"]
tt12956006	3	nm11809195	director	\N	\N
tt12956006	4	nm11553606	writer	\N	\N
tt12956006	5	nm11809197	writer	\N	\N
tt12956006	6	nm11512577	writer	\N	\N
tt12956006	7	nm11809198	writer	\N	\N
tt12956006	8	nm11809196	writer	\N	\N
tt12956006	9	nm11809200	producer	producer	\N
tt12956008	10	nm10429955	producer	producer	\N
tt12956008	1	nm5611699	actor	\N	["Dev"]
tt12956008	2	nm5893456	actress	\N	["Pavithira"]
tt12956008	3	nm11809195	director	\N	\N
tt12956008	4	nm11553606	writer	\N	\N
tt12956008	5	nm11809197	writer	\N	\N
tt12956008	6	nm11512577	writer	\N	\N
tt12956008	7	nm11809198	writer	\N	\N
tt12956008	8	nm11809196	writer	\N	\N
tt12956008	9	nm11809200	producer	producer	\N
tt12956010	10	nm10429955	producer	producer	\N
tt12956010	1	nm5611699	actor	\N	["Dev"]
tt12956010	2	nm5893456	actress	\N	["Pavithira"]
tt12956010	3	nm11809195	director	\N	\N
tt12956010	4	nm11553606	writer	\N	\N
tt12956010	5	nm11809197	writer	\N	\N
tt12956010	6	nm11512577	writer	\N	\N
tt12956010	7	nm11809198	writer	\N	\N
tt12956010	8	nm11809196	writer	\N	\N
tt12956010	9	nm11809200	producer	producer	\N
tt12956012	10	nm10429955	producer	producer	\N
tt12956012	1	nm5611699	actor	\N	["Dev"]
tt12956012	2	nm5893456	actress	\N	["Pavithira"]
tt12956012	3	nm11809195	director	\N	\N
tt12956012	4	nm11553606	writer	\N	\N
tt12956012	5	nm11809197	writer	\N	\N
tt12956012	6	nm11512577	writer	\N	\N
tt12956012	7	nm11809198	writer	\N	\N
tt12956012	8	nm11809196	writer	\N	\N
tt12956012	9	nm11809200	producer	producer	\N
tt12956014	10	nm10429955	producer	producer	\N
tt12956014	1	nm5611699	actor	\N	["Dev"]
tt12956014	2	nm5893456	actress	\N	["Pavithira"]
tt12956014	3	nm11809195	director	\N	\N
tt12956014	4	nm11553606	writer	\N	\N
tt12956014	5	nm11809197	writer	\N	\N
tt12956014	6	nm11512577	writer	\N	\N
tt12956014	7	nm11809198	writer	\N	\N
tt12956014	8	nm11809196	writer	\N	\N
tt12956014	9	nm11809200	producer	producer	\N
tt12956016	10	nm10429955	producer	producer	\N
tt12956016	1	nm5611699	actor	\N	["Dev"]
tt12956016	2	nm5893456	actress	\N	["Pavithira"]
tt12956016	3	nm11809195	director	\N	\N
tt12956016	4	nm11553606	writer	\N	\N
tt12956016	5	nm11809197	writer	\N	\N
tt12956016	6	nm11512577	writer	\N	\N
tt12956016	7	nm11809198	writer	\N	\N
tt12956016	8	nm11809196	writer	\N	\N
tt12956016	9	nm11809200	producer	producer	\N
tt12956018	10	nm10429955	producer	producer	\N
tt12956018	1	nm5611699	actor	\N	["Dev"]
tt12956018	2	nm5893456	actress	\N	["Pavithira"]
tt12956018	3	nm11809195	director	\N	\N
tt12956018	4	nm11553606	writer	\N	\N
tt12956018	5	nm11809197	writer	\N	\N
tt12956018	6	nm11512577	writer	\N	\N
tt12956018	7	nm11809198	writer	\N	\N
tt12956018	8	nm11809196	writer	\N	\N
tt12956018	9	nm11809200	producer	producer	\N
tt12956020	10	nm10429955	producer	producer	\N
tt12956020	1	nm5611699	actor	\N	["Dev"]
tt12956020	2	nm5893456	actress	\N	["Pavithira"]
tt12956020	3	nm11809195	director	\N	\N
tt12956020	4	nm11553606	writer	\N	\N
tt12956020	5	nm11809197	writer	\N	\N
tt12956020	6	nm11512577	writer	\N	\N
tt12956020	7	nm11809198	writer	\N	\N
tt12956020	8	nm11809196	writer	\N	\N
tt12956020	9	nm11809200	producer	producer	\N
tt12956022	1	nm0716441	actress	\N	["Linda"]
tt12956024	1	nm11838931	actress	\N	["The Dancer"]
tt12956024	2	nm0151762	actress	\N	["Casino Patron"]
tt12956024	3	nm11704848	actress	\N	["Casino Patron"]
tt12956024	4	nm11311955	actor	\N	["Casino Patron"]
tt12956024	5	nm1018317	director	\N	\N
tt12956024	6	nm4130724	producer	producer	\N
tt12956024	7	nm11838934	cinematographer	co-cinematographer	\N
tt12956026	10	nm10429955	producer	producer	\N
tt12956026	1	nm5611699	actor	\N	["Dev"]
tt12956026	2	nm5893456	actress	\N	["Pavithira"]
tt12956026	3	nm11809195	director	\N	\N
tt12956026	4	nm11553606	writer	\N	\N
tt12956026	5	nm11809197	writer	\N	\N
tt12956026	6	nm11512577	writer	\N	\N
tt12956026	7	nm11809198	writer	\N	\N
tt12956026	8	nm11809196	writer	\N	\N
tt12956026	9	nm11809200	producer	producer	\N
tt12956028	10	nm10429955	producer	producer	\N
tt12956028	1	nm5611699	actor	\N	["Dev"]
tt12956028	2	nm5893456	actress	\N	["Pavithira"]
tt12956028	3	nm11809195	director	\N	\N
tt12956028	4	nm11553606	writer	\N	\N
tt12956028	5	nm11809197	writer	\N	\N
tt12956028	6	nm11512577	writer	\N	\N
tt12956028	7	nm11809198	writer	\N	\N
tt12956028	8	nm11809196	writer	\N	\N
tt12956028	9	nm11809200	producer	producer	\N
tt12956030	10	nm10429955	producer	producer	\N
tt12956030	1	nm5611699	actor	\N	["Dev"]
tt12956030	2	nm5893456	actress	\N	["Pavithira"]
tt12956030	3	nm11809195	director	\N	\N
tt12956030	4	nm11553606	writer	\N	\N
tt12956030	5	nm11809197	writer	\N	\N
tt12956030	6	nm11512577	writer	\N	\N
tt12956030	7	nm11809198	writer	\N	\N
tt12956030	8	nm11809196	writer	\N	\N
tt12956030	9	nm11809200	producer	producer	\N
tt12956032	10	nm10429955	producer	producer	\N
tt12956032	1	nm5611699	actor	\N	["Dev"]
tt12956032	2	nm5893456	actress	\N	["Pavithira"]
tt12956032	3	nm11809195	director	\N	\N
tt12956032	4	nm11553606	writer	\N	\N
tt12956032	5	nm11809197	writer	\N	\N
tt12956032	6	nm11512577	writer	\N	\N
tt12956032	7	nm11809198	writer	\N	\N
tt12956032	8	nm11809196	writer	\N	\N
tt12956032	9	nm11809200	producer	producer	\N
tt12956034	1	nm6856823	editor	\N	\N
tt12956036	10	nm10429955	producer	producer	\N
tt12956036	1	nm5611699	actor	\N	["Dev"]
tt12956036	2	nm5893456	actress	\N	["Pavithira"]
tt12956036	3	nm11809195	director	\N	\N
tt12956036	4	nm11553606	writer	\N	\N
tt12956036	5	nm11809197	writer	\N	\N
tt12956036	6	nm11512577	writer	\N	\N
tt12956036	7	nm11809198	writer	\N	\N
tt12956036	8	nm11809196	writer	\N	\N
tt12956036	9	nm11809200	producer	producer	\N
tt12956038	1	nm0061849	actress	\N	["Lorie Brooks"]
tt12956040	1	nm0061849	actress	\N	["Lorie Brooks"]
tt12956042	10	nm10429955	producer	producer	\N
tt12956042	1	nm5611699	actor	\N	["Dev"]
tt12956042	2	nm5893456	actress	\N	["Pavithira"]
tt12956042	3	nm11824911	director	\N	\N
tt12956042	4	nm11553606	writer	\N	\N
tt12956042	5	nm11809197	writer	\N	\N
tt12956042	6	nm11512577	writer	\N	\N
tt12956042	7	nm11809198	writer	\N	\N
tt12956042	8	nm11809196	writer	\N	\N
tt12956042	9	nm11809200	producer	producer	\N
tt12956044	1	nm0061849	actress	\N	["Lorie Brooks"]
tt12956046	1	nm0061849	actress	\N	["Lorie Brooks"]
tt12956048	1	nm0061849	actress	\N	["Lorie Brooks"]
tt12956054	1	nm3474951	actor	\N	\N
tt12956054	2	nm11766364	writer	\N	\N
tt12956056	1	nm11838938	self	\N	["Self"]
tt12956058	1	nm0061849	actress	\N	["Lorie Brooks"]
tt12956060	1	nm0730297	actress	\N	["Estelle"]
tt12956060	2	nm2113987	actress	\N	["Agnes"]
tt12956060	3	nm1546932	director	\N	\N
tt12956062	1	nm0061849	actress	\N	["Lorie Brooks"]
tt12956064	1	nm0061849	actress	\N	["Lorie Brooks"]
tt12956068	1	nm5720033	actor	\N	\N
tt12956068	2	nm5527954	actress	\N	["Ensemble"]
tt12956068	3	nm6783530	actress	\N	\N
tt12956068	4	nm6880955	actress	\N	\N
tt12956068	5	nm10192244	producer	producer	\N
tt12956068	6	nm11838940	composer	composer	\N
tt12956068	7	nm9583526	cinematographer	\N	\N
tt12956074	1	nm0061849	actress	\N	["Lorie Brooks"]
tt12956078	1	nm11838944	director	\N	\N
tt12956080	1	nm0061849	actress	\N	["Lorie Brooks"]
tt12956082	1	nm0061849	actress	\N	["Lorie Brooks"]
tt12956084	10	nm3384399	cinematographer	\N	\N
tt12956084	1	nm2903846	actor	\N	\N
tt12956084	2	nm2929316	actress	\N	["Lector"]
tt12956084	3	nm3993818	actor	\N	["Doctor Warchala"]
tt12956084	4	nm7271012	actress	\N	["Nurse Ewa Dabrowska"]
tt12956084	5	nm8152588	director	\N	\N
tt12956084	6	nm6363394	writer	screenplay	\N
tt12956084	7	nm6900456	writer	screenplay	\N
tt12956084	8	nm11071655	writer	supervising writer	\N
tt12956084	9	nm2793271	producer	producer	\N
tt12956086	1	nm0061849	actress	\N	["Lorie Brooks"]
tt12956088	1	nm0061849	actress	\N	["Lorie Brooks"]
tt12956092	1	nm5069764	actor	\N	["Tanner"]
tt12956092	2	nm12557237	director	\N	\N
tt12956094	10	nm12179624	editor	co-editor	\N
tt12956094	1	nm10949665	actor	\N	["Habu"]
tt12956094	2	nm5887741	actor	\N	["Nehal"]
tt12956094	3	nm9051270	actress	\N	["Nafisa"]
tt12956094	4	nm7132294	actress	\N	["Nabila"]
tt12956094	5	nm10949663	director	\N	\N
tt12956094	6	nm12015362	writer	producer: presented by	\N
tt12956094	7	nm12019394	cinematographer	main cinematographer	\N
tt12956094	8	nm12166957	editor	main editor	\N
tt12956094	9	nm11148246	editor	main editor	\N
tt12956096	1	nm0061849	actress	\N	["Lorie Brooks"]
tt12956100	1	nm9981601	self	\N	["Self"]
tt12956100	2	nm10354627	self	\N	["Self"]
tt12956100	3	nm9981596	self	\N	["Self"]
tt12956100	4	nm10887080	editor	\N	\N
tt12956102	1	nm0061849	actress	\N	["Lorie Brooks"]
tt12956104	1	nm0061849	actress	\N	["Lorie Brooks"]
tt12956106	1	nm0061849	actress	\N	["Lorie Brooks"]
tt12956110	10	nm6920460	producer	producer	\N
tt12956110	1	nm11344267	writer	\N	\N
tt12956110	2	nm10980884	writer	\N	\N
tt12956110	3	nm6053615	writer	\N	\N
tt12956110	4	nm9728091	writer	\N	\N
tt12956110	5	nm5691118	writer	\N	\N
tt12956110	6	nm9728092	writer	\N	\N
tt12956110	7	nm11371849	writer	\N	\N
tt12956110	8	nm8405572	writer	\N	\N
tt12956110	9	nm7644028	writer	\N	\N
tt12956112	1	nm0061849	actress	\N	["Lorie Brooks"]
tt12956118	1	nm0341311	self	\N	["Self - Host"]
tt12956118	2	nm0086706	self	\N	["Self"]
tt12956118	3	nm0004769	self	\N	["Self"]
tt12956118	4	nm0512388	self	\N	["Self - Orchestra Leader"]
tt12956118	5	nm3016495	self	\N	["Themselves"]
tt12956118	6	nm0731469	self	\N	["Self"]
tt12956120	1	nm9981601	self	\N	["Self"]
tt12956120	2	nm10354626	self	\N	["Self"]
tt12956120	3	nm10354627	self	\N	["Self"]
tt12956120	4	nm9981596	self	\N	["Self"]
tt12956120	5	nm9934878	editor	\N	\N
tt12956122	1	nm0061849	actress	\N	["Lorie Brooks"]
tt12956124	1	nm0061849	actress	\N	["Lorie Brooks"]
tt12956126	1	nm0061849	actress	\N	["Lorie Brooks"]
tt12956128	10	nm10429955	producer	producer	\N
tt12956128	1	nm5611699	actor	\N	["Dev"]
tt12956128	2	nm5893456	actress	\N	["Pavithira"]
tt12956128	3	nm11824911	director	\N	\N
tt12956128	4	nm11553606	writer	\N	\N
tt12956128	5	nm11809197	writer	\N	\N
tt12956128	6	nm11512577	writer	\N	\N
tt12956128	7	nm11809198	writer	\N	\N
tt12956128	8	nm11809196	writer	\N	\N
tt12956128	9	nm11809200	producer	producer	\N
tt12956130	10	nm10429955	producer	producer	\N
tt12956130	1	nm5611699	actor	\N	["Dev"]
tt12956130	2	nm5893456	actress	\N	["Pavithira"]
tt12956130	3	nm11824911	director	\N	\N
tt12956130	4	nm11553606	writer	\N	\N
tt12956130	5	nm11809197	writer	\N	\N
tt12956130	6	nm11512577	writer	\N	\N
tt12956130	7	nm11809198	writer	\N	\N
tt12956130	8	nm11809196	writer	\N	\N
tt12956130	9	nm11809200	producer	producer	\N
tt12956132	10	nm10429955	producer	producer	\N
tt12956132	1	nm5611699	actor	\N	["Dev"]
tt12956132	2	nm5893456	actress	\N	["Pavithira"]
tt12956132	3	nm11824911	director	\N	\N
tt12956132	4	nm11553606	writer	\N	\N
tt12956132	5	nm11809197	writer	\N	\N
tt12956132	6	nm11512577	writer	\N	\N
tt12956132	7	nm11809198	writer	\N	\N
tt12956132	8	nm11809196	writer	\N	\N
tt12956132	9	nm11809200	producer	producer	\N
tt12956134	10	nm10429955	producer	producer	\N
tt12956134	1	nm5611699	actor	\N	["Dev"]
tt12956134	2	nm5893456	actress	\N	["Pavithira"]
tt12956134	3	nm11824911	director	\N	\N
tt12956134	4	nm11553606	writer	\N	\N
tt12956134	5	nm11809197	writer	\N	\N
tt12956134	6	nm11512577	writer	\N	\N
tt12956134	7	nm11809198	writer	\N	\N
tt12956134	8	nm11809196	writer	\N	\N
tt12956134	9	nm11809200	producer	producer	\N
tt12956138	10	nm10429955	producer	producer	\N
tt12956138	1	nm5611699	actor	\N	["Dev"]
tt12956138	2	nm5893456	actress	\N	["Pavithira"]
tt12956138	3	nm11824911	director	\N	\N
tt12956138	4	nm11553606	writer	\N	\N
tt12956138	5	nm11809197	writer	\N	\N
tt12956138	6	nm11512577	writer	\N	\N
tt12956138	7	nm11809198	writer	\N	\N
tt12956138	8	nm11809196	writer	\N	\N
tt12956138	9	nm11809200	producer	producer	\N
tt12956140	10	nm6920460	producer	producer	\N
tt12956140	1	nm11344267	writer	\N	\N
tt12956140	2	nm10980884	writer	\N	\N
tt12956140	3	nm6053615	writer	\N	\N
tt12956140	4	nm9728091	writer	\N	\N
tt12956140	5	nm5691118	writer	\N	\N
tt12956140	6	nm9728092	writer	\N	\N
tt12956140	7	nm11371849	writer	\N	\N
tt12956140	8	nm8405572	writer	\N	\N
tt12956140	9	nm7644028	writer	\N	\N
tt12956142	10	nm10429955	producer	producer	\N
tt12956142	1	nm5611699	actor	\N	["Dev"]
tt12956142	2	nm5893456	actress	\N	["Pavithira"]
tt12956142	3	nm11824911	director	\N	\N
tt12956142	4	nm11553606	writer	\N	\N
tt12956142	5	nm11809197	writer	\N	\N
tt12956142	6	nm11512577	writer	\N	\N
tt12956142	7	nm11809198	writer	\N	\N
tt12956142	8	nm11809196	writer	\N	\N
tt12956142	9	nm11809200	producer	producer	\N
tt12956144	10	nm10429955	producer	producer	\N
tt12956144	1	nm5611699	actor	\N	["Dev"]
tt12956144	2	nm5893456	actress	\N	["Pavithira"]
tt12956144	3	nm11824911	director	\N	\N
tt12956144	4	nm11553606	writer	\N	\N
tt12956144	5	nm11809197	writer	\N	\N
tt12956144	6	nm11512577	writer	\N	\N
tt12956144	7	nm11809198	writer	\N	\N
tt12956144	8	nm11809196	writer	\N	\N
tt12956144	9	nm11809200	producer	producer	\N
tt12956146	1	nm0061849	actress	\N	["Lorie Brooks"]
tt12956148	10	nm10429955	producer	producer	\N
tt12956148	1	nm5611699	actor	\N	["Dev"]
tt12956148	2	nm5893456	actress	\N	["Pavithira"]
tt12956148	3	nm11824911	director	\N	\N
tt12956148	4	nm11553606	writer	\N	\N
tt12956148	5	nm11809197	writer	\N	\N
tt12956148	6	nm11512577	writer	\N	\N
tt12956148	7	nm11809198	writer	\N	\N
tt12956148	8	nm11809196	writer	\N	\N
tt12956148	9	nm11809200	producer	producer	\N
tt12956150	10	nm10429955	producer	producer	\N
tt12956150	1	nm5611699	actor	\N	["Dev"]
tt12956150	2	nm5893456	actress	\N	["Pavithira"]
tt12956150	3	nm11824911	director	\N	\N
tt12956150	4	nm11553606	writer	\N	\N
tt12956150	5	nm11809197	writer	\N	\N
tt12956150	6	nm11512577	writer	\N	\N
tt12956150	7	nm11809198	writer	\N	\N
tt12956150	8	nm11809196	writer	\N	\N
tt12956150	9	nm11809200	producer	producer	\N
tt12956152	10	nm10429955	producer	producer	\N
tt12956152	1	nm5611699	actor	\N	["Dev"]
tt12956152	2	nm5893456	actress	\N	["Pavithira"]
tt12956152	3	nm11824911	director	\N	\N
tt12956152	4	nm11553606	writer	\N	\N
tt12956152	5	nm11809197	writer	\N	\N
tt12956152	6	nm11512577	writer	\N	\N
tt12956152	7	nm11809198	writer	\N	\N
tt12956152	8	nm11809196	writer	\N	\N
tt12956152	9	nm11809200	producer	producer	\N
tt12956154	10	nm10429955	producer	producer	\N
tt12956154	1	nm5611699	actor	\N	["Dev"]
tt12956154	2	nm5893456	actress	\N	["Pavithira"]
tt12956154	3	nm11824911	director	\N	\N
tt12956154	4	nm11553606	writer	\N	\N
tt12956154	5	nm11809197	writer	\N	\N
tt12956154	6	nm11512577	writer	\N	\N
tt12956154	7	nm11809198	writer	\N	\N
tt12956154	8	nm11809196	writer	\N	\N
tt12956154	9	nm11809200	producer	producer	\N
tt12956156	10	nm10429955	producer	producer	\N
tt12956156	1	nm5611699	actor	\N	["Dev"]
tt12956156	2	nm5893456	actress	\N	["Pavithira"]
tt12956156	3	nm11824911	director	\N	\N
tt12956156	4	nm11553606	writer	\N	\N
tt12956156	5	nm11809197	writer	\N	\N
tt12956156	6	nm11512577	writer	\N	\N
tt12956156	7	nm11809198	writer	\N	\N
tt12956156	8	nm11809196	writer	\N	\N
tt12956156	9	nm11809200	producer	producer	\N
tt12956158	10	nm10429955	producer	producer	\N
tt12956158	1	nm5611699	actor	\N	["Dev"]
tt12956158	2	nm5893456	actress	\N	["Pavithira"]
tt12956158	3	nm11824911	director	\N	\N
tt12956158	4	nm11553606	writer	\N	\N
tt12956158	5	nm11809197	writer	\N	\N
tt12956158	6	nm11512577	writer	\N	\N
tt12956158	7	nm11809198	writer	\N	\N
tt12956158	8	nm11809196	writer	\N	\N
tt12956158	9	nm11809200	producer	producer	\N
tt12956160	1	nm9981601	self	\N	["Self"]
tt12956160	2	nm10354626	self	\N	["Self"]
tt12956160	3	nm10354627	self	\N	["Self"]
tt12956160	4	nm9981596	self	\N	["Self"]
tt12956160	5	nm10693441	editor	\N	\N
tt12956162	10	nm10429955	producer	producer	\N
tt12956162	1	nm5611699	actor	\N	["Dev"]
tt12956162	2	nm5893456	actress	\N	["Pavithira"]
tt12956162	3	nm11824911	director	\N	\N
tt12956162	4	nm11553606	writer	\N	\N
tt12956162	5	nm11809197	writer	\N	\N
tt12956162	6	nm11512577	writer	\N	\N
tt12956162	7	nm11809198	writer	\N	\N
tt12956162	8	nm11809196	writer	\N	\N
tt12956162	9	nm11809200	producer	producer	\N
tt12956164	10	nm10429955	producer	producer	\N
tt12956164	1	nm5611699	actor	\N	["Dev"]
tt12956164	2	nm5893456	actress	\N	["Pavithira"]
tt12956164	3	nm11824911	director	\N	\N
tt12956164	4	nm11553606	writer	\N	\N
tt12956164	5	nm11809197	writer	\N	\N
tt12956164	6	nm11512577	writer	\N	\N
tt12956164	7	nm11809198	writer	\N	\N
tt12956164	8	nm11809196	writer	\N	\N
tt12956164	9	nm11809200	producer	producer	\N
tt12956166	10	nm10429955	producer	producer	\N
tt12956166	1	nm5611699	actor	\N	["Dev"]
tt12956166	2	nm5893456	actress	\N	["Pavithira"]
tt12956166	3	nm11824911	director	\N	\N
tt12956166	4	nm11553606	writer	\N	\N
tt12956166	5	nm11809197	writer	\N	\N
tt12956166	6	nm11512577	writer	\N	\N
tt12956166	7	nm11809198	writer	\N	\N
tt12956166	8	nm11809196	writer	\N	\N
tt12956166	9	nm11809200	producer	producer	\N
tt12956168	10	nm10429955	producer	producer	\N
tt12956168	1	nm5611699	actor	\N	["Dev"]
tt12956168	2	nm5893456	actress	\N	["Pavithira"]
tt12956168	3	nm11824911	director	\N	\N
tt12956168	4	nm11553606	writer	\N	\N
tt12956168	5	nm11809197	writer	\N	\N
tt12956168	6	nm11512577	writer	\N	\N
tt12956168	7	nm11809198	writer	\N	\N
tt12956168	8	nm11809196	writer	\N	\N
tt12956168	9	nm11809200	producer	producer	\N
tt12956170	10	nm6920460	producer	producer	\N
tt12956170	1	nm11344267	writer	\N	\N
tt12956170	2	nm10980884	writer	\N	\N
tt12956170	3	nm6053615	writer	\N	\N
tt12956170	4	nm9728091	writer	\N	\N
tt12956170	5	nm5691118	writer	\N	\N
tt12956170	6	nm9728092	writer	\N	\N
tt12956170	7	nm11371849	writer	\N	\N
tt12956170	8	nm8405572	writer	\N	\N
tt12956170	9	nm7644028	writer	\N	\N
tt12956172	10	nm10429955	producer	producer	\N
tt12956172	1	nm5611699	actor	\N	["Dev"]
tt12956172	2	nm5893456	actress	\N	["Pavithira"]
tt12956172	3	nm11824911	director	\N	\N
tt12956172	4	nm11553606	writer	\N	\N
tt12956172	5	nm11809197	writer	\N	\N
tt12956172	6	nm11512577	writer	\N	\N
tt12956172	7	nm11809198	writer	\N	\N
tt12956172	8	nm11809196	writer	\N	\N
tt12956172	9	nm11809200	producer	producer	\N
tt12956174	10	nm10429955	producer	producer	\N
tt12956174	1	nm5611699	actor	\N	["Dev"]
tt12956174	2	nm5893456	actress	\N	["Pavithira"]
tt12956174	3	nm11824911	director	\N	\N
tt12956174	4	nm11553606	writer	\N	\N
tt12956174	5	nm11809197	writer	\N	\N
tt12956174	6	nm11512577	writer	\N	\N
tt12956174	7	nm11809198	writer	\N	\N
tt12956174	8	nm11809196	writer	\N	\N
tt12956174	9	nm11809200	producer	producer	\N
tt12956176	10	nm10429955	producer	producer	\N
tt12956176	1	nm5611699	actor	\N	["Dev"]
tt12956176	2	nm5893456	actress	\N	["Pavithira"]
tt12956176	3	nm10045188	director	\N	\N
tt12956176	4	nm11553606	writer	\N	\N
tt12956176	5	nm11809197	writer	\N	\N
tt12956176	6	nm11512577	writer	\N	\N
tt12956176	7	nm11809198	writer	\N	\N
tt12956176	8	nm11809196	writer	\N	\N
tt12956176	9	nm11809200	producer	producer	\N
tt12956178	10	nm10429955	producer	producer	\N
tt12956178	1	nm5611699	actor	\N	["Dev"]
tt12956178	2	nm5893456	actress	\N	["Pavithira"]
tt12956178	3	nm10045188	director	\N	\N
tt12956178	4	nm11553606	writer	\N	\N
tt12956178	5	nm11809197	writer	\N	\N
tt12956178	6	nm11512577	writer	\N	\N
tt12956178	7	nm11809198	writer	\N	\N
tt12956178	8	nm11809196	writer	\N	\N
tt12956178	9	nm11809200	producer	producer	\N
tt12956180	1	nm11284997	actor	\N	["Prince Charming"]
tt12956180	2	nm11838980	actor	\N	["B.B. Wolf"]
tt12956180	3	nm8430862	actor	\N	["Mad Hatter"]
tt12956180	4	nm2370932	actor	\N	["Lil Boy Blue"]
tt12956180	5	nm6834275	director	\N	\N
tt12956180	6	nm3110141	actor	\N	["Mayor Rumpelstilskin"]
tt12956180	7	nm9832978	actor	\N	["Jack Bean Stalk"]
tt12956180	8	nm11838981	actor	\N	["Jack Nimble"]
tt12956180	9	nm9580989	actress	\N	["Alice in Wonderland"]
tt12956182	1	nm0061849	actress	\N	["Lorie Brooks"]
tt12956184	10	nm10429955	producer	producer	\N
tt12956184	1	nm5611699	actor	\N	["Dev"]
tt12956184	2	nm5893456	actress	\N	["Pavithira"]
tt12956184	3	nm10045188	director	\N	\N
tt12956184	4	nm11553606	writer	\N	\N
tt12956184	5	nm11809197	writer	\N	\N
tt12956184	6	nm11512577	writer	\N	\N
tt12956184	7	nm11809198	writer	\N	\N
tt12956184	8	nm11809196	writer	\N	\N
tt12956184	9	nm11809200	producer	producer	\N
tt12956186	10	nm10429955	producer	producer	\N
tt12956186	1	nm5611699	actor	\N	["Dev"]
tt12956186	2	nm5893456	actress	\N	["Pavithira"]
tt12956186	3	nm10045188	director	\N	\N
tt12956186	4	nm11553606	writer	\N	\N
tt12956186	5	nm11809197	writer	\N	\N
tt12956186	6	nm11512577	writer	\N	\N
tt12956186	7	nm11809198	writer	\N	\N
tt12956186	8	nm11809196	writer	\N	\N
tt12956186	9	nm11809200	producer	producer	\N
tt12956188	10	nm10429955	producer	producer	\N
tt12956188	1	nm5611699	actor	\N	["Dev"]
tt12956188	2	nm5893456	actress	\N	["Pavithira"]
tt12956188	3	nm10045188	director	\N	\N
tt12956188	4	nm11553606	writer	\N	\N
tt12956188	5	nm11809197	writer	\N	\N
tt12956188	6	nm11512577	writer	\N	\N
tt12956188	7	nm11809198	writer	\N	\N
tt12956188	8	nm11809196	writer	\N	\N
tt12956188	9	nm11809200	producer	producer	\N
tt12956190	10	nm10429955	producer	producer	\N
tt12956190	1	nm5611699	actor	\N	["Dev"]
tt12956190	2	nm5893456	actress	\N	["Pavithira"]
tt12956190	3	nm10045188	director	\N	\N
tt12956190	4	nm11553606	writer	\N	\N
tt12956190	5	nm11809197	writer	\N	\N
tt12956190	6	nm11512577	writer	\N	\N
tt12956190	7	nm11809198	writer	\N	\N
tt12956190	8	nm11809196	writer	\N	\N
tt12956190	9	nm11809200	producer	producer	\N
tt12956192	10	nm6920460	producer	producer	\N
tt12956192	1	nm11344267	writer	\N	\N
tt12956192	2	nm10980884	writer	\N	\N
tt12956192	3	nm6053615	writer	\N	\N
tt12956192	4	nm9728091	writer	\N	\N
tt12956192	5	nm5691118	writer	\N	\N
tt12956192	6	nm9728092	writer	\N	\N
tt12956192	7	nm11371849	writer	\N	\N
tt12956192	8	nm8405572	writer	\N	\N
tt12956192	9	nm7644028	writer	\N	\N
tt12956194	10	nm10429955	producer	producer	\N
tt12956194	1	nm5611699	actor	\N	["Dev"]
tt12956194	2	nm5893456	actress	\N	["Pavithira"]
tt12956194	3	nm10045188	director	\N	\N
tt12956194	4	nm11553606	writer	\N	\N
tt12956194	5	nm11809197	writer	\N	\N
tt12956194	6	nm11512577	writer	\N	\N
tt12956194	7	nm11809198	writer	\N	\N
tt12956194	8	nm11809196	writer	\N	\N
tt12956194	9	nm11809200	producer	producer	\N
tt12956196	1	nm9981601	self	\N	["Self"]
tt12956196	2	nm10354626	self	\N	["Self"]
tt12956196	3	nm10354627	self	\N	["Self - Rick"]
tt12956196	4	nm9981596	self	\N	["Self"]
tt12956196	5	nm10887080	editor	\N	\N
tt12956198	1	nm0061849	actress	\N	["Lorie Brooks"]
tt12956200	10	nm10429955	producer	producer	\N
tt12956200	1	nm5611699	actor	\N	["Dev"]
tt12956200	2	nm5893456	actress	\N	["Pavithira"]
tt12956200	3	nm10045188	director	\N	\N
tt12956200	4	nm11553606	writer	\N	\N
tt12956200	5	nm11809197	writer	\N	\N
tt12956200	6	nm11512577	writer	\N	\N
tt12956200	7	nm11809198	writer	\N	\N
tt12956200	8	nm11809196	writer	\N	\N
tt12956200	9	nm11809200	producer	producer	\N
tt12956202	10	nm10429955	producer	producer	\N
tt12956202	1	nm5611699	actor	\N	["Dev"]
tt12956202	2	nm5893456	actress	\N	["Pavithira"]
tt12956202	3	nm10045188	director	\N	\N
tt12956202	4	nm11553606	writer	\N	\N
tt12956202	5	nm11809197	writer	\N	\N
tt12956202	6	nm11512577	writer	\N	\N
tt12956202	7	nm11809198	writer	\N	\N
tt12956202	8	nm11809196	writer	\N	\N
tt12956202	9	nm11809200	producer	producer	\N
tt12956204	10	nm10429955	producer	producer	\N
tt12956204	1	nm5611699	actor	\N	["Dev"]
tt12956204	2	nm5893456	actress	\N	["Pavithira"]
tt12956204	3	nm10045188	director	\N	\N
tt12956204	4	nm11553606	writer	\N	\N
tt12956204	5	nm11809197	writer	\N	\N
tt12956204	6	nm11512577	writer	\N	\N
tt12956204	7	nm11809198	writer	\N	\N
tt12956204	8	nm11809196	writer	\N	\N
tt12956204	9	nm11809200	producer	producer	\N
tt12956206	1	nm1251525	self	\N	["Self - Host"]
tt12956208	10	nm10429955	producer	producer	\N
tt12956208	1	nm5611699	actor	\N	["Dev"]
tt12956208	2	nm5893456	actress	\N	["Pavithira"]
tt12956208	3	nm10045188	director	\N	\N
tt12956208	4	nm11553606	writer	\N	\N
tt12956208	5	nm11809197	writer	\N	\N
tt12956208	6	nm11512577	writer	\N	\N
tt12956208	7	nm11809198	writer	\N	\N
tt12956208	8	nm11809196	writer	\N	\N
tt12956208	9	nm11809200	producer	producer	\N
tt12956210	1	nm0061849	actress	\N	["Lorie Brooks"]
tt12956212	10	nm10429955	producer	producer	\N
tt12956212	1	nm5611699	actor	\N	["Dev"]
tt12956212	2	nm5893456	actress	\N	["Pavithira"]
tt12956212	3	nm10045188	director	\N	\N
tt12956212	4	nm11553606	writer	\N	\N
tt12956212	5	nm11809197	writer	\N	\N
tt12956212	6	nm11512577	writer	\N	\N
tt12956212	7	nm11809198	writer	\N	\N
tt12956212	8	nm11809196	writer	\N	\N
tt12956212	9	nm11809200	producer	producer	\N
tt12956216	10	nm10429955	producer	producer	\N
tt12956216	1	nm5611699	actor	\N	["Dev"]
tt12956216	2	nm5893456	actress	\N	["Pavithira"]
tt12956216	3	nm10045188	director	\N	\N
tt12956216	4	nm11553606	writer	\N	\N
tt12956216	5	nm11809197	writer	\N	\N
tt12956216	6	nm11512577	writer	\N	\N
tt12956216	7	nm11809198	writer	\N	\N
tt12956216	8	nm11809196	writer	\N	\N
tt12956216	9	nm11809200	producer	producer	\N
tt12956218	10	nm10429955	producer	producer	\N
tt12956218	1	nm5611699	actor	\N	["Dev"]
tt12956218	2	nm5893456	actress	\N	["Pavithira"]
tt12956218	3	nm10045188	director	\N	\N
tt12956218	4	nm11553606	writer	\N	\N
tt12956218	5	nm11809197	writer	\N	\N
tt12956218	6	nm11512577	writer	\N	\N
tt12956218	7	nm11809198	writer	\N	\N
tt12956218	8	nm11809196	writer	\N	\N
tt12956218	9	nm11809200	producer	producer	\N
tt12956220	1	nm0061849	actress	\N	["Lorie Brooks"]
tt12956222	10	nm10429955	producer	producer	\N
tt12956222	1	nm5611699	actor	\N	["Dev"]
tt12956222	2	nm5893456	actress	\N	["Pavithira"]
tt12956222	3	nm10045188	director	\N	\N
tt12956222	4	nm11553606	writer	\N	\N
tt12956222	5	nm11809197	writer	\N	\N
tt12956222	6	nm11512577	writer	\N	\N
tt12956222	7	nm11809198	writer	\N	\N
tt12956222	8	nm11809196	writer	\N	\N
tt12956222	9	nm11809200	producer	producer	\N
tt12956226	10	nm0600353	producer	producer	\N
tt12956226	1	nm0073217	actor	\N	["Dr. Steve Hardy"]
tt12956226	2	nm0024720	actress	\N	["Audrey Hardy, R.N."]
tt12956226	3	nm0361048	actor	\N	["Lee Baldwin"]
tt12956226	4	nm0732468	actor	\N	["Dr. Rick Webber"]
tt12956226	5	nm0812211	director	\N	\N
tt12956226	6	nm0989955	writer	\N	\N
tt12956226	7	nm0355005	writer	with	\N
tt12956226	8	nm0403569	writer	created by	\N
tt12956226	9	nm0403568	writer	created by	\N
tt12956228	10	nm10429955	producer	producer	\N
tt12956228	1	nm5611699	actor	\N	["Dev"]
tt12956228	2	nm5893456	actress	\N	["Pavithira"]
tt12956228	3	nm10045188	director	\N	\N
tt12956228	4	nm11553606	writer	\N	\N
tt12956228	5	nm11809197	writer	\N	\N
tt12956228	6	nm11512577	writer	\N	\N
tt12956228	7	nm11809198	writer	\N	\N
tt12956228	8	nm11809196	writer	\N	\N
tt12956228	9	nm11809200	producer	producer	\N
tt12956230	10	nm10429955	producer	producer	\N
tt12956230	1	nm5611699	actor	\N	["Dev"]
tt12956230	2	nm5893456	actress	\N	["Pavithira"]
tt12956230	3	nm10045188	director	\N	\N
tt12956230	4	nm11553606	writer	\N	\N
tt12956230	5	nm11809197	writer	\N	\N
tt12956230	6	nm11512577	writer	\N	\N
tt12956230	7	nm11809198	writer	\N	\N
tt12956230	8	nm11809196	writer	\N	\N
tt12956230	9	nm11809200	producer	producer	\N
tt12956232	10	nm10429955	producer	producer	\N
tt12956232	1	nm5611699	actor	\N	["Dev"]
tt12956232	2	nm5893456	actress	\N	["Pavithira"]
tt12956232	3	nm10045188	director	\N	\N
tt12956232	4	nm11553606	writer	\N	\N
tt12956232	5	nm11809197	writer	\N	\N
tt12956232	6	nm11512577	writer	\N	\N
tt12956232	7	nm11809198	writer	\N	\N
tt12956232	8	nm11809196	writer	\N	\N
tt12956232	9	nm11809200	producer	producer	\N
tt12956234	10	nm10429955	producer	producer	\N
tt12956234	1	nm5611699	actor	\N	["Dev"]
tt12956234	2	nm5893456	actress	\N	["Pavithira"]
tt12956234	3	nm10045188	director	\N	\N
tt12956234	4	nm11553606	writer	\N	\N
tt12956234	5	nm11809197	writer	\N	\N
tt12956234	6	nm11512577	writer	\N	\N
tt12956234	7	nm11809198	writer	\N	\N
tt12956234	8	nm11809196	writer	\N	\N
tt12956234	9	nm11809200	producer	producer	\N
tt12956240	10	nm10429955	producer	producer	\N
tt12956240	1	nm5611699	actor	\N	["Dev"]
tt12956240	2	nm5893456	actress	\N	["Pavithira"]
tt12956240	3	nm10045188	director	\N	\N
tt12956240	4	nm11553606	writer	\N	\N
tt12956240	5	nm11809197	writer	\N	\N
tt12956240	6	nm11512577	writer	\N	\N
tt12956240	7	nm11809198	writer	\N	\N
tt12956240	8	nm11809196	writer	\N	\N
tt12956240	9	nm11809200	producer	producer	\N
tt12956242	1	nm0061849	actress	\N	["Lorie Brooks"]
tt12956244	1	nm0210975	self	\N	["Self - Host"]
tt12956244	2	nm2361800	editor	finishing editor	\N
tt12956248	1	nm1251525	self	\N	["Self - Host"]
tt12956250	1	nm3123544	self	\N	["Self - Host"]
tt12956250	2	nm1361351	self	\N	["Self"]
tt12956250	3	nm8166233	self	\N	["Self"]
tt12956254	1	nm1251525	self	\N	["Self - Host"]
tt12956256	1	nm2139748	self	\N	["Self - Presenter"]
tt12956256	2	nm4663859	self	\N	["Self - Presenter"]
tt12956256	3	nm8332043	self	\N	["Self - Outside Xbox Presenter"]
tt12956258	1	nm11613454	actress	\N	\N
tt12956258	2	nm7801547	actor	\N	\N
tt12956258	3	nm11613452	actor	\N	\N
tt12956258	4	nm11613451	actor	\N	\N
tt12956258	5	nm10641547	director	\N	\N
tt12956260	1	nm0061849	actress	\N	["Lorie Brooks"]
tt12956262	1	nm3123544	self	\N	["Self - Host"]
tt12956262	2	nm4193397	self	\N	["Self"]
tt12956262	3	nm11854166	self	\N	["Self"]
tt12956262	4	nm10493651	self	\N	["Self"]
tt12956264	10	nm2010123	actress	\N	["Sara"]
tt12956264	1	nm4425740	actress	\N	["Ana"]
tt12956264	2	nm4428013	actress	\N	["Suncica"]
tt12956264	3	nm3788479	actor	\N	["Uros"]
tt12956264	4	nm8527657	actor	\N	["Luka"]
tt12956264	5	nm0590568	actor	\N	["Relja"]
tt12956264	6	nm8617039	actress	\N	["Marta"]
tt12956264	7	nm2725299	actress	\N	["Lidija"]
tt12956264	8	nm1651400	actress	\N	["Vesna"]
tt12956264	9	nm2523766	actor	\N	["Goran"]
tt12956266	1	nm1251525	self	\N	["Self - Host"]
tt12956272	10	nm11839006	self	\N	["Self"]
tt12956272	1	nm1958862	self	\N	["Self"]
tt12956272	2	nm2353870	self	\N	["Self"]
tt12956272	3	nm4393743	self	\N	["Self"]
tt12956272	4	nm10984803	self	\N	["Self"]
tt12956272	5	nm5040821	self	\N	["Self"]
tt12956272	6	nm1426968	self	\N	["Self - Host"]
tt12956272	7	nm1871460	self	\N	["Self"]
tt12956272	8	nm2382536	self	\N	["Themselves"]
tt12956272	9	nm11829934	self	\N	["Self"]
tt12956274	1	nm0061849	actress	\N	["Lorie Brooks"]
tt12956276	1	nm10354626	self	\N	["Self"]
tt12956276	2	nm10354627	self	\N	["Self"]
tt12956276	3	nm10887080	editor	\N	\N
tt12956280	1	nm0061849	actress	\N	["Lorie Brooks"]
tt12956282	1	nm6803073	actor	\N	["Joe"]
tt12956284	1	nm11613454	actress	\N	\N
tt12956284	2	nm7801547	actor	\N	\N
tt12956284	3	nm11613452	actor	\N	\N
tt12956284	4	nm11613451	actor	\N	\N
tt12956284	5	nm10641547	director	\N	\N
tt12956286	1	nm11613454	actress	\N	\N
tt12956286	2	nm7801547	actor	\N	\N
tt12956286	3	nm11613452	actor	\N	\N
tt12956286	4	nm11613451	actor	\N	\N
tt12956286	5	nm10641547	director	\N	\N
tt12956288	1	nm11613454	actress	\N	\N
tt12956288	2	nm7801547	actor	\N	\N
tt12956288	3	nm11613452	actor	\N	\N
tt12956288	4	nm11613451	actor	\N	\N
tt12956288	5	nm10641547	director	\N	\N
tt12956290	1	nm11613454	actress	\N	\N
tt12956290	2	nm7801547	actor	\N	\N
tt12956290	3	nm11613452	actor	\N	\N
tt12956290	4	nm11613451	actor	\N	\N
tt12956290	5	nm10641547	director	\N	\N
tt12956292	1	nm0061849	actress	\N	["Lorie Brooks"]
tt12956294	1	nm11839008	self	\N	["Self"]
tt12956294	2	nm8332460	actor	\N	\N
tt12956296	1	nm11613454	actress	\N	\N
tt12956296	2	nm7801547	actor	\N	\N
tt12956296	3	nm11613452	actor	\N	\N
tt12956296	4	nm11613451	actor	\N	\N
tt12956296	5	nm10641547	director	\N	\N
tt12956298	1	nm11613454	actress	\N	\N
tt12956298	2	nm7801547	actor	\N	\N
tt12956298	3	nm11613452	actor	\N	\N
tt12956298	4	nm11613451	actor	\N	\N
tt12956298	5	nm10641547	director	\N	\N
tt12956300	1	nm11613454	actress	\N	\N
tt12956300	2	nm7801547	actor	\N	\N
tt12956300	3	nm11613452	actor	\N	\N
tt12956300	4	nm11613451	actor	\N	\N
tt12956300	5	nm10641547	director	\N	\N
tt12956302	1	nm11613454	actress	\N	\N
tt12956302	2	nm7801547	actor	\N	\N
tt12956302	3	nm11613452	actor	\N	\N
tt12956302	4	nm11613451	actor	\N	\N
tt12956302	5	nm10641547	director	\N	\N
tt12956304	1	nm0061849	actress	\N	["Lorie Brooks"]
tt12956306	1	nm11613454	actress	\N	\N
tt12956306	2	nm7801547	actor	\N	\N
tt12956306	3	nm11613452	actor	\N	\N
tt12956306	4	nm11613451	actor	\N	\N
tt12956306	5	nm10641547	director	\N	\N
tt12956308	1	nm11613454	actress	\N	\N
tt12956308	2	nm7801547	actor	\N	\N
tt12956308	3	nm11613452	actor	\N	\N
tt12956308	4	nm11613451	actor	\N	\N
tt12956308	5	nm10641547	director	\N	\N
tt12956310	1	nm11613454	actress	\N	\N
tt12956310	2	nm7801547	actor	\N	\N
tt12956310	3	nm11613452	actor	\N	\N
tt12956310	4	nm11613451	actor	\N	\N
tt12956310	5	nm10641547	director	\N	\N
tt12956314	1	nm11613454	actress	\N	\N
tt12956314	2	nm7801547	actor	\N	\N
tt12956314	3	nm11613452	actor	\N	\N
tt12956314	4	nm11613451	actor	\N	\N
tt12956314	5	nm10641547	director	\N	\N
tt12956316	1	nm11613454	actress	\N	\N
tt12956316	2	nm7801547	actor	\N	\N
tt12956316	3	nm11613452	actor	\N	\N
tt12956316	4	nm11613451	actor	\N	\N
tt12956316	5	nm10641547	director	\N	\N
tt12956318	1	nm11613454	actress	\N	\N
tt12956318	2	nm7801547	actor	\N	\N
tt12956318	3	nm11613452	actor	\N	\N
tt12956318	4	nm11613451	actor	\N	\N
tt12956318	5	nm10641547	director	\N	\N
tt12956322	1	nm11613454	actress	\N	\N
tt12956322	2	nm7801547	actor	\N	\N
tt12956322	3	nm11613452	actor	\N	\N
tt12956322	4	nm11613451	actor	\N	\N
tt12956322	5	nm10641547	director	\N	\N
tt12956324	1	nm0061849	actress	\N	["Lorie Brooks"]
tt12956326	1	nm11169119	director	\N	\N
tt12956328	1	nm6803073	actor	\N	\N
tt12956330	1	nm11613454	actress	\N	\N
tt12956330	2	nm7801547	actor	\N	\N
tt12956330	3	nm11613452	actor	\N	\N
tt12956330	4	nm11613451	actor	\N	\N
tt12956330	5	nm10641547	director	\N	\N
tt12956332	1	nm11613454	actress	\N	\N
tt12956332	2	nm7801547	actor	\N	\N
tt12956332	3	nm11613452	actor	\N	\N
tt12956332	4	nm11613451	actor	\N	\N
tt12956332	5	nm10641547	director	\N	\N
tt12956334	1	nm0061849	actress	\N	["Lorie Brooks"]
tt12956336	1	nm11613454	actress	\N	\N
tt12956336	2	nm7801547	actor	\N	\N
tt12956336	3	nm11613452	actor	\N	\N
tt12956336	4	nm11613451	actor	\N	\N
tt12956336	5	nm10641547	director	\N	\N
tt12956338	1	nm11613454	actress	\N	\N
tt12956338	2	nm7801547	actor	\N	\N
tt12956338	3	nm11613452	actor	\N	\N
tt12956338	4	nm11613451	actor	\N	\N
tt12956338	5	nm10641547	director	\N	\N
tt12956340	1	nm0061849	actress	\N	["Lorie Brooks"]
tt12956342	10	nm2217745	self	\N	["Themselves"]
tt12956342	1	nm2413020	self	\N	["Self"]
tt12956342	2	nm5278970	self	\N	["Themselves"]
tt12956342	3	nm8810902	self	\N	["Self"]
tt12956342	4	nm1426968	self	\N	["Self - Host"]
tt12956342	5	nm0488851	self	\N	["Self"]
tt12956342	6	nm1871460	self	\N	["Self"]
tt12956342	7	nm11003852	self	\N	["Self"]
tt12956342	8	nm5067814	self	\N	["Themselves"]
tt12956342	9	nm1518137	self	\N	["Self"]
tt12956344	1	nm0061849	actress	\N	["Lorie Brooks"]
tt12956346	1	nm0061849	actress	\N	["Lorie Brooks"]
tt12956348	1	nm11838268	self	\N	["Self"]
tt12956348	2	nm5175654	self	\N	["Self - Host"]
tt12956348	3	nm11837123	self	\N	["Self"]
tt12956348	4	nm8376880	self	\N	["Self - Host"]
tt12956348	5	nm11837118	self	\N	["Self"]
tt12956348	6	nm8951741	self	\N	["Self"]
tt12956348	7	nm11838267	self	\N	["Self"]
tt12956350	1	nm0061849	actress	\N	["Lorie Brooks"]
tt12956352	1	nm0061849	actress	\N	["Lorie Brooks"]
tt12956354	1	nm1460830	self	\N	["Self"]
tt12956354	2	nm8955496	self	\N	["Self - Host"]
tt12956354	3	nm1957712	self	\N	["Self - Host"]
tt12956354	4	nm10957864	self	\N	["Self"]
tt12956354	5	nm3095667	self	\N	["Self"]
tt12956356	1	nm0061849	actress	\N	["Lorie Brooks"]
tt12956358	1	nm11799943	self	\N	["Self - Guest"]
tt12956358	2	nm4761336	self	\N	["Self - Contributor"]
tt12956358	3	nm5167648	self	\N	["Self - Contributor"]
tt12956358	4	nm1757452	self	\N	["Self - Host"]
tt12956358	5	nm8839020	self	\N	["Self - Contributor"]
tt12956358	6	nm0916357	self	\N	["Self - Guest"]
tt12956358	7	nm2850455	self	\N	["Self - Contributor"]
tt12956360	1	nm11838268	self	\N	["Self"]
tt12956360	2	nm5175654	self	\N	["Self - Host"]
tt12956360	3	nm11837123	self	\N	["Self"]
tt12956360	4	nm8376880	self	\N	["Self - Host"]
tt12956360	5	nm11837118	self	\N	["Self"]
tt12956360	6	nm8951741	self	\N	["Self"]
tt12956360	7	nm11838267	self	\N	["Self"]
tt12956362	1	nm0061849	actress	\N	["Lorie Brooks"]
tt12956364	1	nm0061849	actress	\N	["Lorie Brooks"]
tt12956366	1	nm3172674	self	\N	["Self - Contributor"]
tt12956366	2	nm4138582	self	\N	["Self - Guest"]
tt12956366	3	nm11423682	self	\N	["Self - Contributor"]
tt12956366	4	nm1821472	self	\N	["Self - Host"]
tt12956368	1	nm11838268	self	\N	["Self"]
tt12956368	2	nm5175654	self	\N	["Self - Host"]
tt12956368	3	nm11837123	self	\N	["Self"]
tt12956368	4	nm8376880	self	\N	["Self - Host"]
tt12956368	5	nm11837118	self	\N	["Self"]
tt12956368	6	nm8951741	self	\N	["Self"]
tt12956368	7	nm11838267	self	\N	["Self"]
tt12956370	1	nm0061849	actress	\N	["Lorie Brooks"]
tt12956372	1	nm1905605	self	\N	["Self - Guest"]
tt12956372	2	nm0086363	self	\N	["Self - Guest"]
tt12956372	3	nm2192355	self	\N	["Self - Guest"]
tt12956372	4	nm11856813	self	\N	["Self - Guest"]
tt12956372	5	nm1821472	self	\N	["Self - Host"]
tt12956374	1	nm10592367	actress	\N	\N
tt12956374	2	nm9326259	actress	\N	\N
tt12956374	3	nm10592368	actress	\N	\N
tt12956374	4	nm11501856	actress	\N	["Seetha Devi"]
tt12956374	5	nm11828294	director	\N	\N
tt12956374	6	nm11828293	writer	\N	\N
tt12956374	7	nm11828295	cinematographer	\N	\N
tt12956374	8	nm11828296	editor	\N	\N
tt12956374	9	nm11828297	editor	\N	\N
tt12956376	1	nm0061849	actress	\N	["Lorie Brooks"]
tt12956378	1	nm0061849	actress	\N	["Lorie Brooks"]
tt12956380	1	nm0061849	actress	\N	["Lorie Brooks"]
tt12956382	1	nm10592367	actress	\N	\N
tt12956382	2	nm9326259	actress	\N	\N
tt12956382	3	nm10592368	actress	\N	\N
tt12956382	4	nm11501856	actress	\N	["Seetha Devi"]
tt12956382	5	nm11828294	director	\N	\N
tt12956382	6	nm11828293	writer	\N	\N
tt12956382	7	nm11828295	cinematographer	\N	\N
tt12956382	8	nm11828296	editor	\N	\N
tt12956382	9	nm11828297	editor	\N	\N
tt12956384	10	nm13092756	producer	producer	\N
tt12956384	1	nm7490325	actor	\N	["Glenn Litbeit"]
tt12956384	2	nm6506497	actress	\N	["Saphentite Neikes"]
tt12956384	3	nm10667764	actress	\N	["Kay Arte"]
tt12956384	4	nm5425945	actress	\N	["Tisalia Scythia"]
tt12956384	5	nm0412607	director	\N	\N
tt12956384	6	nm1768333	writer	screenplay	\N
tt12956384	7	nm13092758	writer	screenplay	\N
tt12956384	8	nm13092757	writer	light novel	\N
tt12956384	9	nm7332876	producer	producer	\N
tt12956386	1	nm10592367	actress	\N	\N
tt12956386	2	nm9326259	actress	\N	\N
tt12956386	3	nm10592368	actress	\N	\N
tt12956386	4	nm11501856	actress	\N	["Seetha Devi"]
tt12956386	5	nm11828294	director	\N	\N
tt12956386	6	nm11828293	writer	\N	\N
tt12956386	7	nm11828295	cinematographer	\N	\N
tt12956386	8	nm11828296	editor	\N	\N
tt12956386	9	nm11828297	editor	\N	\N
tt12956388	1	nm5175654	self	\N	["Self - Host"]
tt12956388	2	nm11837123	self	\N	["Self"]
tt12956388	3	nm8376880	self	\N	["Self - Host"]
tt12956388	4	nm11837118	self	\N	["Self"]
tt12956388	5	nm8951741	self	\N	["Self"]
tt12956388	6	nm11838267	self	\N	["Self"]
tt12956390	1	nm9438457	self	\N	["Self - Contributor"]
tt12956390	2	nm6858245	self	\N	["Self - Panelist"]
tt12956390	3	nm10024085	self	\N	["Self - Panelist"]
tt12956390	4	nm6322758	self	\N	["Self - Panelist"]
tt12956390	5	nm11818176	self	\N	["Self - Contributor"]
tt12956392	1	nm10592367	actress	\N	\N
tt12956392	2	nm9326259	actress	\N	\N
tt12956392	3	nm10592368	actress	\N	\N
tt12956392	4	nm11501856	actress	\N	["Seetha Devi"]
tt12956392	5	nm11828294	director	\N	\N
tt12956392	6	nm11828293	writer	\N	\N
tt12956392	7	nm11828295	cinematographer	\N	\N
tt12956392	8	nm11828296	editor	\N	\N
tt12956392	9	nm11828297	editor	\N	\N
tt12956394	1	nm0061849	actress	\N	["Lorie Brooks"]
tt12956396	1	nm10592367	actress	\N	\N
tt12956396	2	nm9326259	actress	\N	\N
tt12956396	3	nm10592368	actress	\N	\N
tt12956396	4	nm11501856	actress	\N	["Seetha Devi"]
tt12956396	5	nm11828294	director	\N	\N
tt12956396	6	nm11828293	writer	\N	\N
tt12956396	7	nm11828295	cinematographer	\N	\N
tt12956396	8	nm11828296	editor	\N	\N
tt12956396	9	nm11828297	editor	\N	\N
tt12956398	1	nm10592367	actress	\N	\N
tt12956398	2	nm9326259	actress	\N	\N
tt12956398	3	nm10592368	actress	\N	\N
tt12956398	4	nm11501856	actress	\N	["Seetha Devi"]
tt12956398	5	nm11828294	director	\N	\N
tt12956398	6	nm11828293	writer	\N	\N
tt12956398	7	nm11828295	cinematographer	\N	\N
tt12956398	8	nm11828296	editor	\N	\N
tt12956398	9	nm11828297	editor	\N	\N
tt12956400	1	nm10592367	actress	\N	\N
tt12956400	2	nm9326259	actress	\N	\N
tt12956400	3	nm10592368	actress	\N	\N
tt12956400	4	nm11501856	actress	\N	["Seetha Devi"]
tt12956400	5	nm11828294	director	\N	\N
tt12956400	6	nm11828293	writer	\N	\N
tt12956400	7	nm11828295	cinematographer	\N	\N
tt12956400	8	nm11828296	editor	\N	\N
tt12956400	9	nm11828297	editor	\N	\N
tt12956402	1	nm10592367	actress	\N	\N
tt12956402	2	nm9326259	actress	\N	\N
tt12956402	3	nm10592368	actress	\N	\N
tt12956402	4	nm11501856	actress	\N	["Seetha Devi"]
tt12956402	5	nm11828294	director	\N	\N
tt12956402	6	nm11828293	writer	\N	\N
tt12956402	7	nm11828295	cinematographer	\N	\N
tt12956402	8	nm11828296	editor	\N	\N
tt12956402	9	nm11828297	editor	\N	\N
tt12956404	1	nm10592367	actress	\N	\N
tt12956404	2	nm9326259	actress	\N	\N
tt12956404	3	nm10592368	actress	\N	\N
tt12956404	4	nm11501856	actress	\N	["Seetha Devi"]
tt12956404	5	nm11828294	director	\N	\N
tt12956404	6	nm11828293	writer	\N	\N
tt12956404	7	nm11828295	cinematographer	\N	\N
tt12956404	8	nm11828296	editor	\N	\N
tt12956404	9	nm11828297	editor	\N	\N
tt12956406	1	nm0061849	actress	\N	["Lorie Brooks"]
tt12956408	1	nm10592367	actress	\N	\N
tt12956408	2	nm9326259	actress	\N	\N
tt12956408	3	nm10592368	actress	\N	\N
tt12956408	4	nm11501856	actress	\N	["Seetha Devi"]
tt12956408	5	nm11828294	director	\N	\N
tt12956408	6	nm11828293	writer	\N	\N
tt12956408	7	nm11828295	cinematographer	\N	\N
tt12956408	8	nm11828296	editor	\N	\N
tt12956408	9	nm11828297	editor	\N	\N
tt12956410	1	nm10592367	actress	\N	\N
tt12956410	2	nm9326259	actress	\N	\N
tt12956410	3	nm10592368	actress	\N	\N
tt12956410	4	nm11501856	actress	\N	["Seetha Devi"]
tt12956410	5	nm11828294	director	\N	\N
tt12956410	6	nm11828293	writer	\N	\N
tt12956410	7	nm11828295	cinematographer	\N	\N
tt12956410	8	nm11828296	editor	\N	\N
tt12956410	9	nm11828297	editor	\N	\N
tt12956412	1	nm10592367	actress	\N	\N
tt12956412	2	nm9326259	actress	\N	\N
tt12956412	3	nm10592368	actress	\N	\N
tt12956412	4	nm11501856	actress	\N	["Seetha Devi"]
tt12956412	5	nm11828294	director	\N	\N
tt12956412	6	nm11828293	writer	\N	\N
tt12956412	7	nm11828295	cinematographer	\N	\N
tt12956412	8	nm11828296	editor	\N	\N
tt12956412	9	nm11828297	editor	\N	\N
tt12956414	1	nm10957864	self	\N	["Self"]
tt12956414	2	nm0935269	self	\N	["Self - Host"]
tt12956416	1	nm10592367	actress	\N	\N
tt12956416	2	nm9326259	actress	\N	\N
tt12956416	3	nm10592368	actress	\N	\N
tt12956416	4	nm11501856	actress	\N	["Seetha Devi"]
tt12956416	5	nm11828294	director	\N	\N
tt12956416	6	nm11828293	writer	\N	\N
tt12956416	7	nm11828295	cinematographer	\N	\N
tt12956416	8	nm11828296	editor	\N	\N
tt12956416	9	nm11828297	editor	\N	\N
tt12956418	1	nm5175654	self	\N	["Self - Host"]
tt12956418	2	nm11837123	self	\N	["Self"]
tt12956418	3	nm8376880	self	\N	["Self - Host"]
tt12956418	4	nm11837118	self	\N	["Self"]
tt12956418	5	nm8951741	self	\N	["Self"]
tt12956418	6	nm11838267	self	\N	["Self"]
tt12956420	1	nm0061849	actress	\N	["Lorie Brooks"]
tt12956422	1	nm10592367	actress	\N	\N
tt12956422	2	nm9326259	actress	\N	\N
tt12956422	3	nm10592368	actress	\N	\N
tt12956422	4	nm11501856	actress	\N	["Seetha Devi"]
tt12956422	5	nm11828294	director	\N	\N
tt12956422	6	nm11828293	writer	\N	\N
tt12956422	7	nm11828295	cinematographer	\N	\N
tt12956422	8	nm11828296	editor	\N	\N
tt12956422	9	nm11828297	editor	\N	\N
tt12956424	1	nm10592367	actress	\N	\N
tt12956424	2	nm9326259	actress	\N	\N
tt12956424	3	nm10592368	actress	\N	\N
tt12956424	4	nm11501856	actress	\N	["Seetha Devi"]
tt12956424	5	nm11828294	director	\N	\N
tt12956424	6	nm11828293	writer	\N	\N
tt12956424	7	nm11828295	cinematographer	\N	\N
tt12956424	8	nm11828296	editor	\N	\N
tt12956424	9	nm11828297	editor	\N	\N
tt12956426	1	nm10592367	actress	\N	\N
tt12956426	2	nm9326259	actress	\N	\N
tt12956426	3	nm10592368	actress	\N	\N
tt12956426	4	nm11501856	actress	\N	["Seetha Devi"]
tt12956426	5	nm11828294	director	\N	\N
tt12956426	6	nm11828293	writer	\N	\N
tt12956426	7	nm11828295	cinematographer	\N	\N
tt12956426	8	nm11828296	editor	\N	\N
tt12956426	9	nm11828297	editor	\N	\N
tt12956428	1	nm0061849	actress	\N	["Lorie Brooks"]
tt12956430	1	nm10592367	actress	\N	\N
tt12956430	2	nm9326259	actress	\N	\N
tt12956430	3	nm10592368	actress	\N	\N
tt12956430	4	nm11501856	actress	\N	["Seetha Devi"]
tt12956430	5	nm11828294	director	\N	\N
tt12956430	6	nm11828293	writer	\N	\N
tt12956430	7	nm11828295	cinematographer	\N	\N
tt12956430	8	nm11828296	editor	\N	\N
tt12956430	9	nm11828297	editor	\N	\N
tt12956432	1	nm2175486	actor	\N	["Voice over"]
tt12956432	2	nm0443286	actor	\N	["Voice Over"]
tt12956432	3	nm1056659	self	\N	["Self - Host"]
tt12956432	4	nm3264348	director	\N	\N
tt12956432	5	nm11661365	writer	writer	\N
tt12956432	6	nm1825921	editor	\N	\N
tt12956432	7	nm2754967	production_designer	\N	\N
tt12956434	1	nm10592367	actress	\N	\N
tt12956434	2	nm9326259	actress	\N	\N
tt12956434	3	nm10592368	actress	\N	\N
tt12956434	4	nm11501856	actress	\N	["Seetha Devi"]
tt12956434	5	nm11828294	director	\N	\N
tt12956434	6	nm11828293	writer	\N	\N
tt12956434	7	nm11828295	cinematographer	\N	\N
tt12956434	8	nm11828296	editor	\N	\N
tt12956434	9	nm11828297	editor	\N	\N
tt12956436	1	nm5175654	self	\N	["Self - Host"]
tt12956436	2	nm11837123	self	\N	["Self"]
tt12956436	3	nm8376880	self	\N	["Self - Host"]
tt12956436	4	nm11837118	self	\N	["Self"]
tt12956436	5	nm8951741	self	\N	["Self"]
tt12956436	6	nm11838267	self	\N	["Self"]
tt12956438	1	nm11839032	actor	\N	["Abbass"]
tt12956438	2	nm11839030	actress	\N	["Farah"]
tt12956438	3	nm11765206	actor	\N	["Mahrous el askari"]
tt12956438	4	nm11839029	actress	\N	["Fatima"]
tt12956438	5	nm11839027	director	\N	\N
tt12956438	6	nm11839031	actor	\N	["Dr. Sadek"]
tt12956438	7	nm11839028	actor	\N	["Imad El Sohagy"]
tt12956440	1	nm0341311	self	\N	["Self - Host"]
tt12956440	2	nm0206241	self	\N	["Self"]
tt12956440	3	nm0312414	self	\N	["Self - psychic"]
tt12956440	4	nm0457755	self	\N	["Self"]
tt12956440	5	nm0512388	self	\N	["Self - Orchestra Leader"]
tt12956440	6	nm3016495	self	\N	["Themselves"]
tt12956440	7	nm0680645	self	\N	["Self"]
tt12956446	1	nm6803073	actor	\N	\N
tt12956448	1	nm4870925	actress	\N	["Nicki"]
tt12956448	2	nm8549650	actor	\N	["Travis"]
tt12956448	3	nm11839037	actor	\N	["David"]
tt12956448	4	nm11841706	actress	\N	["Rachelle"]
tt12956448	5	nm9060300	actress	\N	["Janescott"]
tt12956448	6	nm2444635	actor	\N	["Paul"]
tt12956448	7	nm1491382	actor	\N	["Jeff"]
tt12956450	1	nm10592367	actress	\N	\N
tt12956450	2	nm9326259	actress	\N	\N
tt12956450	3	nm10592368	actress	\N	\N
tt12956450	4	nm11501856	actress	\N	["Seetha Devi"]
tt12956450	5	nm11828294	director	\N	\N
tt12956450	6	nm11828293	writer	\N	\N
tt12956450	7	nm11828295	cinematographer	\N	\N
tt12956450	8	nm11828296	editor	\N	\N
tt12956450	9	nm11828297	editor	\N	\N
tt12956452	1	nm10592367	actress	\N	\N
tt12956452	2	nm9326259	actress	\N	\N
tt12956452	3	nm10592368	actress	\N	\N
tt12956452	4	nm11501856	actress	\N	["Seetha Devi"]
tt12956452	5	nm11828294	director	\N	\N
tt12956452	6	nm11828293	writer	\N	\N
tt12956452	7	nm11828295	cinematographer	\N	\N
tt12956452	8	nm11828296	editor	\N	\N
tt12956452	9	nm11828297	editor	\N	\N
tt12956454	1	nm0061849	actress	\N	["Lorie Brooks"]
tt12956456	1	nm0061849	actress	\N	["Lorie Brooks"]
tt12956458	1	nm5175654	self	\N	["Self - Host"]
tt12956458	2	nm11837123	self	\N	["Self"]
tt12956458	3	nm8376880	self	\N	["Self - Host"]
tt12956458	4	nm11837118	self	\N	["Self"]
tt12956458	5	nm8951741	self	\N	["Self"]
tt12956458	6	nm11838267	self	\N	["Self"]
tt12956462	1	nm0061849	actress	\N	["Lorie Brooks"]
tt12956466	1	nm5175654	self	\N	["Self - Host"]
tt12956466	2	nm11837123	self	\N	["Self"]
tt12956466	3	nm8376880	self	\N	["Self - Host"]
tt12956466	4	nm11837118	self	\N	["Self"]
tt12956466	5	nm8951741	self	\N	["Self"]
tt12956466	6	nm11838267	self	\N	["Self"]
tt12956470	1	nm0061849	actress	\N	["Lorie Brooks"]
tt12956472	1	nm2124633	actor	\N	["Running man"]
tt12956476	1	nm0061849	actress	\N	["Lorie Brooks"]
tt12956482	1	nm5175654	self	\N	["Self - Host"]
tt12956482	2	nm11837123	self	\N	["Self"]
tt12956482	3	nm8376880	self	\N	["Self - Host"]
tt12956482	4	nm11837118	self	\N	["Self"]
tt12956482	5	nm8951741	self	\N	["Self"]
tt12956482	6	nm11838267	self	\N	["Self"]
tt12956484	1	nm0223014	actor	\N	["Man in the Crowd"]
tt12956484	2	nm0500273	actor	\N	["Jesus Christ"]
tt12956484	3	nm0681635	actor	\N	["Narrator"]
tt12956488	10	nm1470159	actor	\N	["Delivery Guy"]
tt12956488	1	nm2796534	actress	\N	["Joniece"]
tt12956488	2	nm0123334	actress	\N	["Devorah"]
tt12956488	3	nm11839046	actor	\N	["Greg"]
tt12956488	4	nm0151762	actress	\N	["Constance"]
tt12956488	5	nm2744854	writer	creator	\N
tt12956488	6	nm1018317	writer	creator	\N
tt12956488	7	nm0169917	actress	\N	["Patty"]
tt12956488	8	nm2986224	actress	\N	\N
tt12956488	9	nm11839044	actress	\N	["Karis"]
tt12956492	1	nm6090060	director	\N	\N
tt12956492	2	nm11839047	writer	\N	\N
tt12956492	3	nm4226836	cinematographer	\N	\N
tt12956494	1	nm5175654	self	\N	["Self - Host"]
tt12956494	2	nm8376880	self	\N	["Self - Host"]
tt12956494	3	nm11837118	self	\N	["Self"]
tt12956494	4	nm8951741	self	\N	["Self"]
tt12956494	5	nm11838267	self	\N	["Self"]
tt12956498	1	nm11839049	actress	\N	\N
tt12956498	2	nm11298624	actress	\N	\N
tt12956498	3	nm9319228	director	\N	\N
tt12956498	4	nm11839050	producer	producer	\N
tt12956500	1	nm5175654	self	\N	["Self - Host"]
tt12956500	2	nm8376880	self	\N	["Self - Host"]
tt12956500	3	nm11837118	self	\N	["Self"]
tt12956500	4	nm8951741	self	\N	["Self"]
tt12956500	5	nm11838267	self	\N	["Self"]
tt12956504	10	nm1743831	editor	\N	\N
tt12956504	1	nm4187312	actor	\N	["Narration"]
tt12956504	2	nm10959319	actress	\N	["Franks Wife"]
tt12956504	3	nm12808106	producer	producer	\N
tt12956504	4	nm0217691	composer	\N	\N
tt12956504	5	nm7259874	cinematographer	director of photography	\N
tt12956504	6	nm0649774	cinematographer	director of photography: History	\N
tt12956504	7	nm9515025	editor	\N	\N
tt12956504	8	nm4029222	editor	\N	\N
tt12956504	9	nm12808115	editor	\N	\N
tt12956508	1	nm0061849	actress	\N	["Lorie Brooks"]
tt12956510	1	nm1155518	self	\N	["Self - Host"]
tt12956510	2	nm7993880	self	\N	["Self"]
tt12956510	3	nm0681444	archive_footage	\N	["Self"]
tt12956512	1	nm11092037	archive_footage	\N	["Self"]
tt12956512	2	nm9580527	writer	creator	\N
tt12956518	1	nm10592367	actress	\N	\N
tt12956518	2	nm9326259	actress	\N	\N
tt12956518	3	nm10592368	actress	\N	\N
tt12956518	4	nm11501856	actress	\N	["Seetha Devi"]
tt12956518	5	nm11828294	director	\N	\N
tt12956518	6	nm11828293	writer	\N	\N
tt12956518	7	nm11828295	cinematographer	\N	\N
tt12956518	8	nm11828296	editor	\N	\N
tt12956518	9	nm11828297	editor	\N	\N
tt12956520	1	nm10592367	actress	\N	\N
tt12956520	2	nm9326259	actress	\N	\N
tt12956520	3	nm10592368	actress	\N	\N
tt12956520	4	nm11501856	actress	\N	["Seetha Devi"]
tt12956520	5	nm11828294	director	\N	\N
tt12956520	6	nm11828293	writer	\N	\N
tt12956520	7	nm11828295	cinematographer	\N	\N
tt12956520	8	nm11828296	editor	\N	\N
tt12956520	9	nm11828297	editor	\N	\N
tt12956522	1	nm11839056	self	\N	["Self"]
tt12956522	2	nm11839057	self	\N	["Self"]
tt12956522	3	nm11839055	self	\N	["Self"]
tt12956522	4	nm5175654	self	\N	["Self - Host"]
tt12956522	5	nm8376880	self	\N	["Self - Host"]
tt12956522	6	nm11839052	self	\N	["Self"]
tt12956522	7	nm11839053	self	\N	["Self"]
tt12956522	8	nm11839054	self	\N	["Self"]
tt12956524	1	nm10592367	actress	\N	\N
tt12956524	2	nm9326259	actress	\N	\N
tt12956524	3	nm10592368	actress	\N	\N
tt12956524	4	nm11501856	actress	\N	["Seetha Devi"]
tt12956524	5	nm11828294	director	\N	\N
tt12956524	6	nm11828293	writer	\N	\N
tt12956524	7	nm11828295	cinematographer	\N	\N
tt12956524	8	nm11828296	editor	\N	\N
tt12956524	9	nm11828297	editor	\N	\N
tt12956526	1	nm10592367	actress	\N	\N
tt12956526	2	nm9326259	actress	\N	\N
tt12956526	3	nm10592368	actress	\N	\N
tt12956526	4	nm11501856	actress	\N	["Seetha Devi"]
tt12956526	5	nm11828294	director	\N	\N
tt12956526	6	nm11828293	writer	\N	\N
tt12956526	7	nm11828295	cinematographer	\N	\N
tt12956526	8	nm11828296	editor	\N	\N
tt12956526	9	nm11828297	editor	\N	\N
tt12956528	1	nm10592367	actress	\N	\N
tt12956528	2	nm9326259	actress	\N	\N
tt12956528	3	nm10592368	actress	\N	\N
tt12956528	4	nm11501856	actress	\N	["Seetha Devi"]
tt12956528	5	nm11828294	director	\N	\N
tt12956528	6	nm11828293	writer	\N	\N
tt12956528	7	nm11828295	cinematographer	\N	\N
tt12956528	8	nm11828296	editor	\N	\N
tt12956528	9	nm11828297	editor	\N	\N
tt12956530	1	nm10592367	actress	\N	\N
tt12956530	2	nm9326259	actress	\N	\N
tt12956530	3	nm10592368	actress	\N	\N
tt12956530	4	nm11501856	actress	\N	["Seetha Devi"]
tt12956530	5	nm11828294	director	\N	\N
tt12956530	6	nm11828293	writer	\N	\N
tt12956530	7	nm11828295	cinematographer	\N	\N
tt12956530	8	nm11828296	editor	\N	\N
tt12956530	9	nm11828297	editor	\N	\N
tt12956532	1	nm10592367	actress	\N	\N
tt12956532	2	nm9326259	actress	\N	\N
tt12956532	3	nm10592368	actress	\N	\N
tt12956532	4	nm11501856	actress	\N	["Seetha Devi"]
tt12956532	5	nm11828294	director	\N	\N
tt12956532	6	nm11828293	writer	\N	\N
tt12956532	7	nm11828295	cinematographer	\N	\N
tt12956532	8	nm11828296	editor	\N	\N
tt12956532	9	nm11828297	editor	\N	\N
tt12956534	1	nm10592367	actress	\N	\N
tt12956534	2	nm9326259	actress	\N	\N
tt12956534	3	nm10592368	actress	\N	\N
tt12956534	4	nm11501856	actress	\N	["Seetha Devi"]
tt12956534	5	nm11828294	director	\N	\N
tt12956534	6	nm11828293	writer	\N	\N
tt12956534	7	nm11828295	cinematographer	\N	\N
tt12956534	8	nm11828296	editor	\N	\N
tt12956534	9	nm11828297	editor	\N	\N
tt12956536	1	nm11092037	archive_footage	\N	["Self"]
tt12956536	2	nm9580527	writer	creator	\N
tt12956538	1	nm10592367	actress	\N	\N
tt12956538	2	nm9326259	actress	\N	\N
tt12956538	3	nm10592368	actress	\N	\N
tt12956538	4	nm11501856	actress	\N	["Seetha Devi"]
tt12956538	5	nm11828294	director	\N	\N
tt12956538	6	nm11828293	writer	\N	\N
tt12956538	7	nm11828295	cinematographer	\N	\N
tt12956538	8	nm11828296	editor	\N	\N
tt12956538	9	nm11828297	editor	\N	\N
tt12956540	1	nm10592367	actress	\N	\N
tt12956540	2	nm9326259	actress	\N	\N
tt12956540	3	nm10592368	actress	\N	\N
tt12956540	4	nm11501856	actress	\N	["Seetha Devi"]
tt12956540	5	nm11828294	director	\N	\N
tt12956540	6	nm11828293	writer	\N	\N
tt12956540	7	nm11828295	cinematographer	\N	\N
tt12956540	8	nm11828296	editor	\N	\N
tt12956540	9	nm11828297	editor	\N	\N
tt12956542	10	nm7533257	cinematographer	\N	\N
tt12956542	1	nm2929316	actress	\N	["Lector"]
tt12956542	2	nm3993818	actor	\N	["Doctor Warchala"]
tt12956542	3	nm9599800	actress	\N	\N
tt12956542	4	nm11076590	actress	\N	\N
tt12956542	5	nm8152589	director	\N	\N
tt12956542	6	nm6363394	writer	screenplay	\N
tt12956542	7	nm8152580	writer	screenplay	\N
tt12956542	8	nm11071655	writer	supervising writer	\N
tt12956542	9	nm2793271	producer	producer	\N
tt12956544	1	nm10592367	actress	\N	\N
tt12956544	2	nm9326259	actress	\N	\N
tt12956544	3	nm10592368	actress	\N	\N
tt12956544	4	nm11501856	actress	\N	["Seetha Devi"]
tt12956544	5	nm11828294	director	\N	\N
tt12956544	6	nm11828293	writer	\N	\N
tt12956544	7	nm11828295	cinematographer	\N	\N
tt12956544	8	nm11828296	editor	\N	\N
tt12956544	9	nm11828297	editor	\N	\N
tt12956546	1	nm10592367	actress	\N	\N
tt12956546	2	nm9326259	actress	\N	\N
tt12956546	3	nm10592368	actress	\N	\N
tt12956546	4	nm11501856	actress	\N	["Seetha Devi"]
tt12956546	5	nm11828294	director	\N	\N
tt12956546	6	nm11828293	writer	\N	\N
tt12956546	7	nm11828295	cinematographer	\N	\N
tt12956546	8	nm11828296	editor	\N	\N
tt12956546	9	nm11828297	editor	\N	\N
tt12956548	1	nm10592367	actress	\N	\N
tt12956548	2	nm9326259	actress	\N	\N
tt12956548	3	nm10592368	actress	\N	\N
tt12956548	4	nm11501856	actress	\N	["Seetha Devi"]
tt12956548	5	nm11828294	director	\N	\N
tt12956548	6	nm11828293	writer	\N	\N
tt12956548	7	nm11828295	cinematographer	\N	\N
tt12956548	8	nm11828296	editor	\N	\N
tt12956548	9	nm11828297	editor	\N	\N
tt12956550	1	nm10592367	actress	\N	\N
tt12956550	2	nm9326259	actress	\N	\N
tt12956550	3	nm10592368	actress	\N	\N
tt12956550	4	nm11501856	actress	\N	["Seetha Devi"]
tt12956550	5	nm11828294	director	\N	\N
tt12956550	6	nm11828293	writer	\N	\N
tt12956550	7	nm11828295	cinematographer	\N	\N
tt12956550	8	nm11828296	editor	\N	\N
tt12956550	9	nm11828297	editor	\N	\N
tt12956552	1	nm10592367	actress	\N	\N
tt12956552	2	nm9326259	actress	\N	\N
tt12956552	3	nm10592368	actress	\N	\N
tt12956552	4	nm11501856	actress	\N	["Seetha Devi"]
tt12956552	5	nm11828294	director	\N	\N
tt12956552	6	nm11828293	writer	\N	\N
tt12956552	7	nm11828295	cinematographer	\N	\N
tt12956552	8	nm11828296	editor	\N	\N
tt12956552	9	nm11828297	editor	\N	\N
tt12956554	1	nm10592367	actress	\N	\N
tt12956554	2	nm9326259	actress	\N	\N
tt12956554	3	nm10592368	actress	\N	\N
tt12956554	4	nm11501856	actress	\N	["Seetha Devi"]
tt12956554	5	nm11828294	director	\N	\N
tt12956554	6	nm11828293	writer	\N	\N
tt12956554	7	nm11828295	cinematographer	\N	\N
tt12956554	8	nm11828296	editor	\N	\N
tt12956554	9	nm11828297	editor	\N	\N
tt12956556	1	nm10592367	actress	\N	\N
tt12956556	2	nm9326259	actress	\N	\N
tt12956556	3	nm10592368	actress	\N	\N
tt12956556	4	nm11501856	actress	\N	["Seetha Devi"]
tt12956556	5	nm11828294	director	\N	\N
tt12956556	6	nm11828293	writer	\N	\N
tt12956556	7	nm11828295	cinematographer	\N	\N
tt12956556	8	nm11828296	editor	\N	\N
tt12956556	9	nm11828297	editor	\N	\N
tt12956558	1	nm10592367	actress	\N	\N
tt12956558	2	nm9326259	actress	\N	\N
tt12956558	3	nm10592368	actress	\N	\N
tt12956558	4	nm11501856	actress	\N	["Seetha Devi"]
tt12956558	5	nm11828294	director	\N	\N
tt12956558	6	nm11828293	writer	\N	\N
tt12956558	7	nm11828295	cinematographer	\N	\N
tt12956558	8	nm11828296	editor	\N	\N
tt12956558	9	nm11828297	editor	\N	\N
tt12956560	1	nm10592367	actress	\N	\N
tt12956560	2	nm9326259	actress	\N	\N
tt12956560	3	nm10592368	actress	\N	\N
tt12956560	4	nm11501856	actress	\N	["Seetha Devi"]
tt12956560	5	nm11828294	director	\N	\N
tt12956560	6	nm11828293	writer	\N	\N
tt12956560	7	nm11828295	cinematographer	\N	\N
tt12956560	8	nm11828296	editor	\N	\N
tt12956560	9	nm11828297	editor	\N	\N
tt12956562	1	nm10592367	actress	\N	\N
tt12956562	2	nm9326259	actress	\N	\N
tt12956562	3	nm10592368	actress	\N	\N
tt12956562	4	nm11501856	actress	\N	["Seetha Devi"]
tt12956562	5	nm11828294	director	\N	\N
tt12956562	6	nm11828293	writer	\N	\N
tt12956562	7	nm11828295	cinematographer	\N	\N
tt12956562	8	nm11828296	editor	\N	\N
tt12956562	9	nm11828297	editor	\N	\N
tt12956564	1	nm2013463	self	\N	["Self - Host"]
tt12956564	2	nm3602883	producer	producer	\N
tt12956564	3	nm5185411	producer	producer	\N
tt12956564	4	nm3959904	producer	producer	\N
tt12956566	1	nm2206725	writer	\N	\N
tt12956570	1	nm2013463	self	\N	["Self - Host"]
tt12956570	2	nm3602883	producer	producer	\N
tt12956570	3	nm5185411	producer	producer	\N
tt12956570	4	nm3959904	producer	producer	\N
tt12956572	1	nm0061849	actress	\N	["Lorie Brooks"]
tt12956574	1	nm2013463	self	\N	["Self - Host"]
tt12956574	2	nm3602883	producer	producer	\N
tt12956574	3	nm5185411	producer	producer	\N
tt12956574	4	nm3959904	producer	producer	\N
tt12956576	10	nm4331196	actress	\N	["Meg"]
tt12956576	1	nm1894655	actor	\N	["John Hunchman"]
tt12956576	2	nm2710632	actor	\N	["David Purefoy"]
tt12956576	3	nm3845878	actor	\N	["Tucker"]
tt12956576	4	nm0864997	actor	\N	["John's Dad"]
tt12956576	5	nm0321835	actor	\N	["Mark Tagliano"]
tt12956576	6	nm5327161	actress	\N	["Heather Culbreth"]
tt12956576	7	nm0781238	actress	\N	["Giovanna"]
tt12956576	8	nm2235534	actress	\N	["Waitress","Jen the Waitress"]
tt12956576	9	nm0220808	actress	\N	\N
tt12956578	1	nm2013463	self	\N	["Self - Host"]
tt12956578	2	nm3602883	producer	producer	\N
tt12956578	3	nm5185411	producer	producer	\N
tt12956578	4	nm3959904	producer	producer	\N
tt12956580	1	nm2013463	self	\N	["Self - Host"]
tt12956580	2	nm3602883	producer	producer	\N
tt12956580	3	nm5185411	producer	producer	\N
tt12956580	4	nm3959904	producer	producer	\N
tt12956582	1	nm2013463	self	\N	["Self - Host"]
tt12956582	2	nm3602883	producer	producer	\N
tt12956582	3	nm5185411	producer	producer	\N
tt12956582	4	nm3959904	producer	producer	\N
tt12956584	1	nm2013463	self	\N	["Self - Host"]
tt12956584	2	nm3602883	producer	producer	\N
tt12956584	3	nm5185411	producer	producer	\N
tt12956584	4	nm3959904	producer	producer	\N
tt12956588	1	nm2013463	self	\N	["Self - Host"]
tt12956588	2	nm3602883	producer	producer	\N
tt12956588	3	nm5185411	producer	producer	\N
tt12956588	4	nm3959904	producer	producer	\N
tt12956590	1	nm0684701	self	\N	["Self - Anchor"]
tt12956590	2	nm3002684	self	\N	["Self"]
tt12956590	3	nm10492522	self	\N	["Self"]
tt12956592	1	nm2013463	self	\N	["Self - Host"]
tt12956592	2	nm3602883	producer	producer	\N
tt12956592	3	nm5185411	producer	producer	\N
tt12956592	4	nm3959904	producer	producer	\N
tt12956594	1	nm2013463	self	\N	["Self - Host"]
tt12956594	2	nm3602883	producer	producer	\N
tt12956594	3	nm5185411	producer	producer	\N
tt12956594	4	nm3959904	producer	producer	\N
tt12956596	1	nm0061849	actress	\N	["Lorie Brooks"]
tt12956598	1	nm2013463	self	\N	["Self - Host"]
tt12956598	2	nm3602883	producer	producer	\N
tt12956598	3	nm5185411	producer	producer	\N
tt12956598	4	nm3959904	producer	producer	\N
tt12956600	1	nm2013463	self	\N	["Self - Host"]
tt12956600	2	nm3602883	producer	producer	\N
tt12956600	3	nm5185411	producer	producer	\N
tt12956600	4	nm3959904	producer	producer	\N
tt12956602	1	nm0061849	actress	\N	["Lorie Brooks"]
tt12956604	1	nm2013463	self	\N	["Self - Host"]
tt12956604	2	nm3602883	producer	producer	\N
tt12956604	3	nm5185411	producer	producer	\N
tt12956604	4	nm3959904	producer	producer	\N
tt12956606	1	nm2013463	self	\N	["Self - Host"]
tt12956606	2	nm3602883	producer	producer	\N
tt12956606	3	nm5185411	producer	producer	\N
tt12956606	4	nm3959904	producer	producer	\N
tt12956608	1	nm2013463	self	\N	["Self - Host"]
tt12956608	2	nm3602883	producer	producer	\N
tt12956608	3	nm5185411	producer	producer	\N
tt12956608	4	nm3959904	producer	producer	\N
tt12956610	1	nm2013463	self	\N	["Self - Host"]
tt12956610	2	nm3602883	producer	producer	\N
tt12956610	3	nm5185411	producer	producer	\N
tt12956610	4	nm3959904	producer	producer	\N
tt12956612	1	nm2013463	self	\N	["Self - Host"]
tt12956612	2	nm3602883	producer	producer	\N
tt12956612	3	nm5185411	producer	producer	\N
tt12956612	4	nm3959904	producer	producer	\N
tt12956614	1	nm0061849	actress	\N	["Lorie Brooks"]
tt12956616	1	nm11092037	archive_footage	\N	["Self"]
tt12956616	2	nm9580527	writer	creator	\N
tt12956618	1	nm2013463	self	\N	["Self - Host"]
tt12956618	2	nm3602883	producer	producer	\N
tt12956618	3	nm5185411	producer	producer	\N
tt12956618	4	nm3959904	producer	producer	\N
tt12956620	1	nm2013463	self	\N	["Self - Host"]
tt12956620	2	nm3602883	producer	producer	\N
tt12956620	3	nm5185411	producer	producer	\N
tt12956620	4	nm3959904	producer	producer	\N
tt12956622	1	nm0061849	actress	\N	["Lorie Brooks"]
tt12956624	1	nm2013463	self	\N	["Self - Host"]
tt12956624	2	nm3602883	producer	producer	\N
tt12956624	3	nm5185411	producer	producer	\N
tt12956624	4	nm3959904	producer	producer	\N
tt12956626	1	nm2013463	self	\N	["Self - Host"]
tt12956626	2	nm3602883	producer	producer	\N
tt12956626	3	nm5185411	producer	producer	\N
tt12956626	4	nm3959904	producer	producer	\N
tt12956628	1	nm0061849	actress	\N	["Lorie Brooks"]
tt12956630	1	nm2013463	self	\N	["Self - Host"]
tt12956630	2	nm3602883	producer	producer	\N
tt12956630	3	nm5185411	producer	producer	\N
tt12956630	4	nm3959904	producer	producer	\N
tt12956632	1	nm0061849	actress	\N	["Lorie Brooks"]
tt12956634	1	nm2013463	self	\N	["Self - Host"]
tt12956634	2	nm3602883	producer	producer	\N
tt12956634	3	nm5185411	producer	producer	\N
tt12956634	4	nm3959904	producer	producer	\N
tt12956636	1	nm2013463	self	\N	["Self - Host"]
tt12956636	2	nm3602883	producer	producer	\N
tt12956636	3	nm5185411	producer	producer	\N
tt12956636	4	nm3959904	producer	producer	\N
tt12956638	1	nm2013463	self	\N	["Self - Host"]
tt12956638	2	nm3602883	producer	producer	\N
tt12956638	3	nm5185411	producer	producer	\N
tt12956638	4	nm3959904	producer	producer	\N
tt12956642	1	nm2013463	self	\N	["Self - Host"]
tt12956642	2	nm3602883	producer	producer	\N
tt12956642	3	nm5185411	producer	producer	\N
tt12956642	4	nm3959904	producer	producer	\N
tt12956644	1	nm2013463	self	\N	["Self - Host"]
tt12956644	2	nm3602883	producer	producer	\N
tt12956644	3	nm5185411	producer	producer	\N
tt12956644	4	nm3959904	producer	producer	\N
tt12956646	1	nm2013463	self	\N	["Self - Host"]
tt12956646	2	nm3602883	producer	producer	\N
tt12956646	3	nm5185411	producer	producer	\N
tt12956646	4	nm3959904	producer	producer	\N
tt12956648	1	nm2013463	self	\N	["Self - Host"]
tt12956648	2	nm3602883	producer	producer	\N
tt12956648	3	nm5185411	producer	producer	\N
tt12956648	4	nm3959904	producer	producer	\N
tt12956650	1	nm0061849	actress	\N	["Lorie Brooks"]
tt12956652	1	nm2013463	self	\N	["Self - Host"]
tt12956652	2	nm3602883	producer	producer	\N
tt12956652	3	nm5185411	producer	producer	\N
tt12956652	4	nm3959904	producer	producer	\N
tt12956654	1	nm2013463	self	\N	["Self - Host"]
tt12956654	2	nm3602883	producer	producer	\N
tt12956654	3	nm5185411	producer	producer	\N
tt12956654	4	nm3959904	producer	producer	\N
tt12956656	1	nm2013463	self	\N	["Self - Host"]
tt12956656	2	nm3602883	producer	producer	\N
tt12956656	3	nm5185411	producer	producer	\N
tt12956656	4	nm3959904	producer	producer	\N
tt12956658	1	nm0061849	actress	\N	["Lorie Brooks"]
tt12956660	1	nm2013463	self	\N	["Self - Host"]
tt12956660	2	nm3602883	producer	producer	\N
tt12956660	3	nm5185411	producer	producer	\N
tt12956660	4	nm3959904	producer	producer	\N
tt12956662	1	nm2013463	self	\N	["Self - Host"]
tt12956662	2	nm3602883	producer	producer	\N
tt12956662	3	nm5185411	producer	producer	\N
tt12956662	4	nm3959904	producer	producer	\N
tt12956666	1	nm2013463	self	\N	["Self - Host"]
tt12956666	2	nm3602883	producer	producer	\N
tt12956666	3	nm5185411	producer	producer	\N
tt12956666	4	nm3959904	producer	producer	\N
tt12956668	1	nm2013463	self	\N	["Self - Host"]
tt12956668	2	nm3602883	producer	producer	\N
tt12956668	3	nm5185411	producer	producer	\N
tt12956668	4	nm3959904	producer	producer	\N
tt12956670	1	nm2013463	self	\N	["Self - Host"]
tt12956670	2	nm3602883	producer	producer	\N
tt12956670	3	nm5185411	producer	producer	\N
tt12956670	4	nm3959904	producer	producer	\N
tt12956672	1	nm0061849	actress	\N	["Lorie Brooks"]
tt12956674	1	nm2013463	self	\N	["Self - Host"]
tt12956674	2	nm3602883	producer	producer	\N
tt12956674	3	nm5185411	producer	producer	\N
tt12956674	4	nm3959904	producer	producer	\N
tt12956676	1	nm2013463	self	\N	["Self - Host"]
tt12956676	2	nm3602883	producer	producer	\N
tt12956676	3	nm5185411	producer	producer	\N
tt12956676	4	nm3959904	producer	producer	\N
tt12956678	1	nm11092037	archive_footage	\N	["Self"]
tt12956678	2	nm9580527	writer	creator	\N
tt12956680	1	nm0061849	actress	\N	["Lorie Brooks"]
tt12956682	1	nm2013463	self	\N	["Self - Host"]
tt12956682	2	nm3602883	producer	producer	\N
tt12956682	3	nm5185411	producer	producer	\N
tt12956682	4	nm3959904	producer	producer	\N
tt12956684	1	nm11311955	actor	\N	["Extra"]
tt12956684	2	nm4130724	actor	\N	["Eric"]
tt12956684	3	nm5217142	actor	\N	["Taurean"]
tt12956684	4	nm0425740	actress	\N	["Mrs. Jarrett"]
tt12956684	5	nm1018317	director	\N	\N
tt12956684	6	nm9839007	actress	\N	["Kimberly Jarrett"]
tt12956686	10	nm11536992	editor	\N	\N
tt12956686	1	nm10369627	actor	\N	\N
tt12956686	2	nm10625672	actress	\N	\N
tt12956686	3	nm11536983	actor	\N	\N
tt12956686	4	nm11536982	director	\N	\N
tt12956686	5	nm5030928	writer	\N	\N
tt12956686	6	nm11517589	producer	producer	\N
tt12956686	7	nm11517590	producer	producer	\N
tt12956686	8	nm11517591	cinematographer	\N	\N
tt12956686	9	nm11536991	cinematographer	\N	\N
tt12956694	10	nm11536992	editor	\N	\N
tt12956694	1	nm10369627	actor	\N	\N
tt12956694	2	nm10625672	actress	\N	\N
tt12956694	3	nm11536983	actor	\N	\N
tt12956694	4	nm11536982	director	\N	\N
tt12956694	5	nm5030928	writer	\N	\N
tt12956694	6	nm11517589	producer	producer	\N
tt12956694	7	nm11517590	producer	producer	\N
tt12956694	8	nm11517591	cinematographer	\N	\N
tt12956694	9	nm11536991	cinematographer	\N	\N
tt12956696	10	nm11536992	editor	\N	\N
tt12956696	1	nm10369627	actor	\N	\N
tt12956696	2	nm10625672	actress	\N	\N
tt12956696	3	nm11536983	actor	\N	\N
tt12956696	4	nm11536982	director	\N	\N
tt12956696	5	nm5030928	writer	\N	\N
tt12956696	6	nm11517589	producer	producer	\N
tt12956696	7	nm11517590	producer	producer	\N
tt12956696	8	nm11517591	cinematographer	\N	\N
tt12956696	9	nm11536991	cinematographer	\N	\N
tt12956700	1	nm0341311	self	\N	["Self - Host"]
tt12956700	2	nm11839081	self	\N	["Self - censorship advocate"]
tt12956700	3	nm0512388	self	\N	["Self - Orchestra Leader"]
tt12956700	4	nm0537551	self	\N	["Self - author"]
tt12956700	5	nm3016495	self	\N	["Themselves"]
tt12956700	6	nm0884122	self	\N	["Self - Academy of Motion Pictures President"]
tt12956702	1	nm0061849	actress	\N	["Lorie Brooks"]
tt12956704	10	nm11536992	editor	\N	\N
tt12956704	1	nm10369627	actor	\N	\N
tt12956704	2	nm10625672	actress	\N	\N
tt12956704	3	nm11536983	actor	\N	\N
tt12956704	4	nm11536982	director	\N	\N
tt12956704	5	nm5030928	writer	\N	\N
tt12956704	6	nm11517589	producer	producer	\N
tt12956704	7	nm11517590	producer	producer	\N
tt12956704	8	nm11517591	cinematographer	\N	\N
tt12956704	9	nm11536991	cinematographer	\N	\N
tt12956706	1	nm0061849	actress	\N	["Lorie Brooks"]
tt12956708	10	nm11536992	editor	\N	\N
tt12956708	1	nm10369627	actor	\N	\N
tt12956708	2	nm10625672	actress	\N	\N
tt12956708	3	nm11536983	actor	\N	\N
tt12956708	4	nm11536982	director	\N	\N
tt12956708	5	nm5030928	writer	\N	\N
tt12956708	6	nm11517589	producer	producer	\N
tt12956708	7	nm11517590	producer	producer	\N
tt12956708	8	nm11517591	cinematographer	\N	\N
tt12956708	9	nm11536991	cinematographer	\N	\N
tt12956710	10	nm11536992	editor	\N	\N
tt12956710	1	nm10369627	actor	\N	\N
tt12956710	2	nm10625672	actress	\N	\N
tt12956710	3	nm11536983	actor	\N	\N
tt12956710	4	nm11536982	director	\N	\N
tt12956710	5	nm5030928	writer	\N	\N
tt12956710	6	nm11517589	producer	producer	\N
tt12956710	7	nm11517590	producer	producer	\N
tt12956710	8	nm11517591	cinematographer	\N	\N
tt12956710	9	nm11536991	cinematographer	\N	\N
tt12956714	10	nm11536992	editor	\N	\N
tt12956714	1	nm10369627	actor	\N	\N
tt12956714	2	nm10625672	actress	\N	\N
tt12956714	3	nm11536983	actor	\N	\N
tt12956714	4	nm11536982	director	\N	\N
tt12956714	5	nm5030928	writer	\N	\N
tt12956714	6	nm11517589	producer	producer	\N
tt12956714	7	nm11517590	producer	producer	\N
tt12956714	8	nm11517591	cinematographer	\N	\N
tt12956714	9	nm11536991	cinematographer	\N	\N
tt12956718	1	nm0061849	actress	\N	["Lorie Brooks"]
tt12956720	1	nm1670451	actress	\N	["Ryoma Echizen"]
tt12956720	2	nm0559690	actor	\N	\N
tt12956720	3	nm0847123	actor	\N	\N
tt12956720	4	nm1328859	actor	\N	\N
tt12956720	5	nm1634378	director	\N	\N
tt12956720	6	nm1957780	writer	\N	\N
tt12956720	7	nm0812228	writer	\N	\N
tt12956722	10	nm0470865	self	\N	["Self - Then Central Committee Secretary and later General Secretary of the Socialist Unity Party of Germany"]
tt12956722	1	nm0329784	self	\N	["Self - Then CPSU General Secretary","Self - Then head of state, USSR"]
tt12956722	2	nm6948313	actor	\N	["Narrator"]
tt12956722	3	nm9326634	self	\N	["Self - Then Hungarian Prime Minister"]
tt12956722	4	nm0463216	self	\N	["Self - Then Federal Chancellor"]
tt12956722	5	nm0312986	self	\N	["Self - Then Federal Foreign Minister"]
tt12956722	6	nm1654809	self	\N	["Self - Pastor of St. Nicholas Church in Leipzig"]
tt12956722	7	nm11847307	self	\N	["Self - Then foreign policy advisor, CSSR"]
tt12956722	8	nm1785147	self	\N	["Self - Rock singer"]
tt12956722	9	nm11844509	self	\N	["Self - Border commander Fertörakos"]
tt12956724	1	nm9060700	actor	\N	["Liam"]
tt12956724	2	nm10864298	actor	\N	["Antoine"]
tt12956724	3	nm6345875	actress	\N	["Morgan Gaines"]
tt12956724	4	nm6591863	actress	\N	["Devon"]
tt12956724	5	nm3487452	director	\N	\N
tt12956724	6	nm3575389	cinematographer	\N	\N
tt12956726	1	nm0061849	actress	\N	["Lorie Brooks"]
tt12956728	1	nm8988368	director	\N	\N
tt12956730	1	nm0061849	actress	\N	["Lorie Brooks"]
tt12956732	1	nm0061849	actress	\N	["Lorie Brooks"]
tt12956734	10	nm11536992	editor	\N	\N
tt12956734	1	nm10369627	actor	\N	\N
tt12956734	2	nm10625672	actress	\N	\N
tt12956734	3	nm11536983	actor	\N	\N
tt12956734	4	nm11536982	director	\N	\N
tt12956734	5	nm5030928	writer	\N	\N
tt12956734	6	nm11517589	producer	producer	\N
tt12956734	7	nm11517590	producer	producer	\N
tt12956734	8	nm11517591	cinematographer	\N	\N
tt12956734	9	nm11536991	cinematographer	\N	\N
tt12956736	1	nm9060700	actor	\N	["Liam"]
tt12956736	2	nm10885467	actor	\N	["Sam Hitchins"]
tt12956736	3	nm6345875	actress	\N	["Morgan Gaines"]
tt12956736	4	nm3487452	director	\N	\N
tt12956736	5	nm3575389	cinematographer	\N	\N
tt12956738	10	nm11536992	editor	\N	\N
tt12956738	1	nm10369627	actor	\N	\N
tt12956738	2	nm10625672	actress	\N	\N
tt12956738	3	nm11536983	actor	\N	\N
tt12956738	4	nm11536982	director	\N	\N
tt12956738	5	nm5030928	writer	\N	\N
tt12956738	6	nm11517589	producer	producer	\N
tt12956738	7	nm11517590	producer	producer	\N
tt12956738	8	nm11517591	cinematographer	\N	\N
tt12956738	9	nm11536991	cinematographer	\N	\N
tt12956740	10	nm11536992	editor	\N	\N
tt12956740	1	nm10369627	actor	\N	\N
tt12956740	2	nm10625672	actress	\N	\N
tt12956740	3	nm11536983	actor	\N	\N
tt12956740	4	nm11536982	director	\N	\N
tt12956740	5	nm5030928	writer	\N	\N
tt12956740	6	nm11517589	producer	producer	\N
tt12956740	7	nm11517590	producer	producer	\N
tt12956740	8	nm11517591	cinematographer	\N	\N
tt12956740	9	nm11536991	cinematographer	\N	\N
tt12956744	1	nm9060700	actor	\N	["Liam"]
tt12956744	2	nm6345875	actress	\N	["Morgan Gaines"]
tt12956744	3	nm9014954	actor	\N	["Derek"]
tt12956744	4	nm6591863	actress	\N	["Devon"]
tt12956744	5	nm3487452	director	\N	\N
tt12956744	6	nm3575389	cinematographer	\N	\N
tt12956746	10	nm11536992	editor	\N	\N
tt12956746	1	nm10369627	actor	\N	\N
tt12956746	2	nm10625672	actress	\N	\N
tt12956746	3	nm11536983	actor	\N	\N
tt12956746	4	nm11536982	director	\N	\N
tt12956746	5	nm5030928	writer	\N	\N
tt12956746	6	nm11517589	producer	producer	\N
tt12956746	7	nm11517590	producer	producer	\N
tt12956746	8	nm11517591	cinematographer	\N	\N
tt12956746	9	nm11536991	cinematographer	\N	\N
tt12956748	10	nm11536992	editor	\N	\N
tt12956748	1	nm10369627	actor	\N	\N
tt12956748	2	nm10625672	actress	\N	\N
tt12956748	3	nm11536983	actor	\N	\N
tt12956748	4	nm11536982	director	\N	\N
tt12956748	5	nm5030928	writer	\N	\N
tt12956748	6	nm11517589	producer	producer	\N
tt12956748	7	nm11517590	producer	producer	\N
tt12956748	8	nm11517591	cinematographer	\N	\N
tt12956748	9	nm11536991	cinematographer	\N	\N
tt12956750	1	nm0061849	actress	\N	["Lorie Brooks"]
tt12956752	1	nm9060700	actor	\N	["Liam"]
tt12956752	2	nm6345875	actress	\N	["Morgan Gaines"]
tt12956752	3	nm8020150	actor	\N	["Ash"]
tt12956752	4	nm3487452	director	\N	\N
tt12956752	5	nm3575389	cinematographer	\N	\N
tt12956754	10	nm11536992	editor	\N	\N
tt12956754	1	nm10369627	actor	\N	\N
tt12956754	2	nm10625672	actress	\N	\N
tt12956754	3	nm11536983	actor	\N	\N
tt12956754	4	nm11536982	director	\N	\N
tt12956754	5	nm5030928	writer	\N	\N
tt12956754	6	nm11517589	producer	producer	\N
tt12956754	7	nm11517590	producer	producer	\N
tt12956754	8	nm11517591	cinematographer	\N	\N
tt12956754	9	nm11536991	cinematographer	\N	\N
tt12956756	1	nm0341311	self	\N	["Self - Host"]
tt12956756	2	nm0122675	self	\N	["Self"]
tt12956756	3	nm0438241	self	\N	["Self"]
tt12956756	4	nm0512388	self	\N	["Self - Orchestra Leader"]
tt12956756	5	nm3016495	self	\N	["Themselves"]
tt12956756	6	nm0668326	self	\N	["Self"]
tt12956756	7	nm0941103	self	\N	["Self"]
tt12956758	10	nm11536992	editor	\N	\N
tt12956758	1	nm10369627	actor	\N	\N
tt12956758	2	nm10625672	actress	\N	\N
tt12956758	3	nm11536983	actor	\N	\N
tt12956758	4	nm11536982	director	\N	\N
tt12956758	5	nm5030928	writer	\N	\N
tt12956758	6	nm11517589	producer	producer	\N
tt12956758	7	nm11517590	producer	producer	\N
tt12956758	8	nm11517591	cinematographer	\N	\N
tt12956758	9	nm11536991	cinematographer	\N	\N
tt12956764	10	nm11536992	editor	\N	\N
tt12956764	1	nm10369627	actor	\N	\N
tt12956764	2	nm10625672	actress	\N	\N
tt12956764	3	nm11536983	actor	\N	\N
tt12956764	4	nm11536982	director	\N	\N
tt12956764	5	nm5030928	writer	\N	\N
tt12956764	6	nm11517589	producer	producer	\N
tt12956764	7	nm11517590	producer	producer	\N
tt12956764	8	nm11517591	cinematographer	\N	\N
tt12956764	9	nm11536991	cinematographer	\N	\N
tt12956766	10	nm11536992	editor	\N	\N
tt12956766	1	nm10369627	actor	\N	\N
tt12956766	2	nm10625672	actress	\N	\N
tt12956766	3	nm11536983	actor	\N	\N
tt12956766	4	nm11536982	director	\N	\N
tt12956766	5	nm5030928	writer	\N	\N
tt12956766	6	nm11517589	producer	producer	\N
tt12956766	7	nm11517590	producer	producer	\N
tt12956766	8	nm11517591	cinematographer	\N	\N
tt12956766	9	nm11536991	cinematographer	\N	\N
tt12956768	10	nm11536992	editor	\N	\N
tt12956768	1	nm10369627	actor	\N	\N
tt12956768	2	nm10625672	actress	\N	\N
tt12956768	3	nm11536983	actor	\N	\N
tt12956768	4	nm11536982	director	\N	\N
tt12956768	5	nm5030928	writer	\N	\N
tt12956768	6	nm11517589	producer	producer	\N
tt12956768	7	nm11517590	producer	producer	\N
tt12956768	8	nm11517591	cinematographer	\N	\N
tt12956768	9	nm11536991	cinematographer	\N	\N
tt12956770	10	nm11536992	editor	\N	\N
tt12956770	1	nm10369627	actor	\N	\N
tt12956770	2	nm10625672	actress	\N	\N
tt12956770	3	nm11536983	actor	\N	\N
tt12956770	4	nm11536982	director	\N	\N
tt12956770	5	nm5030928	writer	\N	\N
tt12956770	6	nm11517589	producer	producer	\N
tt12956770	7	nm11517590	producer	producer	\N
tt12956770	8	nm11517591	cinematographer	\N	\N
tt12956770	9	nm11536991	cinematographer	\N	\N
tt12956772	10	nm11536992	editor	\N	\N
tt12956772	1	nm10369627	actor	\N	\N
tt12956772	2	nm10625672	actress	\N	\N
tt12956772	3	nm11536983	actor	\N	\N
tt12956772	4	nm11536982	director	\N	\N
tt12956772	5	nm5030928	writer	\N	\N
tt12956772	6	nm11517589	producer	producer	\N
tt12956772	7	nm11517590	producer	producer	\N
tt12956772	8	nm11517591	cinematographer	\N	\N
tt12956772	9	nm11536991	cinematographer	\N	\N
tt12956774	1	nm0061849	actress	\N	["Lorie Brooks"]
tt12956776	10	nm11536992	editor	\N	\N
tt12956776	1	nm10369627	actor	\N	\N
tt12956776	2	nm10625672	actress	\N	\N
tt12956776	3	nm11536983	actor	\N	\N
tt12956776	4	nm11536982	director	\N	\N
tt12956776	5	nm5030928	writer	\N	\N
tt12956776	6	nm11517589	producer	producer	\N
tt12956776	7	nm11517590	producer	producer	\N
tt12956776	8	nm11517591	cinematographer	\N	\N
tt12956776	9	nm11536991	cinematographer	\N	\N
tt12956778	1	nm11092037	archive_footage	\N	["Self"]
tt12956778	2	nm9580527	writer	creator	\N
tt12956780	1	nm0061849	actress	\N	["Lorie Brooks"]
tt12956782	1	nm11837689	actor	\N	\N
tt12956784	10	nm11511730	cinematographer	\N	\N
tt12956784	1	nm10966173	actor	\N	\N
tt12956784	2	nm3781457	actress	\N	\N
tt12956784	3	nm11511722	actor	\N	\N
tt12956784	4	nm8244841	actor	\N	\N
tt12956784	5	nm10622861	director	\N	\N
tt12956784	6	nm11511726	producer	producer	\N
tt12956784	7	nm11511729	cinematographer	\N	\N
tt12956784	8	nm11511728	cinematographer	\N	\N
tt12956784	9	nm11511727	cinematographer	\N	\N
tt12956788	10	nm11511730	cinematographer	\N	\N
tt12956788	1	nm10966173	actor	\N	\N
tt12956788	2	nm3781457	actress	\N	\N
tt12956788	3	nm11511722	actor	\N	\N
tt12956788	4	nm8244841	actor	\N	\N
tt12956788	5	nm10622861	director	\N	\N
tt12956788	6	nm11511726	producer	producer	\N
tt12956788	7	nm11511729	cinematographer	\N	\N
tt12956788	8	nm11511728	cinematographer	\N	\N
tt12956788	9	nm11511727	cinematographer	\N	\N
tt12956790	1	nm0035842	self	\N	["Self"]
tt12956790	2	nm0004696	self	\N	["Self"]
tt12956790	3	nm0172531	self	\N	["Self"]
tt12956790	4	nm2516863	self	\N	["Self"]
tt12956792	10	nm11511730	cinematographer	\N	\N
tt12956792	1	nm10966173	actor	\N	\N
tt12956792	2	nm3781457	actress	\N	\N
tt12956792	3	nm11511722	actor	\N	\N
tt12956792	4	nm8244841	actor	\N	\N
tt12956792	5	nm10622861	director	\N	\N
tt12956792	6	nm11511726	producer	producer	\N
tt12956792	7	nm11511729	cinematographer	\N	\N
tt12956792	8	nm11511728	cinematographer	\N	\N
tt12956792	9	nm11511727	cinematographer	\N	\N
tt12956794	10	nm11511730	cinematographer	\N	\N
tt12956794	1	nm10966173	actor	\N	\N
tt12956794	2	nm3781457	actress	\N	\N
tt12956794	3	nm11511722	actor	\N	\N
tt12956794	4	nm8244841	actor	\N	\N
tt12956794	5	nm10622861	director	\N	\N
tt12956794	6	nm11511726	producer	producer	\N
tt12956794	7	nm11511729	cinematographer	\N	\N
tt12956794	8	nm11511728	cinematographer	\N	\N
tt12956794	9	nm11511727	cinematographer	\N	\N
tt12956796	10	nm11511730	cinematographer	\N	\N
tt12956796	1	nm10966173	actor	\N	\N
tt12956796	2	nm3781457	actress	\N	\N
tt12956796	3	nm11511722	actor	\N	\N
tt12956796	4	nm8244841	actor	\N	\N
tt12956796	5	nm10622861	director	\N	\N
tt12956796	6	nm11511726	producer	producer	\N
tt12956796	7	nm11511729	cinematographer	\N	\N
tt12956796	8	nm11511728	cinematographer	\N	\N
tt12956796	9	nm11511727	cinematographer	\N	\N
tt12956798	1	nm0061849	actress	\N	["Lorie Brooks"]
tt12956800	10	nm11511730	cinematographer	\N	\N
tt12956800	1	nm10966173	actor	\N	\N
tt12956800	2	nm3781457	actress	\N	\N
tt12956800	3	nm11511722	actor	\N	\N
tt12956800	4	nm8244841	actor	\N	\N
tt12956800	5	nm10622861	director	\N	\N
tt12956800	6	nm11511726	producer	producer	\N
tt12956800	7	nm11511729	cinematographer	\N	\N
tt12956800	8	nm11511728	cinematographer	\N	\N
tt12956800	9	nm11511727	cinematographer	\N	\N
tt12956802	10	nm11511730	cinematographer	\N	\N
tt12956802	1	nm10966173	actor	\N	\N
tt12956802	2	nm3781457	actress	\N	\N
tt12956802	3	nm11511722	actor	\N	\N
tt12956802	4	nm8244841	actor	\N	\N
tt12956802	5	nm10622861	director	\N	\N
tt12956802	6	nm11511726	producer	producer	\N
tt12956802	7	nm11511729	cinematographer	\N	\N
tt12956802	8	nm11511728	cinematographer	\N	\N
tt12956802	9	nm11511727	cinematographer	\N	\N
tt12956804	10	nm11511730	cinematographer	\N	\N
tt12956804	1	nm10966173	actor	\N	\N
tt12956804	2	nm3781457	actress	\N	\N
tt12956804	3	nm11511722	actor	\N	\N
tt12956804	4	nm8244841	actor	\N	\N
tt12956804	5	nm10622861	director	\N	\N
tt12956804	6	nm11511726	producer	producer	\N
tt12956804	7	nm11511729	cinematographer	\N	\N
tt12956804	8	nm11511728	cinematographer	\N	\N
tt12956804	9	nm11511727	cinematographer	\N	\N
tt12956806	10	nm11511730	cinematographer	\N	\N
tt12956806	1	nm10966173	actor	\N	\N
tt12956806	2	nm3781457	actress	\N	\N
tt12956806	3	nm11511722	actor	\N	\N
tt12956806	4	nm8244841	actor	\N	\N
tt12956806	5	nm10622861	director	\N	\N
tt12956806	6	nm11511726	producer	producer	\N
tt12956806	7	nm11511729	cinematographer	\N	\N
tt12956806	8	nm11511728	cinematographer	\N	\N
tt12956806	9	nm11511727	cinematographer	\N	\N
tt12956808	10	nm11511730	cinematographer	\N	\N
tt12956808	1	nm10966173	actor	\N	\N
tt12956808	2	nm3781457	actress	\N	\N
tt12956808	3	nm11511722	actor	\N	\N
tt12956808	4	nm8244841	actor	\N	\N
tt12956808	5	nm10622861	director	\N	\N
tt12956808	6	nm11511726	producer	producer	\N
tt12956808	7	nm11511729	cinematographer	\N	\N
tt12956808	8	nm11511728	cinematographer	\N	\N
tt12956808	9	nm11511727	cinematographer	\N	\N
tt12956810	10	nm11511730	cinematographer	\N	\N
tt12956810	1	nm10966173	actor	\N	\N
tt12956810	2	nm3781457	actress	\N	\N
tt12956810	3	nm11511722	actor	\N	\N
tt12956810	4	nm8244841	actor	\N	\N
tt12956810	5	nm10622861	director	\N	\N
tt12956810	6	nm11511726	producer	producer	\N
tt12956810	7	nm11511729	cinematographer	\N	\N
tt12956810	8	nm11511728	cinematographer	\N	\N
tt12956810	9	nm11511727	cinematographer	\N	\N
tt12956812	10	nm11511730	cinematographer	\N	\N
tt12956812	1	nm10966173	actor	\N	\N
tt12956812	2	nm3781457	actress	\N	\N
tt12956812	3	nm11511722	actor	\N	\N
tt12956812	4	nm8244841	actor	\N	\N
tt12956812	5	nm10622861	director	\N	\N
tt12956812	6	nm11511726	producer	producer	\N
tt12956812	7	nm11511729	cinematographer	\N	\N
tt12956812	8	nm11511728	cinematographer	\N	\N
tt12956812	9	nm11511727	cinematographer	\N	\N
tt12956814	10	nm11511730	cinematographer	\N	\N
tt12956814	1	nm10966173	actor	\N	\N
tt12956814	2	nm3781457	actress	\N	\N
tt12956814	3	nm11511722	actor	\N	\N
tt12956814	4	nm8244841	actor	\N	\N
tt12956814	5	nm10622861	director	\N	\N
tt12956814	6	nm11511726	producer	producer	\N
tt12956814	7	nm11511729	cinematographer	\N	\N
tt12956814	8	nm11511728	cinematographer	\N	\N
tt12956814	9	nm11511727	cinematographer	\N	\N
tt12956816	10	nm11511730	cinematographer	\N	\N
tt12956816	1	nm10966173	actor	\N	\N
tt12956816	2	nm3781457	actress	\N	\N
tt12956816	3	nm11511722	actor	\N	\N
tt12956816	4	nm8244841	actor	\N	\N
tt12956816	5	nm10622861	director	\N	\N
tt12956816	6	nm11511726	producer	producer	\N
tt12956816	7	nm11511729	cinematographer	\N	\N
tt12956816	8	nm11511728	cinematographer	\N	\N
tt12956816	9	nm11511727	cinematographer	\N	\N
tt12956818	10	nm11511730	cinematographer	\N	\N
tt12956818	1	nm10966173	actor	\N	\N
tt12956818	2	nm3781457	actress	\N	\N
tt12956818	3	nm11511722	actor	\N	\N
tt12956818	4	nm8244841	actor	\N	\N
tt12956818	5	nm10622861	director	\N	\N
tt12956818	6	nm11511726	producer	producer	\N
tt12956818	7	nm11511729	cinematographer	\N	\N
tt12956818	8	nm11511728	cinematographer	\N	\N
tt12956818	9	nm11511727	cinematographer	\N	\N
tt12956820	10	nm11511730	cinematographer	\N	\N
tt12956820	1	nm10966173	actor	\N	\N
tt12956820	2	nm3781457	actress	\N	\N
tt12956820	3	nm11511722	actor	\N	\N
tt12956820	4	nm8244841	actor	\N	\N
tt12956820	5	nm10622861	director	\N	\N
tt12956820	6	nm11511726	producer	producer	\N
tt12956820	7	nm11511729	cinematographer	\N	\N
tt12956820	8	nm11511728	cinematographer	\N	\N
tt12956820	9	nm11511727	cinematographer	\N	\N
tt12956822	10	nm11511730	cinematographer	\N	\N
tt12956822	1	nm10966173	actor	\N	\N
tt12956822	2	nm3781457	actress	\N	\N
tt12956822	3	nm11511722	actor	\N	\N
tt12956822	4	nm8244841	actor	\N	\N
tt12956822	5	nm10622861	director	\N	\N
tt12956822	6	nm11511726	producer	producer	\N
tt12956822	7	nm11511729	cinematographer	\N	\N
tt12956822	8	nm11511728	cinematographer	\N	\N
tt12956822	9	nm11511727	cinematographer	\N	\N
tt12956824	1	nm11092037	archive_footage	\N	["Self"]
tt12956824	2	nm9580527	writer	creator	\N
tt12956826	10	nm11511730	cinematographer	\N	\N
tt12956826	1	nm10966173	actor	\N	\N
tt12956826	2	nm3781457	actress	\N	\N
tt12956826	3	nm11511722	actor	\N	\N
tt12956826	4	nm8244841	actor	\N	\N
tt12956826	5	nm10622861	director	\N	\N
tt12956826	6	nm11511726	producer	producer	\N
tt12956826	7	nm11511729	cinematographer	\N	\N
tt12956826	8	nm11511728	cinematographer	\N	\N
tt12956826	9	nm11511727	cinematographer	\N	\N
tt12956830	10	nm11511730	cinematographer	\N	\N
tt12956830	1	nm10966173	actor	\N	\N
tt12956830	2	nm3781457	actress	\N	\N
tt12956830	3	nm11511722	actor	\N	\N
tt12956830	4	nm8244841	actor	\N	\N
tt12956830	5	nm10622861	director	\N	\N
tt12956830	6	nm11511726	producer	producer	\N
tt12956830	7	nm11511729	cinematographer	\N	\N
tt12956830	8	nm11511728	cinematographer	\N	\N
tt12956830	9	nm11511727	cinematographer	\N	\N
tt12956832	10	nm11511730	cinematographer	\N	\N
tt12956832	1	nm10966173	actor	\N	\N
tt12956832	2	nm3781457	actress	\N	\N
tt12956832	3	nm11511722	actor	\N	\N
tt12956832	4	nm8244841	actor	\N	\N
tt12956832	5	nm10622861	director	\N	\N
tt12956832	6	nm11511726	producer	producer	\N
tt12956832	7	nm11511729	cinematographer	\N	\N
tt12956832	8	nm11511728	cinematographer	\N	\N
tt12956832	9	nm11511727	cinematographer	\N	\N
tt12956834	1	nm7770619	actor	\N	["Bansi"]
tt12956834	2	nm1022024	director	\N	\N
tt12956834	3	nm9149939	editor	\N	\N
tt12956834	4	nm0014973	production_designer	\N	\N
tt12956836	1	nm0246556	self	\N	["Self - Host"]
tt12956836	2	nm7011156	self	\N	["Self - Panelist"]
tt12956836	3	nm6661911	self	\N	["Self - Guest"]
tt12956836	4	nm6631784	self	\N	["Self - Panelist"]
tt12956836	5	nm7105546	self	\N	["Self - Panelist"]
tt12956838	1	nm0061849	actress	\N	["Lorie Brooks"]
tt12956840	1	nm0246556	self	\N	["Self - Host"]
tt12956840	2	nm7011156	self	\N	["Self - Panelist"]
tt12956840	3	nm6631784	self	\N	["Self - Panelist"]
tt12956840	4	nm4686801	self	\N	["Self - Guest"]
tt12956840	5	nm7105546	self	\N	["Self - Panelist"]
tt12956842	1	nm4831604	actor	\N	\N
tt12956842	2	nm4828538	actress	\N	\N
tt12956842	3	nm10625399	actress	\N	\N
tt12956842	4	nm11828635	director	\N	\N
tt12956844	1	nm0061849	actress	\N	["Lorie Brooks"]
tt12956846	1	nm11779125	actor	\N	["Jaggu"]
tt12956846	2	nm0060607	actress	\N	["Neha Singh"]
tt12956846	3	nm7770619	actor	\N	["Bansi"]
tt12956846	4	nm10888815	actor	\N	["O'Rilley"]
tt12956846	5	nm1022024	director	\N	\N
tt12956846	6	nm9149939	editor	\N	\N
tt12956846	7	nm0014973	production_designer	\N	\N
tt12956846	8	nm2822547	actor	\N	["Aditya Dhanraj"]
tt12956846	9	nm9503878	actor	\N	["Stuart"]
tt12956848	1	nm0061849	actress	\N	["Lorie Brooks"]
tt12956850	1	nm0246556	self	\N	["Self - Host"]
tt12956850	2	nm0768614	self	\N	["Self - Guest"]
tt12956854	1	nm4831604	actor	\N	\N
tt12956854	2	nm4828538	actress	\N	\N
tt12956854	3	nm10625399	actress	\N	\N
tt12956854	4	nm11828635	director	\N	\N
tt12956856	1	nm0246556	self	\N	["Self - Host"]
tt12956856	2	nm7011156	self	\N	["Self - Panelist"]
tt12956856	3	nm6631784	self	\N	["Self - Panelist"]
tt12956856	4	nm2103242	self	\N	["Self - Guest"]
tt12956856	5	nm7105546	self	\N	["Self - Panelist"]
tt12956858	1	nm4831604	actor	\N	\N
tt12956858	2	nm4828538	actress	\N	\N
tt12956858	3	nm10625399	actress	\N	\N
tt12956858	4	nm11828635	director	\N	\N
tt12956860	1	nm3389416	actress	\N	["Mai Shirai"]
tt12956860	2	nm4187460	actor	\N	["Yonepie"]
tt12956860	3	nm8463061	actor	\N	["Ma-kun"]
tt12956860	4	nm9272817	actress	\N	["4"]
tt12956860	5	nm10194906	composer	\N	\N
tt12956860	6	nm9864035	cinematographer	\N	\N
tt12956860	7	nm11834847	editor	\N	\N
tt12956864	1	nm4831604	actor	\N	\N
tt12956864	2	nm4828538	actress	\N	\N
tt12956864	3	nm10625399	actress	\N	\N
tt12956864	4	nm11828635	director	\N	\N
tt12956866	1	nm4831604	actor	\N	\N
tt12956866	2	nm4828538	actress	\N	\N
tt12956866	3	nm10625399	actress	\N	\N
tt12956866	4	nm11828635	director	\N	\N
tt12956868	1	nm4831604	actor	\N	\N
tt12956868	2	nm4828538	actress	\N	\N
tt12956868	3	nm10625399	actress	\N	\N
tt12956868	4	nm11828635	director	\N	\N
tt12956870	1	nm0246556	self	\N	["Self - Host"]
tt12956870	2	nm7011156	self	\N	["Self - Panelist"]
tt12956870	3	nm1451845	self	\N	["Self - Guest"]
tt12956870	4	nm6631784	self	\N	["Self - Panelist"]
tt12956870	5	nm7105546	self	\N	["Self - Panelist"]
tt12956872	1	nm0061849	actress	\N	["Lorie Brooks"]
tt12956874	1	nm4831604	actor	\N	\N
tt12956874	2	nm4828538	actress	\N	\N
tt12956874	3	nm10625399	actress	\N	\N
tt12956874	4	nm11828635	director	\N	\N
tt12956876	1	nm4831604	actor	\N	\N
tt12956876	2	nm4828538	actress	\N	\N
tt12956876	3	nm10625399	actress	\N	\N
tt12956876	4	nm11828635	director	\N	\N
tt12956878	1	nm4831604	actor	\N	\N
tt12956878	2	nm4828538	actress	\N	\N
tt12956878	3	nm10625399	actress	\N	\N
tt12956878	4	nm11828635	director	\N	\N
tt12956882	1	nm4831604	actor	\N	\N
tt12956882	2	nm4828538	actress	\N	\N
tt12956882	3	nm10625399	actress	\N	\N
tt12956882	4	nm11828635	director	\N	\N
tt12956884	1	nm4831604	actor	\N	\N
tt12956884	2	nm4828538	actress	\N	\N
tt12956884	3	nm10625399	actress	\N	\N
tt12956884	4	nm11828635	director	\N	\N
tt12956888	1	nm7770619	actor	\N	["Bansi"]
tt12956888	2	nm1022024	director	\N	\N
tt12956888	3	nm9149939	editor	\N	\N
tt12956888	4	nm0014973	production_designer	\N	\N
tt12956890	1	nm4831604	actor	\N	\N
tt12956890	2	nm4828538	actress	\N	\N
tt12956890	3	nm10625399	actress	\N	\N
tt12956890	4	nm11828635	director	\N	\N
tt12956892	1	nm4831604	actor	\N	\N
tt12956892	2	nm4828538	actress	\N	\N
tt12956892	3	nm10625399	actress	\N	\N
tt12956892	4	nm11828635	director	\N	\N
tt12956894	1	nm4831604	actor	\N	\N
tt12956894	2	nm4828538	actress	\N	\N
tt12956894	3	nm10625399	actress	\N	\N
tt12956894	4	nm11828635	director	\N	\N
tt12956896	1	nm4831604	actor	\N	\N
tt12956896	2	nm4828538	actress	\N	\N
tt12956896	3	nm10625399	actress	\N	\N
tt12956896	4	nm11828635	director	\N	\N
tt12956898	1	nm4831604	actor	\N	\N
tt12956898	2	nm4828538	actress	\N	\N
tt12956898	3	nm10625399	actress	\N	\N
tt12956898	4	nm11828635	director	\N	\N
tt12956900	1	nm0061849	actress	\N	["Lorie Brooks"]
tt12956902	1	nm4831604	actor	\N	\N
tt12956902	2	nm4828538	actress	\N	\N
tt12956902	3	nm10625399	actress	\N	\N
tt12956902	4	nm11828635	director	\N	\N
tt12956904	1	nm11738735	director	\N	\N
tt12956904	2	nm11738736	director	co-director	\N
tt12956904	3	nm11738737	editor	\N	\N
tt12956906	1	nm4831604	actor	\N	\N
tt12956906	2	nm4828538	actress	\N	\N
tt12956906	3	nm10625399	actress	\N	\N
tt12956906	4	nm11828635	director	\N	\N
tt12956908	1	nm4831604	actor	\N	\N
tt12956908	2	nm4828538	actress	\N	\N
tt12956908	3	nm10625399	actress	\N	\N
tt12956908	4	nm11828635	director	\N	\N
tt12956912	10	nm6432869	actress	\N	["Diya Dhanraj"]
tt12956912	1	nm11779125	actor	\N	["Jaggu"]
tt12956912	2	nm0060607	actress	\N	["Neha Singh"]
tt12956912	3	nm7770619	actor	\N	["Bansi"]
tt12956912	4	nm2822547	actor	\N	["Aditya Dhanraj"]
tt12956912	5	nm1022024	director	\N	\N
tt12956912	6	nm9149939	editor	\N	\N
tt12956912	7	nm0014973	production_designer	\N	\N
tt12956912	8	nm2765761	actor	\N	["Police Officer Matthew"]
tt12956912	9	nm9837113	actor	\N	["Vishal"]
tt12956914	1	nm4831604	actor	\N	\N
tt12956914	2	nm4828538	actress	\N	\N
tt12956914	3	nm10625399	actress	\N	\N
tt12956914	4	nm11828635	director	\N	\N
tt12956916	1	nm0061849	actress	\N	["Lorie Brooks"]
tt12956918	10	nm1133372	editor	\N	\N
tt12956918	1	nm0299192	actor	\N	["Mephisto II"]
tt12956918	2	nm0354490	actor	\N	["Sphinx"]
tt12956918	3	nm0441109	actress	\N	["Mame Yûrei","Nazca Toriotome"]
tt12956918	4	nm0442910	actress	\N	["Blue Pixie"]
tt12956918	5	nm0766218	director	\N	\N
tt12956918	6	nm1493634	writer	manga	\N
tt12956918	7	nm1012277	writer	\N	\N
tt12956918	8	nm0031825	composer	\N	\N
tt12956918	9	nm0645652	cinematographer	\N	\N
tt12956920	1	nm4580132	actor	\N	\N
tt12956920	2	nm11554261	actor	\N	\N
tt12956920	3	nm1559594	actor	\N	\N
tt12956920	4	nm2240629	actress	\N	\N
tt12956920	5	nm7021588	director	\N	\N
tt12956920	6	nm11554267	producer	producer	\N
tt12956920	7	nm8527437	producer	producer	\N
tt12956920	8	nm11534123	actor	\N	\N
tt12956922	1	nm7770619	actor	\N	["Bansi"]
tt12956922	2	nm1022024	director	\N	\N
tt12956922	3	nm9149939	editor	\N	\N
tt12956922	4	nm0014973	production_designer	\N	\N
tt12956928	10	nm12614152	actor	\N	["Half Dead"]
tt12956928	1	nm11839111	actor	\N	["Detective Valentine"]
tt12956928	2	nm11839110	actor	\N	["Black"]
tt12956928	3	nm11839109	actor	\N	["Kram"]
tt12956928	4	nm11839112	actor	\N	["Sean"]
tt12956928	5	nm11839115	actor	\N	["Nutz"]
tt12956928	6	nm11839117	actor	\N	["Slug"]
tt12956928	7	nm12173400	actor	\N	["Detective Daniels","Detective Daniel's"]
tt12956928	8	nm11839118	actor	\N	["Smoke"]
tt12956928	9	nm11839113	actor	\N	["Swish"]
tt12956932	1	nm7770619	actor	\N	["Bansi"]
tt12956932	2	nm5263629	actor	\N	["Police Officer Parkour"]
tt12956932	3	nm1022024	director	\N	\N
tt12956932	4	nm9149939	editor	\N	\N
tt12956932	5	nm0014973	production_designer	\N	\N
tt12956934	1	nm4580132	actor	\N	\N
tt12956934	2	nm11554261	actor	\N	\N
tt12956934	3	nm1559594	actor	\N	\N
tt12956934	4	nm2240629	actress	\N	\N
tt12956934	5	nm7021588	director	\N	\N
tt12956934	6	nm11554267	producer	producer	\N
tt12956934	7	nm8527437	producer	producer	\N
tt12956934	8	nm11534123	actor	\N	\N
tt12956936	1	nm4580132	actor	\N	\N
tt12956936	2	nm11554261	actor	\N	\N
tt12956936	3	nm1559594	actor	\N	\N
tt12956936	4	nm2240629	actress	\N	\N
tt12956936	5	nm7021588	director	\N	\N
tt12956936	6	nm11554267	producer	producer	\N
tt12956936	7	nm8527437	producer	producer	\N
tt12956936	8	nm11534123	actor	\N	\N
tt12956938	1	nm4580132	actor	\N	\N
tt12956938	2	nm11554261	actor	\N	\N
tt12956938	3	nm1559594	actor	\N	\N
tt12956938	4	nm2240629	actress	\N	\N
tt12956938	5	nm7021588	director	\N	\N
tt12956938	6	nm11554267	producer	producer	\N
tt12956938	7	nm8527437	producer	producer	\N
tt12956938	8	nm11534123	actor	\N	\N
tt12956940	1	nm4580132	actor	\N	\N
tt12956940	2	nm11554261	actor	\N	\N
tt12956940	3	nm1559594	actor	\N	\N
tt12956940	4	nm2240629	actress	\N	\N
tt12956940	5	nm7021588	director	\N	\N
tt12956940	6	nm11554267	producer	producer	\N
tt12956940	7	nm8527437	producer	producer	\N
tt12956940	8	nm11534123	actor	\N	\N
tt12956942	1	nm4580132	actor	\N	\N
tt12956942	2	nm11554261	actor	\N	\N
tt12956942	3	nm1559594	actor	\N	\N
tt12956942	4	nm2240629	actress	\N	\N
tt12956942	5	nm7021588	director	\N	\N
tt12956942	6	nm11554267	producer	producer	\N
tt12956942	7	nm8527437	producer	producer	\N
tt12956942	8	nm11534123	actor	\N	\N
tt12956946	1	nm4580132	actor	\N	\N
tt12956946	2	nm11554261	actor	\N	\N
tt12956946	3	nm1559594	actor	\N	\N
tt12956946	4	nm2240629	actress	\N	\N
tt12956946	5	nm7021588	director	\N	\N
tt12956946	6	nm11554267	producer	producer	\N
tt12956946	7	nm8527437	producer	producer	\N
tt12956946	8	nm11534123	actor	\N	\N
tt12956948	1	nm4580132	actor	\N	\N
tt12956948	2	nm11554261	actor	\N	\N
tt12956948	3	nm1559594	actor	\N	\N
tt12956948	4	nm2240629	actress	\N	\N
tt12956948	5	nm7021588	director	\N	\N
tt12956948	6	nm11554267	producer	producer	\N
tt12956948	7	nm8527437	producer	producer	\N
tt12956948	8	nm11534123	actor	\N	\N
tt12956950	1	nm4580132	actor	\N	\N
tt12956950	2	nm11554261	actor	\N	\N
tt12956950	3	nm1559594	actor	\N	\N
tt12956950	4	nm2240629	actress	\N	\N
tt12956950	5	nm7021588	director	\N	\N
tt12956950	6	nm11554267	producer	producer	\N
tt12956950	7	nm8527437	producer	producer	\N
tt12956950	8	nm11534123	actor	\N	\N
tt12956954	1	nm0061849	actress	\N	["Lorie Brooks"]
tt12956956	1	nm11837689	actor	\N	\N
tt12956956	2	nm11376856	writer	\N	\N
tt12956958	1	nm4580132	actor	\N	\N
tt12956958	2	nm11554261	actor	\N	\N
tt12956958	3	nm1559594	actor	\N	\N
tt12956958	4	nm2240629	actress	\N	\N
tt12956958	5	nm7021588	director	\N	\N
tt12956958	6	nm11554267	producer	producer	\N
tt12956958	7	nm8527437	producer	producer	\N
tt12956958	8	nm11534123	actor	\N	\N
tt12956960	1	nm7770619	actor	\N	["Bansi"]
tt12956960	2	nm1022024	director	\N	\N
tt12956960	3	nm9149939	editor	\N	\N
tt12956960	4	nm0014973	production_designer	\N	\N
tt12956962	1	nm10641834	actress	\N	\N
tt12956962	2	nm10641836	actor	\N	\N
tt12956962	3	nm0889150	actress	\N	\N
tt12956962	4	nm10641833	actor	\N	\N
tt12956962	5	nm10641837	producer	producer	\N
tt12956962	6	nm10641839	producer	producer	\N
tt12956962	7	nm10641838	producer	producer	\N
tt12956962	8	nm10641835	actor	\N	\N
tt12956964	1	nm10641834	actress	\N	\N
tt12956964	2	nm10641836	actor	\N	\N
tt12956964	3	nm0889150	actress	\N	\N
tt12956964	4	nm10641833	actor	\N	\N
tt12956964	5	nm10641837	producer	producer	\N
tt12956964	6	nm10641839	producer	producer	\N
tt12956964	7	nm10641838	producer	producer	\N
tt12956964	8	nm10641835	actor	\N	\N
tt12956966	1	nm0061849	actress	\N	["Lorie Brooks"]
tt12956968	1	nm10641834	actress	\N	\N
tt12956968	2	nm10641836	actor	\N	\N
tt12956968	3	nm0889150	actress	\N	\N
tt12956968	4	nm10641833	actor	\N	\N
tt12956968	5	nm10641837	producer	producer	\N
tt12956968	6	nm10641839	producer	producer	\N
tt12956968	7	nm10641838	producer	producer	\N
tt12956968	8	nm10641835	actor	\N	\N
tt12956970	1	nm10641834	actress	\N	\N
tt12956970	2	nm10641836	actor	\N	\N
tt12956970	3	nm0889150	actress	\N	\N
tt12956970	4	nm10641833	actor	\N	\N
tt12956970	5	nm10641837	producer	producer	\N
tt12956970	6	nm10641839	producer	producer	\N
tt12956970	7	nm10641838	producer	producer	\N
tt12956970	8	nm10641835	actor	\N	\N
tt12956972	1	nm0061849	actress	\N	["Lorie Brooks"]
tt12956974	1	nm10641834	actress	\N	\N
tt12956974	2	nm10641836	actor	\N	\N
tt12956974	3	nm0889150	actress	\N	\N
tt12956974	4	nm10641833	actor	\N	\N
tt12956974	5	nm10641837	producer	producer	\N
tt12956974	6	nm10641839	producer	producer	\N
tt12956974	7	nm10641838	producer	producer	\N
tt12956974	8	nm10641835	actor	\N	\N
tt12956976	1	nm10641834	actress	\N	\N
tt12956976	2	nm10641836	actor	\N	\N
tt12956976	3	nm0889150	actress	\N	\N
tt12956976	4	nm10641833	actor	\N	\N
tt12956976	5	nm10641837	producer	producer	\N
tt12956976	6	nm10641839	producer	producer	\N
tt12956976	7	nm10641838	producer	producer	\N
tt12956976	8	nm10641835	actor	\N	\N
tt12956978	1	nm10641834	actress	\N	\N
tt12956978	2	nm10641836	actor	\N	\N
tt12956978	3	nm0889150	actress	\N	\N
tt12956978	4	nm10641833	actor	\N	\N
tt12956978	5	nm10641837	producer	producer	\N
tt12956978	6	nm10641839	producer	producer	\N
tt12956978	7	nm10641838	producer	producer	\N
tt12956978	8	nm10641835	actor	\N	\N
tt12956980	1	nm10641834	actress	\N	\N
tt12956980	2	nm10641836	actor	\N	\N
tt12956980	3	nm0889150	actress	\N	\N
tt12956980	4	nm10641833	actor	\N	\N
tt12956980	5	nm10641837	producer	producer	\N
tt12956980	6	nm10641839	producer	producer	\N
tt12956980	7	nm10641838	producer	producer	\N
tt12956980	8	nm10641835	actor	\N	\N
tt12956982	1	nm0061849	actress	\N	["Lorie Brooks"]
tt12956984	1	nm10641834	actress	\N	\N
tt12956984	2	nm10641836	actor	\N	\N
tt12956984	3	nm0889150	actress	\N	\N
tt12956984	4	nm10641833	actor	\N	\N
tt12956984	5	nm10641837	producer	producer	\N
tt12956984	6	nm10641839	producer	producer	\N
tt12956984	7	nm10641838	producer	producer	\N
tt12956984	8	nm10641835	actor	\N	\N
tt12956986	1	nm10641834	actress	\N	\N
tt12956986	2	nm10641836	actor	\N	\N
tt12956986	3	nm0889150	actress	\N	\N
tt12956986	4	nm10641833	actor	\N	\N
tt12956986	5	nm10641837	producer	producer	\N
tt12956986	6	nm10641839	producer	producer	\N
tt12956986	7	nm10641838	producer	producer	\N
tt12956986	8	nm10641835	actor	\N	\N
tt12956988	1	nm0061849	actress	\N	["Lorie Brooks"]
tt12956990	1	nm10641834	actress	\N	\N
tt12956990	2	nm10641836	actor	\N	\N
tt12956990	3	nm0889150	actress	\N	\N
tt12956990	4	nm10641833	actor	\N	\N
tt12956990	5	nm10641837	producer	producer	\N
tt12956990	6	nm10641839	producer	producer	\N
tt12956990	7	nm10641838	producer	producer	\N
tt12956990	8	nm10641835	actor	\N	\N
tt12956992	1	nm10641834	actress	\N	\N
tt12956992	2	nm10641836	actor	\N	\N
tt12956992	3	nm0889150	actress	\N	\N
tt12956992	4	nm10641833	actor	\N	\N
tt12956992	5	nm10641837	producer	producer	\N
tt12956992	6	nm10641839	producer	producer	\N
tt12956992	7	nm10641838	producer	producer	\N
tt12956992	8	nm10641835	actor	\N	\N
tt12956994	1	nm10641834	actress	\N	\N
tt12956994	2	nm10641836	actor	\N	\N
tt12956994	3	nm0889150	actress	\N	\N
tt12956994	4	nm10641833	actor	\N	\N
tt12956994	5	nm10641837	producer	producer	\N
tt12956994	6	nm10641839	producer	producer	\N
tt12956994	7	nm10641838	producer	producer	\N
tt12956994	8	nm10641835	actor	\N	\N
tt12956996	1	nm0061849	actress	\N	["Lorie Brooks"]
tt12956998	1	nm10641834	actress	\N	\N
tt12956998	2	nm10641836	actor	\N	\N
tt12956998	3	nm0889150	actress	\N	\N
tt12956998	4	nm10641833	actor	\N	\N
tt12956998	5	nm10641837	producer	producer	\N
tt12956998	6	nm10641839	producer	producer	\N
tt12956998	7	nm10641838	producer	producer	\N
tt12956998	8	nm10641835	actor	\N	\N
tt12957000	1	nm10641834	actress	\N	\N
tt12957000	2	nm10641836	actor	\N	\N
tt12957000	3	nm0889150	actress	\N	\N
tt12957000	4	nm10641833	actor	\N	\N
tt12957000	5	nm10641837	producer	producer	\N
tt12957000	6	nm10641839	producer	producer	\N
tt12957000	7	nm10641838	producer	producer	\N
tt12957000	8	nm10641835	actor	\N	\N
tt12957002	1	nm10641834	actress	\N	\N
tt12957002	2	nm10641836	actor	\N	\N
tt12957002	3	nm0889150	actress	\N	\N
tt12957002	4	nm10641833	actor	\N	\N
tt12957002	5	nm10641837	producer	producer	\N
tt12957002	6	nm10641839	producer	producer	\N
tt12957002	7	nm10641838	producer	producer	\N
tt12957002	8	nm10641835	actor	\N	\N
tt12957004	1	nm10641834	actress	\N	\N
tt12957004	2	nm10641836	actor	\N	\N
tt12957004	3	nm0889150	actress	\N	\N
tt12957004	4	nm10641833	actor	\N	\N
tt12957004	5	nm10641837	producer	producer	\N
tt12957004	6	nm10641839	producer	producer	\N
tt12957004	7	nm10641838	producer	producer	\N
tt12957004	8	nm10641835	actor	\N	\N
tt12957006	1	nm10641834	actress	\N	\N
tt12957006	2	nm10641836	actor	\N	\N
tt12957006	3	nm0889150	actress	\N	\N
tt12957006	4	nm10641833	actor	\N	\N
tt12957006	5	nm10641837	producer	producer	\N
tt12957006	6	nm10641839	producer	producer	\N
tt12957006	7	nm10641838	producer	producer	\N
tt12957006	8	nm10641835	actor	\N	\N
tt12957008	1	nm0061849	actress	\N	["Lorie Brooks"]
tt12957010	1	nm10641834	actress	\N	\N
tt12957010	2	nm10641836	actor	\N	\N
tt12957010	3	nm0889150	actress	\N	\N
tt12957010	4	nm10641833	actor	\N	\N
tt12957010	5	nm10641837	producer	producer	\N
tt12957010	6	nm10641839	producer	producer	\N
tt12957010	7	nm10641838	producer	producer	\N
tt12957010	8	nm10641835	actor	\N	\N
tt12957012	1	nm10641834	actress	\N	\N
tt12957012	2	nm10641836	actor	\N	\N
tt12957012	3	nm0889150	actress	\N	\N
tt12957012	4	nm10641833	actor	\N	\N
tt12957012	5	nm10641837	producer	producer	\N
tt12957012	6	nm10641839	producer	producer	\N
tt12957012	7	nm10641838	producer	producer	\N
tt12957012	8	nm10641835	actor	\N	\N
tt12957014	1	nm0061849	actress	\N	["Lorie Brooks"]
tt12957016	1	nm10641834	actress	\N	\N
tt12957016	2	nm10641836	actor	\N	\N
tt12957016	3	nm0889150	actress	\N	\N
tt12957016	4	nm10641833	actor	\N	\N
tt12957016	5	nm10641837	producer	producer	\N
tt12957016	6	nm10641839	producer	producer	\N
tt12957016	7	nm10641838	producer	producer	\N
tt12957016	8	nm10641835	actor	\N	\N
tt12957018	1	nm10641834	actress	\N	\N
tt12957018	2	nm10641836	actor	\N	\N
tt12957018	3	nm0889150	actress	\N	\N
tt12957018	4	nm10641833	actor	\N	\N
tt12957018	5	nm10641837	producer	producer	\N
tt12957018	6	nm10641839	producer	producer	\N
tt12957018	7	nm10641838	producer	producer	\N
tt12957018	8	nm10641835	actor	\N	\N
tt12957020	1	nm10641834	actress	\N	\N
tt12957020	2	nm10641836	actor	\N	\N
tt12957020	3	nm0889150	actress	\N	\N
tt12957020	4	nm10641833	actor	\N	\N
tt12957020	5	nm10641837	producer	producer	\N
tt12957020	6	nm10641839	producer	producer	\N
tt12957020	7	nm10641838	producer	producer	\N
tt12957020	8	nm10641835	actor	\N	\N
tt12957022	1	nm10641834	actress	\N	\N
tt12957022	2	nm10641836	actor	\N	\N
tt12957022	3	nm0889150	actress	\N	\N
tt12957022	4	nm10641833	actor	\N	\N
tt12957022	5	nm10641837	producer	producer	\N
tt12957022	6	nm10641839	producer	producer	\N
tt12957022	7	nm10641838	producer	producer	\N
tt12957022	8	nm10641835	actor	\N	\N
tt12957024	1	nm10641834	actress	\N	\N
tt12957024	2	nm10641836	actor	\N	\N
tt12957024	3	nm0889150	actress	\N	\N
tt12957024	4	nm10641833	actor	\N	\N
tt12957024	5	nm10641837	producer	producer	\N
tt12957024	6	nm10641839	producer	producer	\N
tt12957024	7	nm10641838	producer	producer	\N
tt12957024	8	nm10641835	actor	\N	\N
tt12957026	1	nm0061849	actress	\N	["Lorie Brooks"]
tt12957028	1	nm10641834	actress	\N	\N
tt12957028	2	nm10641836	actor	\N	\N
tt12957028	3	nm0889150	actress	\N	\N
tt12957028	4	nm10641833	actor	\N	\N
tt12957028	5	nm10641837	producer	producer	\N
tt12957028	6	nm10641839	producer	producer	\N
tt12957028	7	nm10641838	producer	producer	\N
tt12957028	8	nm10641835	actor	\N	\N
tt12957030	1	nm10641834	actress	\N	\N
tt12957030	2	nm10641836	actor	\N	\N
tt12957030	3	nm0889150	actress	\N	\N
tt12957030	4	nm10641833	actor	\N	\N
tt12957030	5	nm10641837	producer	producer	\N
tt12957030	6	nm10641839	producer	producer	\N
tt12957030	7	nm10641838	producer	producer	\N
tt12957030	8	nm10641835	actor	\N	\N
tt12957032	1	nm10641834	actress	\N	\N
tt12957032	2	nm10641836	actor	\N	\N
tt12957032	3	nm0889150	actress	\N	\N
tt12957032	4	nm10641833	actor	\N	\N
tt12957032	5	nm10641837	producer	producer	\N
tt12957032	6	nm10641839	producer	producer	\N
tt12957032	7	nm10641838	producer	producer	\N
tt12957032	8	nm10641835	actor	\N	\N
tt12957034	1	nm11839140	self	\N	["Self"]
tt12957034	2	nm8685944	self	\N	["Self"]
tt12957034	3	nm0765715	self	\N	["Self"]
tt12957034	4	nm12522623	self	\N	["Self"]
tt12957034	5	nm2576614	self	\N	["Self"]
tt12957034	6	nm9005791	actor	\N	["Referee Daniel Spencer"]
tt12957036	1	nm10641834	actress	\N	\N
tt12957036	2	nm10641836	actor	\N	\N
tt12957036	3	nm0889150	actress	\N	\N
tt12957036	4	nm10641833	actor	\N	\N
tt12957036	5	nm10641837	producer	producer	\N
tt12957036	6	nm10641839	producer	producer	\N
tt12957036	7	nm10641838	producer	producer	\N
tt12957036	8	nm10641835	actor	\N	\N
tt12957038	1	nm0061849	actress	\N	["Lorie Brooks"]
tt12957040	1	nm10641834	actress	\N	\N
tt12957040	2	nm10641836	actor	\N	\N
tt12957040	3	nm0889150	actress	\N	\N
tt12957040	4	nm10641833	actor	\N	\N
tt12957040	5	nm10641837	producer	producer	\N
tt12957040	6	nm10641839	producer	producer	\N
tt12957040	7	nm10641838	producer	producer	\N
tt12957040	8	nm10641835	actor	\N	\N
tt12957042	1	nm10641834	actress	\N	\N
tt12957042	2	nm10641836	actor	\N	\N
tt12957042	3	nm0889150	actress	\N	\N
tt12957042	4	nm10641833	actor	\N	\N
tt12957042	5	nm10641837	producer	producer	\N
tt12957042	6	nm10641839	producer	producer	\N
tt12957042	7	nm10641838	producer	producer	\N
tt12957042	8	nm10641835	actor	\N	\N
tt12957046	1	nm10641834	actress	\N	\N
tt12957046	2	nm10641836	actor	\N	\N
tt12957046	3	nm0889150	actress	\N	\N
tt12957046	4	nm10641833	actor	\N	\N
tt12957046	5	nm10641837	producer	producer	\N
tt12957046	6	nm10641839	producer	producer	\N
tt12957046	7	nm10641838	producer	producer	\N
tt12957046	8	nm10641835	actor	\N	\N
tt12957048	1	nm0061849	actress	\N	["Lorie Brooks"]
tt12957050	1	nm10641834	actress	\N	\N
tt12957050	2	nm10641836	actor	\N	\N
tt12957050	3	nm0889150	actress	\N	\N
tt12957050	4	nm10641833	actor	\N	\N
tt12957050	5	nm10641837	producer	producer	\N
tt12957050	6	nm10641839	producer	producer	\N
tt12957050	7	nm10641838	producer	producer	\N
tt12957050	8	nm10641835	actor	\N	\N
tt12957052	1	nm10641834	actress	\N	\N
tt12957052	2	nm10641836	actor	\N	\N
tt12957052	3	nm0889150	actress	\N	\N
tt12957052	4	nm10641833	actor	\N	\N
tt12957052	5	nm10641837	producer	producer	\N
tt12957052	6	nm10641839	producer	producer	\N
tt12957052	7	nm10641838	producer	producer	\N
tt12957052	8	nm10641835	actor	\N	\N
tt12957054	1	nm10641834	actress	\N	\N
tt12957054	2	nm10641836	actor	\N	\N
tt12957054	3	nm0889150	actress	\N	\N
tt12957054	4	nm10641833	actor	\N	\N
tt12957054	5	nm10641837	producer	producer	\N
tt12957054	6	nm10641839	producer	producer	\N
tt12957054	7	nm10641838	producer	producer	\N
tt12957054	8	nm10641835	actor	\N	\N
tt12957058	1	nm0061849	actress	\N	["Lorie Brooks"]
tt12957060	1	nm10641834	actress	\N	\N
tt12957060	2	nm10641836	actor	\N	\N
tt12957060	3	nm0889150	actress	\N	\N
tt12957060	4	nm10641833	actor	\N	\N
tt12957060	5	nm10641837	producer	producer	\N
tt12957060	6	nm10641839	producer	producer	\N
tt12957060	7	nm10641838	producer	producer	\N
tt12957060	8	nm10641835	actor	\N	\N
tt12957062	1	nm10641834	actress	\N	\N
tt12957062	2	nm10641836	actor	\N	\N
tt12957062	3	nm0889150	actress	\N	\N
tt12957062	4	nm10641833	actor	\N	\N
tt12957062	5	nm10641837	producer	producer	\N
tt12957062	6	nm10641839	producer	producer	\N
tt12957062	7	nm10641838	producer	producer	\N
tt12957062	8	nm10641835	actor	\N	\N
tt12957066	1	nm10641834	actress	\N	\N
tt12957066	2	nm10641836	actor	\N	\N
tt12957066	3	nm0889150	actress	\N	\N
tt12957066	4	nm10641833	actor	\N	\N
tt12957066	5	nm10641837	producer	producer	\N
tt12957066	6	nm10641839	producer	producer	\N
tt12957066	7	nm10641838	producer	producer	\N
tt12957066	8	nm10641835	actor	\N	\N
tt12957068	1	nm10641834	actress	\N	\N
tt12957068	2	nm10641836	actor	\N	\N
tt12957068	3	nm0889150	actress	\N	\N
tt12957068	4	nm10641833	actor	\N	\N
tt12957068	5	nm10641837	producer	producer	\N
tt12957068	6	nm10641839	producer	producer	\N
tt12957068	7	nm10641838	producer	producer	\N
tt12957068	8	nm10641835	actor	\N	\N
tt12957070	1	nm10641834	actress	\N	\N
tt12957070	2	nm10641836	actor	\N	\N
tt12957070	3	nm0889150	actress	\N	\N
tt12957070	4	nm10641833	actor	\N	\N
tt12957070	5	nm10641837	producer	producer	\N
tt12957070	6	nm10641839	producer	producer	\N
tt12957070	7	nm10641838	producer	producer	\N
tt12957070	8	nm10641835	actor	\N	\N
tt12957080	1	nm0061849	actress	\N	["Lorie Brooks"]
tt12957088	1	nm11837689	director	\N	\N
tt12957092	1	nm0061849	actress	\N	["Lorie Brooks"]
tt12957094	1	nm11613761	actor	\N	\N
tt12957094	2	nm11613762	actor	\N	\N
tt12957094	3	nm10641547	director	\N	\N
tt12957100	1	nm11613761	actor	\N	\N
tt12957100	2	nm11613762	actor	\N	\N
tt12957100	3	nm10641547	director	\N	\N
tt12957102	1	nm11613761	actor	\N	\N
tt12957102	2	nm11613762	actor	\N	\N
tt12957102	3	nm10641547	director	\N	\N
tt12957104	1	nm0061849	actress	\N	["Lorie Brooks"]
tt12957106	1	nm11613761	actor	\N	\N
tt12957106	2	nm11613762	actor	\N	\N
tt12957106	3	nm10641547	director	\N	\N
tt12957108	1	nm11492068	actor	\N	["Ryu"]
tt12957108	2	nm11492066	actor	\N	["Ken"]
tt12957110	1	nm0061849	actress	\N	["Lorie Brooks"]
tt12957112	1	nm11613761	actor	\N	\N
tt12957112	2	nm11613762	actor	\N	\N
tt12957112	3	nm10641547	director	\N	\N
tt12957116	1	nm11613761	actor	\N	\N
tt12957116	2	nm11613762	actor	\N	\N
tt12957116	3	nm10641547	director	\N	\N
tt12957122	1	nm11613761	actor	\N	\N
tt12957122	2	nm11613762	actor	\N	\N
tt12957122	3	nm10641547	director	\N	\N
tt12957126	1	nm11613761	actor	\N	\N
tt12957126	2	nm11613762	actor	\N	\N
tt12957126	3	nm10641547	director	\N	\N
tt12957128	1	nm11613761	actor	\N	\N
tt12957128	2	nm11613762	actor	\N	\N
tt12957128	3	nm10641547	director	\N	\N
tt12957130	1	nm11613761	actor	\N	\N
tt12957130	2	nm11613762	actor	\N	\N
tt12957130	3	nm10641547	director	\N	\N
tt12957132	1	nm11613761	actor	\N	\N
tt12957132	2	nm11613762	actor	\N	\N
tt12957132	3	nm10641547	director	\N	\N
tt12957136	1	nm11613761	actor	\N	\N
tt12957136	2	nm11613762	actor	\N	\N
tt12957136	3	nm10641547	director	\N	\N
tt12957138	1	nm11613761	actor	\N	\N
tt12957138	2	nm11613762	actor	\N	\N
tt12957138	3	nm10641547	director	\N	\N
tt12957140	1	nm11613761	actor	\N	\N
tt12957140	2	nm11613762	actor	\N	\N
tt12957140	3	nm10641547	director	\N	\N
tt12957142	1	nm11613761	actor	\N	\N
tt12957142	2	nm11613762	actor	\N	\N
tt12957142	3	nm10641547	director	\N	\N
tt12957144	1	nm11613761	actor	\N	\N
tt12957144	2	nm11613762	actor	\N	\N
tt12957144	3	nm10641547	director	\N	\N
tt12957146	1	nm11613761	actor	\N	\N
tt12957146	2	nm11613762	actor	\N	\N
tt12957146	3	nm10641547	director	\N	\N
tt12957148	1	nm11613761	actor	\N	\N
tt12957148	2	nm11613762	actor	\N	\N
tt12957148	3	nm10641547	director	\N	\N
tt12957150	1	nm7004041	self	\N	["Self - Host"]
tt12957150	2	nm10636531	self	\N	["Self - Host"]
tt12957150	3	nm5691225	self	\N	["Self - Interviewee"]
tt12957152	1	nm11613761	actor	\N	\N
tt12957152	2	nm11613762	actor	\N	\N
tt12957152	3	nm10641547	director	\N	\N
tt12957156	1	nm7004041	self	\N	["Self - Host"]
tt12957156	2	nm10636531	self	\N	["Self - Host"]
tt12957156	3	nm4786075	self	\N	["Self - Interviewee"]
tt12957160	1	nm0061849	actress	\N	["Lorie Brooks"]
tt12957162	1	nm7004041	self	\N	["Self - Host"]
tt12957162	2	nm10636531	self	\N	["Self - Host"]
tt12957162	3	nm8963618	self	\N	["Self - ESPN's Commentator"]
tt12957166	1	nm11613761	actor	\N	\N
tt12957166	2	nm11613762	actor	\N	\N
tt12957166	3	nm10641547	director	\N	\N
tt12957168	1	nm11839149	self	\N	["Self"]
tt12957168	2	nm11839150	self	\N	["Self"]
tt12957168	3	nm2404577	director	co-director	\N
tt12957168	4	nm1873767	director	co-director	\N
tt12957168	5	nm1785888	producer	producer	\N
tt12957168	6	nm1297260	editor	\N	\N
tt12957170	1	nm0061849	actress	\N	["Lorie Brooks"]
tt12957172	1	nm11837789	self	\N	["Self - Choreographer"]
tt12957172	2	nm11837770	actor	\N	["Singer - First Love"]
tt12957172	3	nm11837772	actor	\N	["Singer - First Love"]
tt12957172	4	nm11837771	actor	\N	["Singer - First Love"]
tt12957172	5	nm0588079	director	\N	\N
tt12957172	6	nm0589464	producer	producer	\N
tt12957172	7	nm0338490	cinematographer	director of photography	\N
tt12957174	1	nm7004041	self	\N	["Self - Host"]
tt12957174	2	nm10636531	self	\N	["Self - Host"]
tt12957174	3	nm1451874	self	\N	["Self - Guest"]
tt12957176	1	nm7369039	self	\N	["Self"]
tt12957176	2	nm11839154	self	\N	["Self"]
tt12957176	3	nm7760927	self	\N	["Self"]
tt12957176	4	nm4092973	self	\N	["Self"]
tt12957176	5	nm0765715	producer	producer	\N
tt12957176	6	nm9005791	actor	\N	["Referee Daniel Spencer"]
tt12957180	1	nm12267257	actor	\N	["Blob Tag Member"]
tt12957180	2	nm12010850	actor	\N	["Extra"]
tt12957180	3	nm11610224	actor	\N	["Player"]
tt12957180	4	nm11492066	actor	\N	["Player"]
tt12957182	1	nm7004041	self	\N	["Self - Host"]
tt12957182	2	nm10636531	self	\N	["Self - Host"]
tt12957182	3	nm7484369	self	\N	["Self - Interviewee"]
tt12957184	1	nm0864436	self	\N	["Self - Host"]
tt12957184	2	nm1538571	director	\N	\N
tt12957184	3	nm7647068	producer	producer	\N
tt12957186	1	nm0864436	self	\N	["Self - Host"]
tt12957186	2	nm1538571	director	\N	\N
tt12957186	3	nm7647068	producer	producer	\N
tt12957188	1	nm0864436	self	\N	["Self - Host"]
tt12957188	2	nm1538571	director	\N	\N
tt12957188	3	nm7647068	producer	producer	\N
tt12957190	1	nm0864436	self	\N	["Self - Host"]
tt12957190	2	nm1538571	director	\N	\N
tt12957190	3	nm7647068	producer	producer	\N
tt12957192	1	nm0061849	actress	\N	["Lorie Brooks"]
tt12957196	1	nm0864436	self	\N	["Self - Host"]
tt12957196	2	nm1538571	director	\N	\N
tt12957196	3	nm7647068	producer	producer	\N
tt12957200	1	nm11837689	actor	\N	\N
tt12957200	2	nm11376856	writer	\N	\N
tt12957202	1	nm0864436	self	\N	["Self - Host"]
tt12957202	2	nm1538571	director	\N	\N
tt12957202	3	nm7647068	producer	producer	\N
tt12957204	1	nm0864436	self	\N	["Self - Host"]
tt12957204	2	nm1538571	director	\N	\N
tt12957204	3	nm7647068	producer	producer	\N
tt12957206	1	nm0864436	self	\N	["Self - Host"]
tt12957206	2	nm1538571	director	\N	\N
tt12957206	3	nm7647068	producer	producer	\N
tt12957208	1	nm0061849	actress	\N	["Lorie Brooks"]
tt12957210	1	nm5242795	actress	\N	["Elli"]
tt12957210	2	nm11839163	actress	\N	["Toni"]
tt12957210	3	nm4415327	director	\N	\N
tt12957210	4	nm5225556	producer	producer	\N
tt12957210	5	nm9241027	producer	producer	\N
tt12957210	6	nm11187532	cinematographer	\N	\N
tt12957210	7	nm6802187	editor	\N	\N
tt12957212	1	nm0864436	self	\N	["Self - Host"]
tt12957212	2	nm1538571	director	\N	\N
tt12957212	3	nm7647068	producer	producer	\N
tt12957214	1	nm0864436	self	\N	["Self - Host"]
tt12957214	2	nm1538571	director	\N	\N
tt12957214	3	nm7647068	producer	producer	\N
tt12957216	1	nm0061849	actress	\N	["Lorie Brooks"]
tt12957218	1	nm0864436	self	\N	["Self - Host"]
tt12957218	2	nm1538571	director	\N	\N
tt12957218	3	nm7647068	producer	producer	\N
tt12957222	1	nm0864436	self	\N	["Self - Host"]
tt12957222	2	nm1538571	director	\N	\N
tt12957222	3	nm7647068	producer	producer	\N
tt12957224	1	nm0864436	self	\N	["Self - Host"]
tt12957224	2	nm1538571	director	\N	\N
tt12957224	3	nm7647068	producer	producer	\N
tt12957226	1	nm0864436	self	\N	["Self - Host"]
tt12957226	2	nm1538571	director	\N	\N
tt12957226	3	nm7647068	producer	producer	\N
tt12957228	1	nm0864436	self	\N	["Self - Host"]
tt12957228	2	nm1538571	director	\N	\N
tt12957228	3	nm7647068	producer	producer	\N
tt12957230	1	nm0864436	self	\N	["Self - Host"]
tt12957230	2	nm1538571	director	\N	\N
tt12957230	3	nm7647068	producer	producer	\N
tt12957232	1	nm4870925	actress	\N	["Nicki"]
tt12957232	2	nm9060300	actress	\N	["Janescott"]
tt12957232	3	nm2277296	director	\N	\N
tt12957232	4	nm1385210	composer	\N	\N
tt12957234	1	nm0061849	actress	\N	["Lorie Brooks"]
tt12957238	1	nm0864436	self	\N	["Self - Host"]
tt12957238	2	nm1538571	director	\N	\N
tt12957238	3	nm7647068	producer	producer	\N
tt12957240	1	nm0864436	self	\N	["Self - Host"]
tt12957240	2	nm1538571	director	\N	\N
tt12957240	3	nm7647068	producer	producer	\N
tt12957242	1	nm0864436	self	\N	["Self - Host"]
tt12957242	2	nm1538571	director	\N	\N
tt12957242	3	nm7647068	producer	producer	\N
tt12957244	1	nm0061849	actress	\N	["Lorie Brooks"]
tt12957248	1	nm0864436	self	\N	["Self - Host"]
tt12957248	2	nm1538571	director	\N	\N
tt12957248	3	nm7647068	producer	producer	\N
tt12957252	1	nm0061849	actress	\N	["Lorie Brooks"]
tt12957254	1	nm2444635	actor	\N	["Paul"]
tt12957254	2	nm4870925	actress	\N	["Nicki"]
tt12957254	3	nm2277296	director	\N	\N
tt12957254	4	nm1385210	composer	\N	\N
tt12957256	1	nm0864436	self	\N	["Self - Host"]
tt12957256	2	nm1538571	director	\N	\N
tt12957256	3	nm7647068	producer	producer	\N
tt12957258	1	nm8624444	actress	\N	\N
tt12957258	2	nm8728593	actress	\N	\N
tt12957258	3	nm5427926	director	\N	\N
tt12957258	4	nm0699389	director	\N	\N
tt12957260	1	nm0061849	actress	\N	["Lorie Brooks"]
tt12957262	1	nm8824708	actor	\N	["The Swan","The Stranger"]
tt12957262	2	nm6664368	actress	\N	["The Queen"]
tt12957262	3	nm1892760	actor	\N	["The Prince"]
tt12957262	4	nm0100078	director	\N	\N
tt12957268	1	nm0864436	self	\N	["Self - Host"]
tt12957268	2	nm1538571	director	\N	\N
tt12957268	3	nm7647068	producer	producer	\N
tt12957270	1	nm0864436	self	\N	["Self - Host"]
tt12957270	2	nm1538571	director	\N	\N
tt12957270	3	nm7647068	producer	producer	\N
tt12957272	1	nm0864436	self	\N	["Self - Host"]
tt12957272	2	nm1538571	director	\N	\N
tt12957272	3	nm7647068	producer	producer	\N
tt12957274	1	nm8549650	actor	\N	["Travis"]
tt12957274	2	nm4870925	actress	\N	["Nicki"]
tt12957274	3	nm2277296	director	\N	\N
tt12957274	4	nm1385210	composer	\N	\N
tt12957276	1	nm0061849	actress	\N	["Lorie Brooks"]
tt12957278	1	nm0864436	self	\N	["Self - Host"]
tt12957278	2	nm1538571	director	\N	\N
tt12957278	3	nm7647068	producer	producer	\N
tt12957280	1	nm0864436	self	\N	["Self - Host"]
tt12957280	2	nm1538571	director	\N	\N
tt12957280	3	nm7647068	producer	producer	\N
tt12957284	1	nm0864436	self	\N	["Self - Host"]
tt12957284	2	nm1538571	director	\N	\N
tt12957284	3	nm7647068	producer	producer	\N
tt12957286	1	nm0864436	self	\N	["Self - Host"]
tt12957286	2	nm1538571	director	\N	\N
tt12957286	3	nm7647068	producer	producer	\N
tt12957288	1	nm0061849	actress	\N	["Lorie Brooks"]
tt12957290	1	nm0864436	self	\N	["Self - Host"]
tt12957290	2	nm1538571	director	\N	\N
tt12957290	3	nm7647068	producer	producer	\N
tt12957292	1	nm0864436	self	\N	["Self - Host"]
tt12957292	2	nm1538571	director	\N	\N
tt12957292	3	nm7647068	producer	producer	\N
tt12957294	1	nm0864436	self	\N	["Self - Host"]
tt12957294	2	nm1538571	director	\N	\N
tt12957294	3	nm7647068	producer	producer	\N
tt12957298	1	nm0061849	actress	\N	["Lorie Brooks"]
tt12957300	1	nm0226299	director	\N	\N
tt12957302	1	nm0864436	self	\N	["Self - Host"]
tt12957302	2	nm1538571	director	\N	\N
tt12957302	3	nm7647068	producer	producer	\N
tt12957306	1	nm0864436	self	\N	["Self - Host"]
tt12957306	2	nm1538571	director	\N	\N
tt12957306	3	nm7647068	producer	producer	\N
tt12957308	1	nm0864436	self	\N	["Self - Host"]
tt12957308	2	nm1538571	director	\N	\N
tt12957308	3	nm7647068	producer	producer	\N
tt12957310	1	nm0864436	self	\N	["Self - Host"]
tt12957310	2	nm1538571	director	\N	\N
tt12957310	3	nm7647068	producer	producer	\N
tt12957312	1	nm1491382	actor	\N	["Jeff"]
tt12957312	2	nm4870925	actress	\N	["Nicki"]
tt12957312	3	nm11839037	actor	\N	["David"]
tt12957312	4	nm2277296	director	\N	\N
tt12957312	5	nm1385210	composer	\N	\N
tt12957314	1	nm0864436	self	\N	["Self - Host"]
tt12957314	2	nm1538571	director	\N	\N
tt12957314	3	nm7647068	producer	producer	\N
tt12957316	1	nm11412477	self	\N	["Self"]
tt12957316	2	nm11839154	self	\N	["Self"]
tt12957316	3	nm4092973	self	\N	["Self"]
tt12957316	4	nm0765715	self	\N	["Self"]
tt12957316	5	nm3783492	actress	\N	["Madison Rayne"]
tt12957318	1	nm0061849	actress	\N	["Lorie Brooks"]
tt12957320	1	nm0864436	self	\N	["Self - Host"]
tt12957320	2	nm1538571	director	\N	\N
tt12957320	3	nm7647068	producer	producer	\N
tt12957322	1	nm0864436	self	\N	["Self - Host"]
tt12957322	2	nm1538571	director	\N	\N
tt12957322	3	nm7647068	producer	producer	\N
tt12957324	1	nm0864436	self	\N	["Self - Host"]
tt12957324	2	nm1538571	director	\N	\N
tt12957324	3	nm7647068	producer	producer	\N
tt12957326	1	nm0061849	actress	\N	["Lorie Brooks"]
tt12957328	1	nm0864436	self	\N	["Self - Host"]
tt12957328	2	nm1538571	director	\N	\N
tt12957328	3	nm7647068	producer	producer	\N
tt12957332	1	nm0864436	self	\N	["Self - Host"]
tt12957332	2	nm1538571	director	\N	\N
tt12957332	3	nm7647068	producer	producer	\N
tt12957334	1	nm0061849	actress	\N	["Lorie Brooks"]
tt12957336	1	nm6345162	director	\N	\N
tt12957336	2	nm6378664	composer	\N	\N
tt12957336	3	nm7096512	editor	\N	\N
tt12957338	1	nm0864436	self	\N	["Self - Host"]
tt12957338	2	nm1538571	director	\N	\N
tt12957338	3	nm7647068	producer	producer	\N
tt12957342	1	nm11841706	actress	\N	["Rachelle"]
tt12957342	2	nm8549650	actor	\N	["Travis"]
tt12957342	3	nm4870925	actress	\N	["Nicki"]
tt12957342	4	nm11839037	actor	\N	["David"]
tt12957342	5	nm2277296	director	\N	\N
tt12957342	6	nm1385210	composer	\N	\N
tt12957344	1	nm0061849	actress	\N	["Lorie Brooks"]
tt12957346	1	nm0864436	self	\N	["Self - Host"]
tt12957346	2	nm1538571	director	\N	\N
tt12957346	3	nm7647068	producer	producer	\N
tt12957348	1	nm0864436	self	\N	["Self - Host"]
tt12957348	2	nm1538571	director	\N	\N
tt12957348	3	nm7647068	producer	producer	\N
tt12957350	1	nm0864436	self	\N	["Self - Host"]
tt12957350	2	nm1538571	director	\N	\N
tt12957350	3	nm7647068	producer	producer	\N
tt12957352	1	nm11839194	actress	\N	["Amy"]
tt12957352	2	nm6034253	actor	\N	["Paul"]
tt12957352	3	nm11839398	actress	\N	["Sara"]
tt12957352	4	nm9634120	actress	\N	["Clodagh"]
tt12957352	5	nm11839197	producer	producer	\N
tt12957352	6	nm11839198	composer	\N	\N
tt12957352	7	nm11839199	cinematographer	\N	\N
tt12957352	8	nm11839196	actress	\N	["Katie"]
tt12957352	9	nm11839195	actress	\N	["Jackie"]
tt12957354	1	nm0061849	actress	\N	["Lorie Brooks"]
tt12957356	1	nm11610198	actor	\N	["Mac"]
tt12957356	2	nm11839200	actor	\N	["Yoshi1240"]
tt12957356	3	nm11492066	actor	\N	["Crosby","The Perfect Man"]
tt12957356	4	nm11839201	actor	\N	["Mr. Boss Man"]
tt12957358	10	nm1578786	editor	\N	\N
tt12957358	1	nm0089100	actor	\N	["Adam Protas"]
tt12957358	2	nm2929316	actress	\N	["Lector"]
tt12957358	3	nm4580502	actress	\N	["Nurse Katarzyna Garocka"]
tt12957358	4	nm10598833	actress	\N	\N
tt12957358	5	nm8152589	director	\N	\N
tt12957358	6	nm4289761	writer	screenplay	\N
tt12957358	7	nm11071655	writer	supervising writer	\N
tt12957358	8	nm2793271	producer	producer	\N
tt12957358	9	nm7533257	cinematographer	\N	\N
tt12957360	1	nm11837689	director	\N	\N
tt12957360	2	nm11376856	writer	\N	\N
tt12957364	1	nm0864436	self	\N	["Self - Host"]
tt12957364	2	nm1538571	director	\N	\N
tt12957364	3	nm7647068	producer	producer	\N
tt12957366	1	nm0864436	self	\N	["Self - Host"]
tt12957366	2	nm1538571	director	\N	\N
tt12957366	3	nm7647068	producer	producer	\N
tt12957370	1	nm0864436	self	\N	["Self - Host"]
tt12957370	2	nm1538571	director	\N	\N
tt12957370	3	nm7647068	producer	producer	\N
tt12957372	1	nm0061849	actress	\N	["Lorie Brooks"]
tt12957374	1	nm0864436	self	\N	["Self - Host"]
tt12957374	2	nm1538571	director	\N	\N
tt12957374	3	nm7647068	producer	producer	\N
tt12957376	1	nm0864436	self	\N	["Self - Host"]
tt12957376	2	nm1538571	director	\N	\N
tt12957376	3	nm7647068	producer	producer	\N
tt12957378	1	nm0864436	self	\N	["Self - Host"]
tt12957378	2	nm1538571	director	\N	\N
tt12957378	3	nm7647068	producer	producer	\N
tt12957380	1	nm0061849	actress	\N	["Lorie Brooks"]
tt12957382	1	nm0864436	self	\N	["Self - Host"]
tt12957382	2	nm1538571	director	\N	\N
tt12957382	3	nm7647068	producer	producer	\N
tt12957384	1	nm0864436	self	\N	["Self - Host"]
tt12957384	2	nm1538571	director	\N	\N
tt12957384	3	nm7647068	producer	producer	\N
tt12957386	1	nm0061849	actress	\N	["Lorie Brooks"]
tt12957388	1	nm0864436	self	\N	["Self - Host"]
tt12957388	2	nm1538571	director	\N	\N
tt12957388	3	nm7647068	producer	producer	\N
tt12957390	1	nm0864436	self	\N	["Self - Host"]
tt12957390	2	nm1538571	director	\N	\N
tt12957390	3	nm7647068	producer	producer	\N
tt12957394	1	nm0864436	self	\N	["Self - Host"]
tt12957394	2	nm1538571	director	\N	\N
tt12957394	3	nm7647068	producer	producer	\N
tt12957396	1	nm0061849	actress	\N	["Lorie Brooks"]
tt12957398	1	nm0864436	self	\N	["Self - Host"]
tt12957398	2	nm1538571	director	\N	\N
tt12957398	3	nm7647068	producer	producer	\N
tt12957400	1	nm11767461	director	\N	\N
tt12957402	1	nm0864436	self	\N	["Self - Host"]
tt12957402	2	nm1538571	director	\N	\N
tt12957402	3	nm7647068	producer	producer	\N
tt12957404	1	nm0864436	self	\N	["Self - Host"]
tt12957404	2	nm1538571	director	\N	\N
tt12957404	3	nm7647068	producer	producer	\N
tt12957406	1	nm0955694	self	\N	["Self"]
tt12957408	1	nm0864436	self	\N	["Self - Host"]
tt12957408	2	nm1538571	director	\N	\N
tt12957408	3	nm7647068	producer	producer	\N
tt12957410	1	nm0864436	self	\N	["Self - Host"]
tt12957410	2	nm1538571	director	\N	\N
tt12957410	3	nm7647068	producer	producer	\N
tt12957412	1	nm0864436	self	\N	["Self - Host"]
tt12957412	2	nm1538571	director	\N	\N
tt12957412	3	nm7647068	producer	producer	\N
tt12957416	1	nm0864436	self	\N	["Self - Host"]
tt12957416	2	nm1538571	director	\N	\N
tt12957416	3	nm7647068	producer	producer	\N
tt12957418	1	nm0864436	self	\N	["Self - Host"]
tt12957418	2	nm1538571	director	\N	\N
tt12957418	3	nm7647068	producer	producer	\N
tt12957420	1	nm0061849	actress	\N	["Lorie Brooks"]
tt12957422	1	nm11609671	actor	\N	["Russian Electrician"]
tt12957422	2	nm11492066	actor	\N	["Killer Teddy Bear"]
tt12957426	1	nm0864436	self	\N	["Self - Host"]
tt12957426	2	nm1538571	director	\N	\N
tt12957426	3	nm7647068	producer	producer	\N
tt12957432	1	nm0864436	self	\N	["Self - Host"]
tt12957432	2	nm1538571	director	\N	\N
tt12957432	3	nm7647068	producer	producer	\N
tt12957434	1	nm0061849	actress	\N	["Lorie Brooks"]
tt12957440	1	nm0864436	self	\N	["Self - Host"]
tt12957440	2	nm1538571	director	\N	\N
tt12957440	3	nm7647068	producer	producer	\N
tt12957442	1	nm0864436	self	\N	["Self - Host"]
tt12957442	2	nm1538571	director	\N	\N
tt12957442	3	nm7647068	producer	producer	\N
tt12957446	1	nm0864436	self	\N	["Self - Host"]
tt12957446	2	nm1538571	director	\N	\N
tt12957446	3	nm7647068	producer	producer	\N
tt12957448	1	nm0864436	self	\N	["Self - Host"]
tt12957448	2	nm1538571	director	\N	\N
tt12957448	3	nm7647068	producer	producer	\N
tt12957450	1	nm0864436	self	\N	["Self - Host"]
tt12957450	2	nm1538571	director	\N	\N
tt12957450	3	nm7647068	producer	producer	\N
tt12957452	1	nm0864436	self	\N	["Self - Host"]
tt12957452	2	nm1538571	director	\N	\N
tt12957452	3	nm7647068	producer	producer	\N
tt12957454	1	nm0864436	self	\N	["Self - Host"]
tt12957454	2	nm1538571	director	\N	\N
tt12957454	3	nm7647068	producer	producer	\N
tt12957460	1	nm0864436	self	\N	["Self - Host"]
tt12957460	2	nm1538571	director	\N	\N
tt12957460	3	nm7647068	producer	producer	\N
tt12957462	1	nm0864436	self	\N	["Self - Host"]
tt12957462	2	nm1538571	director	\N	\N
tt12957462	3	nm7647068	producer	producer	\N
tt12957464	1	nm0864436	self	\N	["Self - Host"]
tt12957464	2	nm1538571	director	\N	\N
tt12957464	3	nm7647068	producer	producer	\N
tt12957466	1	nm0864436	self	\N	["Self - Host"]
tt12957466	2	nm1538571	director	\N	\N
tt12957466	3	nm7647068	producer	producer	\N
tt12957468	1	nm0864436	self	\N	["Self - Host"]
tt12957468	2	nm1538571	director	\N	\N
tt12957468	3	nm7647068	producer	producer	\N
tt12957470	1	nm0864436	self	\N	["Self - Host"]
tt12957470	2	nm1538571	director	\N	\N
tt12957470	3	nm7647068	producer	producer	\N
tt12957472	1	nm0864436	self	\N	["Self - Host"]
tt12957472	2	nm1538571	director	\N	\N
tt12957472	3	nm7647068	producer	producer	\N
tt12957474	1	nm0061849	actress	\N	["Lorie Brooks"]
tt12957476	1	nm0864436	self	\N	["Self - Host"]
tt12957476	2	nm1538571	director	\N	\N
tt12957476	3	nm7647068	producer	producer	\N
tt12957478	1	nm0864436	self	\N	["Self - Host"]
tt12957478	2	nm1538571	director	\N	\N
tt12957478	3	nm7647068	producer	producer	\N
tt12957480	1	nm0864436	self	\N	["Self - Host"]
tt12957480	2	nm1538571	director	\N	\N
tt12957480	3	nm7647068	producer	producer	\N
tt12957484	1	nm0864436	self	\N	["Self - Host"]
tt12957484	2	nm1538571	director	\N	\N
tt12957484	3	nm7647068	producer	producer	\N
tt12957486	1	nm0864436	self	\N	["Self - Host"]
tt12957486	2	nm1538571	director	\N	\N
tt12957486	3	nm7647068	producer	producer	\N
tt12957488	1	nm0864436	self	\N	["Self - Host"]
tt12957488	2	nm1538571	director	\N	\N
tt12957488	3	nm7647068	producer	producer	\N
tt12957490	1	nm1490379	self	\N	["Self - Host"]
tt12957490	2	nm0900710	actor	\N	["Sint Nicolaas"]
tt12957492	1	nm0864436	self	\N	["Self - Host"]
tt12957492	2	nm1538571	director	\N	\N
tt12957492	3	nm7647068	producer	producer	\N
tt12957494	1	nm0864436	self	\N	["Self - Host"]
tt12957494	2	nm1538571	director	\N	\N
tt12957494	3	nm7647068	producer	producer	\N
tt12957498	1	nm11837689	actor	\N	["Host self"]
tt12957498	2	nm11376856	writer	\N	\N
tt12957500	1	nm0864436	self	\N	["Self - Host"]
tt12957500	2	nm1538571	director	\N	\N
tt12957500	3	nm7647068	producer	producer	\N
tt12957502	1	nm0864436	self	\N	["Self - Host"]
tt12957502	2	nm1538571	director	\N	\N
tt12957502	3	nm7647068	producer	producer	\N
tt12957506	1	nm10027659	self	\N	["Self"]
tt12957506	2	nm11839233	self	\N	["Self"]
tt12957506	3	nm0765715	self	\N	["Self"]
tt12957506	4	nm3386635	actor	\N	["Cash Flo"]
tt12957506	5	nm4092973	actor	\N	\N
tt12957506	6	nm9005791	actor	\N	["Referee Daniel Spencer"]
tt12957508	1	nm2315948	self	\N	["Self - Host"]
tt12957508	2	nm5277575	self	\N	["Self - Kandidat"]
tt12957514	1	nm0061849	actress	\N	["Lorie Brooks"]
tt12957516	1	nm0061849	actress	\N	["Lorie Brooks"]
tt12957518	10	nm0618862	editor	\N	\N
tt12957518	1	nm0245581	actor	\N	["Commentator"]
tt12957518	2	nm0325645	actor	\N	\N
tt12957518	3	nm11839243	actress	\N	\N
tt12957518	4	nm1747019	actor	\N	\N
tt12957518	5	nm11839245	director	\N	\N
tt12957518	6	nm11839241	director	\N	\N
tt12957518	7	nm0560795	director	\N	\N
tt12957518	8	nm11839244	writer	\N	\N
tt12957518	9	nm11839246	cinematographer	\N	\N
tt12957522	1	nm0061849	actress	\N	["Lorie Brooks"]
tt12957530	1	nm10421439	actress	\N	\N
tt12957530	2	nm1970007	actress	\N	\N
tt12957532	10	nm3234677	cinematographer	\N	\N
tt12957532	1	nm2280446	self	\N	["Self - Host"]
tt12957532	2	nm11839343	self	\N	["Self"]
tt12957532	3	nm2997508	self	\N	["Self"]
tt12957532	4	nm11839341	self	\N	["Self"]
tt12957532	5	nm7017844	producer	producer	\N
tt12957532	6	nm1138122	producer	producer	\N
tt12957532	7	nm6188756	composer	\N	\N
tt12957532	8	nm0158111	cinematographer	\N	\N
tt12957532	9	nm1283460	cinematographer	\N	\N
tt12957536	10	nm0046871	editor	\N	\N
tt12957536	1	nm2280446	self	\N	["Self - Host"]
tt12957536	2	nm11839344	self	\N	["Self"]
tt12957536	3	nm5871246	self	\N	["Self"]
tt12957536	4	nm7017844	producer	producer	\N
tt12957536	5	nm1138122	producer	producer	\N
tt12957536	6	nm6188756	composer	\N	\N
tt12957536	7	nm0158111	cinematographer	\N	\N
tt12957536	8	nm1283460	cinematographer	\N	\N
tt12957536	9	nm3234677	cinematographer	\N	\N
tt12957540	1	nm11837689	actor	\N	\N
tt12957540	2	nm11376856	writer	\N	\N
tt12957544	10	nm4191076	editor	\N	\N
tt12957544	1	nm2280446	self	\N	["Self - Host"]
tt12957544	2	nm7017844	producer	producer	\N
tt12957544	3	nm1138122	producer	producer	\N
tt12957544	4	nm6188756	composer	\N	\N
tt12957544	5	nm0158111	cinematographer	\N	\N
tt12957544	6	nm1283460	cinematographer	\N	\N
tt12957544	7	nm3234677	cinematographer	\N	\N
tt12957544	8	nm0046871	editor	\N	\N
tt12957544	9	nm0357105	editor	\N	\N
tt12957548	1	nm0061849	actress	\N	["Lorie Brooks"]
tt12957550	1	nm11839154	self	\N	["Self"]
tt12957550	2	nm4092973	self	\N	["Self"]
tt12957550	3	nm0765715	self	\N	["Self"]
tt12957550	4	nm1693928	actor	\N	["Jay Bradley"]
tt12957554	1	nm2837894	actor	\N	["Jin Mori"]
tt12957554	2	nm6745380	actor	\N	["Gidong Nah"]
tt12957554	3	nm0419760	actress	\N	["Nurse Heal","PA announcer"]
tt12957554	4	nm4810022	director	director	\N
tt12957554	5	nm2674901	producer	producer	\N
tt12957554	6	nm11875975	composer	\N	\N
tt12957556	1	nm0061849	actress	\N	["Lorie Brooks"]
tt12957560	1	nm4407583	actor	\N	["Zach Mullen"]
tt12957560	2	nm2039603	actress	\N	["Hannah Jacobs"]
tt12957562	1	nm0061849	actress	\N	["Lorie Brooks"]
tt12957564	1	nm0061849	actress	\N	["Lorie Brooks"]
tt12957568	1	nm4407583	actor	\N	["Zach Mullen"]
tt12957568	2	nm3223201	actress	\N	["Open Mic Attendee"]
tt12957568	3	nm7554051	actress	\N	["Fan #2"]
tt12957568	4	nm4067102	actress	\N	["Fan #1"]
tt12957572	1	nm0061849	actress	\N	["Lorie Brooks"]
tt12957574	1	nm7149567	actor	\N	["Thomas"]
tt12957578	1	nm0061849	actress	\N	["Lorie Brooks"]
tt12957580	1	nm0082073	actress	\N	["Mom"]
tt12957580	2	nm2039603	actress	\N	["Hannah Jacobs"]
tt12957580	3	nm2475450	actor	\N	["Dad"]
tt12957582	1	nm0061849	actress	\N	["Lorie Brooks"]
tt12957584	1	nm0061849	actress	\N	["Lorie Brooks"]
tt12957586	1	nm4407583	actor	\N	["Zach Mullen"]
tt12957586	2	nm6893092	actress	\N	["Maddie Jacobs"]
tt12957588	1	nm0061849	actress	\N	["Lorie Brooks"]
tt12957592	1	nm4407583	actor	\N	["Zach Mullen"]
tt12957592	2	nm2039603	actress	\N	["Hannah Jacobs"]
tt12957596	1	nm10464332	actor	\N	["Mitya"]
tt12957596	2	nm0031467	actress	\N	["Granny"]
tt12957596	3	nm0329812	actor	\N	["Dog's owner"]
tt12957596	4	nm6071898	actress	\N	["TV announcer"]
tt12957596	5	nm10261180	director	\N	\N
tt12957596	6	nm10271780	producer	producer	\N
tt12957596	7	nm11933599	producer	producer	\N
tt12957596	8	nm9127587	cinematographer	\N	\N
tt12957596	9	nm0773685	editor	\N	\N
tt12957598	1	nm0061849	actress	\N	["Lorie Brooks"]
tt12957600	1	nm6893092	actress	\N	["Maddie Jacobs"]
tt12957600	2	nm2039603	actress	\N	["Hannah Jacobs"]
tt12957602	10	nm0357105	editor	\N	\N
tt12957602	1	nm2280446	self	\N	["Self - Host"]
tt12957602	2	nm0013093	self	\N	["Self"]
tt12957602	3	nm7017844	producer	producer	\N
tt12957602	4	nm1138122	producer	producer	\N
tt12957602	5	nm6188756	composer	\N	\N
tt12957602	6	nm0158111	cinematographer	\N	\N
tt12957602	7	nm1283460	cinematographer	\N	\N
tt12957602	8	nm3234677	cinematographer	\N	\N
tt12957602	9	nm0046871	editor	\N	\N
tt12957606	10	nm0349661	cinematographer	\N	\N
tt12957606	1	nm0538251	actor	\N	["Roman Krucha"]
tt12957606	2	nm0688719	actress	\N	["Galya"]
tt12957606	3	nm0678156	actor	\N	["Karas"]
tt12957606	4	nm0473012	actor	\N	["Andrey Tur"]
tt12957606	5	nm3566219	director	\N	\N
tt12957606	6	nm8345869	director	\N	\N
tt12957606	7	nm0466437	writer	novel	\N
tt12957606	8	nm0017950	cinematographer	\N	\N
tt12957606	9	nm3566232	cinematographer	\N	\N
tt12957612	10	nm4191076	editor	\N	\N
tt12957612	1	nm2280446	self	\N	["Self - Host"]
tt12957612	2	nm7017844	producer	producer	\N
tt12957612	3	nm1138122	producer	producer	\N
tt12957612	4	nm6188756	composer	\N	\N
tt12957612	5	nm0158111	cinematographer	\N	\N
tt12957612	6	nm1283460	cinematographer	\N	\N
tt12957612	7	nm3234677	cinematographer	\N	\N
tt12957612	8	nm0046871	editor	\N	\N
tt12957612	9	nm0357105	editor	\N	\N
tt12957614	1	nm0061849	actress	\N	["Lorie Brooks"]
tt12957618	1	nm0061849	actress	\N	["Lorie Brooks"]
tt12957624	1	nm0061849	actress	\N	["Lorie Brooks"]
tt12957626	1	nm0061849	actress	\N	["Lorie Brooks"]
tt12957630	1	nm0061849	actress	\N	["Lorie Brooks"]
tt12957632	1	nm11837689	actor	\N	\N
tt12957632	2	nm11376856	writer	\N	\N
tt12957634	10	nm11614707	self	\N	["Self"]
tt12957634	1	nm11839642	self	\N	["Self"]
tt12957634	2	nm11617410	self	\N	["Self"]
tt12957634	3	nm11610171	self	\N	["Self"]
tt12957634	4	nm11611964	self	\N	["Self"]
tt12957634	5	nm11492069	self	\N	["Self"]
tt12957634	6	nm11610245	self	\N	["Self"]
tt12957634	7	nm11611363	self	\N	["Self"]
tt12957634	8	nm11609869	self	\N	["Self"]
tt12957634	9	nm11839265	self	\N	["Self"]
tt12957638	1	nm0061849	actress	\N	["Lorie Brooks"]
tt12957646	1	nm0061849	actress	\N	["Lorie Brooks"]
tt12957648	1	nm11837689	actor	\N	\N
tt12957648	2	nm11376856	writer	\N	\N
tt12957650	1	nm0061849	actress	\N	["Lorie Brooks"]
tt12957652	1	nm0061849	actress	\N	["Lorie Brooks"]
tt12957654	1	nm0061849	actress	\N	["Lorie Brooks"]
tt12957656	1	nm0061849	actress	\N	["Lorie Brooks"]
tt12957658	1	nm11610246	actor	\N	["Grampa Joad"]
tt12957658	2	nm11839272	actor	\N	["Al Joad"]
tt12957658	3	nm11492071	actor	\N	["Connie"]
tt12957658	4	nm11492068	actor	\N	["Noah Joad"]
tt12957658	5	nm11492066	director	\N	\N
tt12957658	6	nm11609671	writer	writer	\N
tt12957662	1	nm0061849	actress	\N	["Lorie Brooks"]
tt12957666	1	nm0061849	actress	\N	["Lorie Brooks"]
tt12957668	1	nm0061849	actress	\N	["Lorie Brooks"]
tt12957670	1	nm0061849	actress	\N	["Lorie Brooks"]
tt12957672	1	nm0061849	actress	\N	["Lorie Brooks"]
tt12957676	1	nm0061849	actress	\N	["Lorie Brooks"]
tt12957678	1	nm0061849	actress	\N	["Lorie Brooks"]
tt12957680	1	nm0061849	actress	\N	["Lorie Brooks"]
tt12957682	1	nm5800711	actor	\N	["Jack"]
tt12957682	2	nm2986556	actress	\N	["Fiona"]
tt12957682	3	nm12916706	actress	\N	["Woman L"]
tt12957682	4	nm12717235	actress	\N	["Woman N"]
tt12957682	5	nm8651105	director	\N	\N
tt12957682	6	nm9185116	producer	producer	\N
tt12957682	7	nm9434068	producer	producer	\N
tt12957682	8	nm5476256	cinematographer	\N	\N
tt12957688	1	nm0061849	actress	\N	["Lorie Brooks"]
tt12957690	1	nm0061849	actress	\N	["Lorie Brooks"]
tt12957692	1	nm0061849	actress	\N	["Lorie Brooks"]
tt12957694	1	nm0049154	self	\N	["Self - Host"]
tt12957694	2	nm3167866	self	\N	["Self - Host"]
tt12957694	3	nm3224338	self	\N	["Self"]
tt12957694	4	nm3233857	self	\N	["Self"]
tt12957698	1	nm0061849	actress	\N	["Lorie Brooks"]
tt12957700	1	nm0061849	actress	\N	["Lorie Brooks"]
tt12957702	1	nm0061849	actress	\N	["Lorie Brooks"]
tt12957710	1	nm0049154	self	\N	["Self - Host"]
tt12957710	2	nm3167866	self	\N	["Self - Host"]
tt12957710	3	nm11809020	self	\N	["Self"]
tt12957710	4	nm11652168	self	\N	["Self"]
tt12957714	1	nm0061849	actress	\N	["Lorie Brooks"]
tt12957722	1	nm11839280	actor	\N	["Bernie"]
tt12957722	2	nm6488744	actor	\N	["Parlanchin"]
tt12957722	3	nm11839281	actor	\N	["Dragged Prisoner"]
tt12957722	4	nm11832026	director	\N	\N
tt12957722	5	nm5962149	cinematographer	\N	\N
tt12957722	6	nm11839282	cinematographer	\N	\N
tt12957724	1	nm3268459	self	\N	["Self - Host"]
tt12957726	1	nm0049154	self	\N	["Self - Host"]
tt12957726	2	nm3167866	self	\N	["Self - Host"]
tt12957726	3	nm11839285	self	\N	["Self"]
tt12957726	4	nm5965825	self	\N	["Self"]
tt12957728	1	nm3268459	self	\N	["Self - Host"]
tt12957730	1	nm3268459	self	\N	["Self - Host"]
tt12957734	1	nm3268459	self	\N	["Self - Host"]
tt12957736	1	nm3268459	self	\N	["Self - Host"]
tt12957736	2	nm4449058	self	\N	["Self - White House Press Secretary"]
tt12957740	1	nm11839291	self	\N	["Self - Guest"]
tt12957740	2	nm5133499	self	\N	["Self - Co-Host"]
tt12957740	3	nm3924057	self	\N	["Self - Co-Host"]
tt12957742	1	nm2546467	self	\N	["Self (2020)"]
tt12957742	2	nm11378797	self	\N	["Self (2020)"]
tt12957742	3	nm8616711	self	\N	["Self"]
tt12957742	4	nm2886525	self	\N	["Self"]
tt12957742	5	nm4592145	self	\N	["Self"]
tt12957744	1	nm0495136	self	\N	["Self - Interviewee"]
tt12957744	2	nm0078331	director	\N	\N
tt12957744	3	nm1015855	editor	\N	\N
tt12957746	1	nm0049154	self	\N	["Self - Host"]
tt12957746	2	nm3167866	self	\N	["Self - Host"]
tt12957746	3	nm11809020	self	\N	["Self"]
tt12957746	4	nm0934514	self	\N	["Self"]
tt12957752	1	nm0061849	actress	\N	["Lorie Brooks"]
tt12957756	1	nm2178052	self	\N	["Self - Host"]
tt12957760	1	nm2178052	self	\N	["Self - Host"]
tt12957764	1	nm2178052	self	\N	["Self - Host"]
tt12957766	1	nm0061849	actress	\N	["Lorie Brooks"]
tt12957768	1	nm2178052	self	\N	["Self - Host"]
tt12957770	1	nm2178052	self	\N	["Self - Host"]
tt12957770	2	nm11842982	self	\N	["Self - Georgia State Representative"]
tt12957772	1	nm0061849	actress	\N	["Lorie Brooks"]
tt12957774	10	nm0891943	actor	\N	["Johnny Vegas"]
tt12957774	1	nm6739196	actress	\N	["Lucy"]
tt12957774	2	nm2763922	actor	\N	["Jon"]
tt12957774	3	nm1954673	actor	\N	["Rob Beckett"]
tt12957774	4	nm0153002	actor	\N	["Craig Charles"]
tt12957774	5	nm1838794	director	director:  	\N
tt12957774	6	nm7285877	writer	written by	\N
tt12957774	7	nm0317558	actor	\N	["Roland Gift"]
tt12957774	8	nm2224565	actor	\N	["Russell Howard"]
tt12957774	9	nm0680766	actress	\N	["Sally Phillips"]
tt12957776	1	nm11839305	self	\N	["Self - Presenter"]
tt12957776	2	nm1272304	self	\N	["Self - Presenter"]
tt12957776	3	nm2700310	self	\N	["Self - Presenter"]
tt12957776	4	nm1414016	editor	\N	\N
tt12957778	1	nm0061849	actress	\N	["Lorie Brooks"]
tt12957786	1	nm0061849	actress	\N	["Lorie Brooks"]
tt12957788	1	nm0061849	actress	\N	["Lorie Brooks"]
tt12957794	10	nm0590294	actor	\N	\N
tt12957794	1	nm0089063	actress	\N	["Eva Loyola"]
tt12957794	2	nm0799103	actor	\N	\N
tt12957794	3	nm0735859	actress	\N	["Regina Durán"]
tt12957794	4	nm0729341	actor	\N	\N
tt12957794	5	nm1080742	actor	\N	\N
tt12957794	6	nm0284750	actress	\N	\N
tt12957794	7	nm0352713	actress	\N	["Tatiana Mendoza"]
tt12957794	8	nm0403622	actress	\N	["Carla Machado"]
tt12957794	9	nm0575670	actress	\N	\N
tt12957800	1	nm0061849	actress	\N	["Lorie Brooks"]
tt12957804	1	nm0061849	actress	\N	["Lorie Brooks"]
tt12957806	1	nm0061849	actress	\N	["Lorie Brooks"]
tt12957808	1	nm0061849	actress	\N	["Lorie Brooks"]
tt12957812	1	nm0061849	actress	\N	["Lorie Brooks"]
tt12957816	1	nm9897956	actress	\N	\N
tt12957816	2	nm5358544	actor	\N	\N
tt12957818	1	nm0061849	actress	\N	["Lorie Brooks"]
tt12957826	1	nm0061849	actress	\N	["Lorie Brooks"]
tt12957832	1	nm2651530	self	\N	["Self - Host"]
tt12957834	1	nm2651530	self	\N	["Self - Host"]
tt12957836	1	nm2651530	self	\N	["Self - Host"]
tt12957838	1	nm2651530	self	\N	["Self - Host"]
tt12957840	1	nm0049154	self	\N	["Self - Host"]
tt12957840	2	nm3167866	self	\N	["Self - Host"]
tt12957840	3	nm11573745	self	\N	["Self - Announcer"]
tt12957840	4	nm9444337	self	\N	["Self"]
tt12957840	5	nm11839318	self	\N	["Self"]
tt12957840	6	nm11652168	self	\N	["Self"]
tt12957846	1	nm0061849	actress	\N	["Lorie Brooks"]
tt12957848	1	nm2651530	self	\N	["Self - Host"]
tt12957848	2	nm10874798	self	\N	["Self - DNC Communications Director"]
tt12957850	10	nm9623257	actor	\N	["Dean Thompson"]
tt12957850	1	nm0575114	actor	\N	["Alf Stewart"]
tt12957850	2	nm0569758	actress	\N	["Irene Roberts"]
tt12957850	3	nm0843381	actress	\N	["Marilyn Chambers"]
tt12957850	4	nm0936771	actor	\N	["John Palmer"]
tt12957850	5	nm0071776	director	\N	\N
tt12957850	6	nm2335535	writer	written by	\N
tt12957850	7	nm0682366	cinematographer	director of photography	\N
tt12957850	8	nm9079287	actress	\N	["Ziggy Astoni"]
tt12957850	9	nm4169278	actress	\N	["Willow Harris"]
tt12957852	1	nm0061849	actress	\N	["Lorie Brooks"]
tt12957854	10	nm2647938	actress	\N	["Mackenzie Booth"]
tt12957854	1	nm9079287	actress	\N	["Ziggy Astoni"]
tt12957854	2	nm4169278	actress	\N	["Willow Harris"]
tt12957854	3	nm9623257	actor	\N	["Dean Thompson"]
tt12957854	4	nm4942172	actor	\N	["Colby Thorne"]
tt12957854	5	nm0071776	director	\N	\N
tt12957854	6	nm11697926	director	\N	\N
tt12957854	7	nm3464219	writer	written by	\N
tt12957854	8	nm0682366	cinematographer	director of photography	\N
tt12957854	9	nm10284219	actress	\N	["Bella Nixon"]
tt12957856	1	nm11796553	director	\N	\N
tt12957858	1	nm0049154	self	\N	["Self - Host"]
tt12957858	2	nm3167866	self	\N	["Self - Host"]
tt12957858	3	nm11839325	self	\N	["Self"]
tt12957860	1	nm6370517	actress	\N	\N
tt12957860	2	nm0284649	actor	\N	\N
tt12957860	3	nm11839326	director	\N	\N
tt12957864	10	nm2647938	actress	\N	["Mackenzie Booth"]
tt12957864	1	nm0575114	actor	\N	["Alf Stewart"]
tt12957864	2	nm0630124	actress	\N	["Leah Patterson"]
tt12957864	3	nm0843381	actress	\N	["Marilyn Chambers"]
tt12957864	4	nm0662270	actress	\N	["Roo Stewart"]
tt12957864	5	nm0071776	director	\N	\N
tt12957864	6	nm0963395	writer	written by	\N
tt12957864	7	nm0682366	cinematographer	director of photography	\N
tt12957864	8	nm0829462	actor	\N	["Justin Morgan"]
tt12957864	9	nm6965827	actor	\N	["Ryder Jackson"]
tt12957874	1	nm0061849	actress	\N	["Lorie Brooks"]
tt12957876	1	nm2414194	self	\N	["Self - Host"]
tt12957876	2	nm11855623	actor	\N	\N
tt12957876	3	nm5428126	writer	\N	\N
tt12957878	1	nm0061849	actress	\N	["Lorie Brooks"]
tt12957882	1	nm0061849	actress	\N	["Lorie Brooks"]
tt12957884	1	nm0049154	self	\N	["Self - Host"]
tt12957884	2	nm3167866	self	\N	["Self - Host"]
tt12957884	3	nm11573745	self	\N	["Self"]
tt12957886	1	nm0061849	actress	\N	["Lorie Brooks"]
tt12957888	10	nm0829462	actor	\N	["Justin Morgan"]
tt12957888	1	nm0575114	actor	\N	["Alf Stewart"]
tt12957888	2	nm0569758	actress	\N	["Irene Roberts"]
tt12957888	3	nm0630124	actress	\N	["Leah Patterson"]
tt12957888	4	nm0843381	actress	\N	["Marilyn Chambers"]
tt12957888	5	nm0071776	director	\N	\N
tt12957888	6	nm1878613	writer	written by	\N
tt12957888	7	nm0682366	cinematographer	director of photography	\N
tt12957888	8	nm0662270	actress	\N	["Roo Stewart"]
tt12957888	9	nm1398616	actress	\N	["Tori Morgan"]
tt12957892	1	nm0061849	actress	\N	["Lorie Brooks"]
tt12957894	1	nm1596350	self	\N	["Self"]
tt12957894	2	nm10391162	director	\N	\N
tt12957894	3	nm10391161	director	\N	\N
tt12957894	4	nm10391160	director	\N	\N
tt12957894	5	nm10391184	composer	\N	\N
tt12957894	6	nm10391187	editor	\N	\N
tt12957896	1	nm0061849	actress	\N	["Lorie Brooks"]
tt12957900	1	nm0061849	actress	\N	["Lorie Brooks"]
tt12957904	1	nm0061849	actress	\N	["Lorie Brooks"]
tt12957908	1	nm0061849	actress	\N	["Lorie Brooks"]
tt12957910	10	nm0829462	actor	\N	["Justin Morgan"]
tt12957910	1	nm0575114	actor	\N	["Alf Stewart"]
tt12957910	2	nm0569758	actress	\N	["Irene Roberts"]
tt12957910	3	nm0630124	actress	\N	["Leah Patterson"]
tt12957910	4	nm0662270	actress	\N	["Roo Stewart"]
tt12957910	5	nm0071776	director	\N	\N
tt12957910	6	nm3065185	writer	written by	\N
tt12957910	7	nm0682366	cinematographer	director of photography	\N
tt12957910	8	nm0936771	actor	\N	["John Palmer"]
tt12957910	9	nm1398616	actress	\N	["Tori Morgan"]
tt12957914	1	nm0061849	actress	\N	["Lorie Brooks"]
tt12957916	1	nm0061849	actress	\N	["Lorie Brooks"]
tt12957922	1	nm0061849	actress	\N	["Lorie Brooks"]
tt12957924	1	nm1716881	self	\N	["Self - Host"]
tt12957926	1	nm1716881	self	\N	["Self - Host"]
tt12957928	1	nm11839642	actor	\N	["Student"]
tt12957928	2	nm12378819	actor	\N	["Mr. Jordon"]
tt12957928	3	nm11609671	actor	\N	["Student"]
tt12957928	4	nm11839331	actor	\N	["Mrs. Neiweem"]
tt12957928	5	nm11492066	director	\N	\N
tt12957928	6	nm11839266	writer	writer	\N
tt12957928	7	nm11492068	actor	\N	["Officer Duchene"]
tt12957928	8	nm11617396	actor	\N	["Mr. Underwood"]
tt12957928	9	nm11839332	actor	\N	["Mr. Winden"]
tt12957932	1	nm1716881	self	\N	["Self - Host"]
tt12957938	1	nm1716881	self	\N	["Self - Host"]
tt12957940	1	nm10906942	actor	\N	["Janitor"]
tt12957940	2	nm11839333	actor	\N	["Security Guard"]
tt12957940	3	nm2370932	actor	\N	["Medical Student"]
tt12957940	4	nm9580989	actress	\N	["Nursing Student"]
tt12957940	5	nm6834275	director	\N	\N
tt12957940	6	nm11838981	cinematographer	\N	\N
tt12957942	1	nm1716881	self	\N	["Self - Host"]
tt12957944	1	nm0001836	self	\N	["Self"]
tt12957944	2	nm4107126	director	\N	\N
tt12957948	1	nm1962313	self	\N	["Self"]
tt12957948	2	nm10391162	director	\N	\N
tt12957948	3	nm10391161	director	\N	\N
tt12957948	4	nm10391160	director	\N	\N
tt12957948	5	nm10391184	composer	\N	\N
tt12957948	6	nm10391187	editor	\N	\N
tt12957952	1	nm11801992	actor	\N	["Sami jrb"]
tt12957952	2	nm8562238	actor	\N	\N
tt12957952	3	nm10733575	director	\N	\N
tt12957952	4	nm13462698	composer	\N	\N
tt12957954	10	nm10284219	actress	\N	["Bella Nixon"]
tt12957954	1	nm0569758	actress	\N	["Irene Roberts"]
tt12957954	2	nm6965827	actor	\N	["Ryder Jackson"]
tt12957954	3	nm4169278	actress	\N	["Willow Harris"]
tt12957954	4	nm6877150	actress	\N	["Jasmine Delaney"]
tt12957954	5	nm0914663	director	\N	\N
tt12957954	6	nm3694599	writer	written by	\N
tt12957954	7	nm0682366	cinematographer	director of photography	\N
tt12957954	8	nm9623257	actor	\N	["Dean Thompson"]
tt12957954	9	nm4942172	actor	\N	["Colby Thorne"]
tt12957962	1	nm1665004	self	\N	["Self"]
tt12957962	2	nm10391162	director	\N	\N
tt12957962	3	nm10391161	director	\N	\N
tt12957962	4	nm10391160	director	\N	\N
tt12957962	5	nm10391184	composer	\N	\N
tt12957962	6	nm10391187	editor	\N	\N
tt12957970	1	nm0061849	actress	\N	["Lorie Brooks"]
tt12957972	1	nm2331000	self	\N	["Self"]
tt12957972	2	nm10391162	director	\N	\N
tt12957972	3	nm10391161	director	\N	\N
tt12957972	4	nm10391160	director	\N	\N
tt12957972	5	nm10391184	composer	\N	\N
tt12957972	6	nm10391187	editor	\N	\N
tt12957976	1	nm0061849	actress	\N	["Lorie Brooks"]
tt12957978	10	nm9623257	actor	\N	["Dean Thompson"]
tt12957978	1	nm0569758	actress	\N	["Irene Roberts"]
tt12957978	2	nm0843381	actress	\N	["Marilyn Chambers"]
tt12957978	3	nm1398616	actress	\N	["Tori Morgan"]
tt12957978	4	nm6965827	actor	\N	["Ryder Jackson"]
tt12957978	5	nm0914663	director	\N	\N
tt12957978	6	nm1035004	writer	written by	\N
tt12957978	7	nm0682366	cinematographer	director of photography	\N
tt12957978	8	nm4169278	actress	\N	["Willow Harris"]
tt12957978	9	nm6877150	actress	\N	["Jasmine Delaney"]
tt12957982	1	nm0061849	actress	\N	["Lorie Brooks"]
tt12957984	1	nm11839338	actor	\N	["singer - Bell Biv Devoe"]
tt12957984	2	nm11839337	actress	\N	["Picnic mom"]
tt12957984	3	nm1363709	actor	\N	["Host rapper"]
tt12957984	4	nm3189302	actor	\N	["Rapper"]
tt12957984	5	nm0588079	director	\N	\N
tt12957984	6	nm0589464	producer	producer	\N
tt12957984	7	nm11835441	producer	producer	\N
tt12957984	8	nm0338490	cinematographer	director of photography	\N
tt12957986	1	nm0061849	actress	\N	["Lorie Brooks"]
tt12957990	1	nm0061849	actress	\N	["Lorie Brooks"]
tt12957992	1	nm10540050	actor	\N	["The Attendee"]
tt12957992	2	nm11843766	actress	\N	["The Witch"]
tt12957992	3	nm10540047	director	\N	\N
tt12957992	4	nm11843767	cinematographer	\N	\N
tt12957992	5	nm11843768	cinematographer	\N	\N
tt12957992	6	nm6680587	editor	\N	\N
tt12957996	1	nm0061849	actress	\N	["Lorie Brooks"]
tt12957998	1	nm0147197	self	\N	["Self - Host"]
tt12958000	1	nm0061849	actress	\N	["Lorie Brooks"]
tt12958010	1	nm0147197	self	\N	["Self - Host"]
tt12958014	1	nm11609671	actor	\N	["Seth"]
tt12958014	2	nm11492068	actor	\N	["Calan"]
tt12958014	3	nm11492066	actor	\N	["Timmy"]
tt12958016	10	nm0829462	actor	\N	["Justin Morgan"]
tt12958016	1	nm0575114	actor	\N	["Alf Stewart"]
tt12958016	2	nm0569758	actress	\N	["Irene Roberts"]
tt12958016	3	nm0630124	actress	\N	["Leah Patterson"]
tt12958016	4	nm0843381	actress	\N	["Marilyn Chambers"]
tt12958016	5	nm0914663	director	\N	\N
tt12958016	6	nm6771436	writer	written by	\N
tt12958016	7	nm0682366	cinematographer	director of photography	\N
tt12958016	8	nm0662270	actress	\N	["Roo Stewart"]
tt12958016	9	nm1398616	actress	\N	["Tori Morgan"]
tt12958018	1	nm0147197	self	\N	["Self - Host"]
tt12958020	1	nm0061849	actress	\N	["Lorie Brooks"]
tt12958024	1	nm0049154	self	\N	["Self - Host"]
tt12958024	2	nm3167866	self	\N	["Self - Host"]
tt12958024	3	nm11839348	self	\N	["Self"]
tt12958024	4	nm11839349	self	\N	["Self"]
tt12958026	1	nm11723048	actor	\N	["Various"]
tt12958026	2	nm1930572	composer	\N	\N
tt12958028	1	nm0061849	actress	\N	["Lorie Brooks"]
tt12958034	1	nm0147197	self	\N	["Self - Host"]
tt12958038	1	nm0147197	self	\N	["Self - Host"]
tt12958042	1	nm0061849	actress	\N	["Lorie Brooks"]
tt12958044	1	nm11071797	actor	\N	["Juan Bond"]
tt12958044	2	nm8967081	actress	\N	["Jade Leblanc"]
tt12958044	3	nm9407758	actress	\N	["Violet Leblanc"]
tt12958044	4	nm9568244	actress	\N	["Ruby Leblanc"]
tt12958044	5	nm9454706	director	\N	\N
tt12958044	6	nm1890826	composer	\N	\N
tt12958044	7	nm9773477	cinematographer	\N	\N
tt12958050	1	nm0061849	actress	\N	["Lorie Brooks"]
tt12958054	1	nm0061849	actress	\N	["Lorie Brooks"]
tt12958058	1	nm0061849	actress	\N	["Lorie Brooks"]
tt12958060	10	nm4169278	actress	\N	["Willow Harris"]
tt12958060	1	nm0575114	actor	\N	["Alf Stewart"]
tt12958060	2	nm0630124	actress	\N	["Leah Patterson"]
tt12958060	3	nm0662270	actress	\N	["Roo Stewart"]
tt12958060	4	nm0936771	actor	\N	["John Palmer"]
tt12958060	5	nm0914663	director	\N	\N
tt12958060	6	nm0507345	writer	written by	\N
tt12958060	7	nm0682366	cinematographer	director of photography	\N
tt12958060	8	nm0829462	actor	\N	["Justin Morgan"]
tt12958060	9	nm9079287	actress	\N	["Ziggy Astoni"]
tt12958062	1	nm0061849	actress	\N	["Lorie Brooks"]
tt12958066	1	nm0061849	actress	\N	["Lorie Brooks"]
tt12958070	1	nm0061849	actress	\N	["Lorie Brooks"]
tt12958072	1	nm0061849	actress	\N	["Lorie Brooks"]
tt12958076	10	nm5798715	producer	producer	\N
tt12958076	1	nm7880072	actress	\N	["Martha Wayne"]
tt12958076	2	nm6750967	actor	\N	["Thomas Wayne"]
tt12958076	3	nm1407616	actor	\N	["Alfred Pennyworth"]
tt12958076	4	nm6799789	actor	\N	["Joe Chill"]
tt12958076	5	nm2031205	director	\N	\N
tt12958076	6	nm0277730	writer	characters	\N
tt12958076	7	nm0004170	writer	characters	\N
tt12958076	8	nm1047603	writer	characters	\N
tt12958076	9	nm11750237	producer	producer	\N
tt12958080	1	nm1042708	actor	\N	\N
tt12958080	2	nm2635790	actor	\N	\N
tt12958080	3	nm0764223	actor	\N	\N
tt12958080	4	nm11589328	director	\N	\N
tt12958082	1	nm0049154	self	\N	["Self - Host"]
tt12958082	2	nm3167866	self	\N	["Self - Host"]
tt12958082	3	nm7668569	self	\N	["Self"]
tt12958082	4	nm11652168	self	\N	["Self"]
tt12958086	1	nm0061849	actress	\N	["Lorie Brooks"]
tt12958092	10	nm9623257	actor	\N	["Dean Thompson"]
tt12958092	1	nm0575114	actor	\N	["Alf Stewart"]
tt12958092	2	nm0843381	actress	\N	["Marilyn Chambers"]
tt12958092	3	nm0662270	actress	\N	["Roo Stewart"]
tt12958092	4	nm0936771	actor	\N	["John Palmer"]
tt12958092	5	nm0914663	director	\N	\N
tt12958092	6	nm1477820	writer	written by	\N
tt12958092	7	nm0682366	cinematographer	director of photography	\N
tt12958092	8	nm9079287	actress	\N	["Ziggy Astoni"]
tt12958092	9	nm4169278	actress	\N	["Willow Harris"]
tt12958098	1	nm0061849	actress	\N	["Lorie Brooks"]
tt12958102	1	nm0061849	actress	\N	["Lorie Brooks"]
tt12958104	1	nm0061849	actress	\N	["Lorie Brooks"]
tt12958108	1	nm0061849	actress	\N	["Lorie Brooks"]
tt12958110	1	nm0049154	self	\N	["Self - Host"]
tt12958110	2	nm3167866	self	\N	["Self - Host"]
tt12958110	3	nm5933504	self	\N	["Self"]
tt12958110	4	nm11652168	self	\N	["Self"]
tt12958114	1	nm0061849	actress	\N	["Lorie Brooks"]
tt12958116	10	nm4942172	actor	\N	["Colby Thorne"]
tt12958116	1	nm0575114	actor	\N	["Alf Stewart"]
tt12958116	2	nm0843381	actress	\N	["Marilyn Chambers"]
tt12958116	3	nm0662270	actress	\N	["Roo Stewart"]
tt12958116	4	nm9079287	actress	\N	["Ziggy Astoni"]
tt12958116	5	nm0332348	director	\N	\N
tt12958116	6	nm6342115	writer	written by	\N
tt12958116	7	nm0682366	cinematographer	director of photography	\N
tt12958116	8	nm4169278	actress	\N	["Willow Harris"]
tt12958116	9	nm9623257	actor	\N	["Dean Thompson"]
tt12958124	1	nm7193574	self	\N	["Self"]
tt12958124	2	nm10391162	director	\N	\N
tt12958124	3	nm10391161	director	\N	\N
tt12958124	4	nm10391160	director	\N	\N
tt12958124	5	nm10391184	composer	\N	\N
tt12958124	6	nm10391187	editor	\N	\N
tt12958126	1	nm0061849	actress	\N	["Lorie Brooks"]
tt12958130	1	nm0061849	actress	\N	["Lorie Brooks"]
tt12958138	1	nm0061849	actress	\N	["Lorie Brooks"]
tt12958144	1	nm0061849	actress	\N	["Lorie Brooks"]
tt12958146	1	nm11839364	actress	\N	["Sofia"]
tt12958146	2	nm4395316	actress	\N	["Myrna"]
tt12958146	3	nm11839365	actress	\N	["Nyi Kenik"]
tt12958146	4	nm2447892	actor	\N	["Yudo"]
tt12958146	5	nm1335623	director	\N	\N
tt12958146	6	nm5144133	writer	\N	\N
tt12958146	7	nm3670537	producer	producer	\N
tt12958146	8	nm8224046	cinematographer	\N	\N
tt12958146	9	nm6263731	editor	\N	\N
tt12958148	1	nm11843885	self	\N	["Self"]
tt12958148	2	nm10391162	director	\N	\N
tt12958148	3	nm10391161	director	\N	\N
tt12958148	4	nm10391160	director	\N	\N
tt12958148	5	nm10391184	composer	\N	\N
tt12958148	6	nm6358715	editor	\N	\N
tt12958156	1	nm0061849	actress	\N	["Lorie Brooks"]
tt12958158	1	nm0061849	actress	\N	["Lorie Brooks"]
tt12958162	1	nm0049154	self	\N	["Self - Host"]
tt12958162	2	nm3167866	self	\N	["Self - Host"]
tt12958162	3	nm5936325	self	\N	["Self"]
tt12958162	4	nm11652168	self	\N	["Self"]
tt12958164	10	nm3224636	cinematographer	director of photography	\N
tt12958164	1	nm12571875	actress	\N	["Restaurant Patron"]
tt12958164	2	nm11082208	actress	\N	["Piper"]
tt12958164	3	nm12571874	actress	\N	["Restaurant Patron"]
tt12958164	4	nm12571876	actress	\N	["Restaurant Patron"]
tt12958164	5	nm0150304	director	co-director	\N
tt12958164	6	nm0497082	director	co-director	\N
tt12958164	7	nm2963153	writer	writer	\N
tt12958164	8	nm11839367	producer	producer	\N
tt12958164	9	nm12294751	composer	composer	\N
tt12958168	1	nm0061849	actress	\N	["Lorie Brooks"]
tt12958170	1	nm0061849	actress	\N	["Lorie Brooks"]
tt12958172	1	nm2429688	writer	creator	\N
tt12958180	1	nm0061849	actress	\N	["Lorie Brooks"]
tt12958182	10	nm11839372	actor	\N	["Safety Scissors"]
tt12958182	1	nm11796026	actor	\N	["Chap Stick"]
tt12958182	2	nm11839377	actor	\N	["Electric Wire"]
tt12958182	3	nm11839374	actor	\N	["Blanket"]
tt12958182	4	nm11839370	actor	\N	["Lightswitch"]
tt12958182	5	nm11723048	director	\N	\N
tt12958182	6	nm1930572	composer	\N	\N
tt12958182	7	nm11839378	actor	\N	["Zombie Coiny"]
tt12958182	8	nm11839371	actor	\N	["Yoylecake"]
tt12958182	9	nm11839373	actor	\N	["Xbox Logo"]
tt12958184	1	nm0061849	actress	\N	["Lorie Brooks"]
tt12958188	10	nm0758345	actress	\N	["Doña Amalia","Silvia"]
tt12958188	1	nm1131011	actor	\N	["Igor","Perejila","Dios"]
tt12958188	2	nm1130396	actor	\N	["Frank","Jitomata","Fermín"]
tt12958188	3	nm9769500	actress	\N	["Adriana, Recepcionista","Alexa, Paquita","Diabla"]
tt12958188	4	nm10116056	actor	\N	["Luis","Pareja","Amante"]
tt12958188	5	nm1938146	actor	\N	["Velador Cementerio","Policia cementerio","Brujo"]
tt12958188	6	nm2180936	actor	\N	["Policia Cementerio","Policia Cementerio, Cadenero","Policia Pollito, Alberto"]
tt12958188	7	nm4489702	actress	\N	["Adolecente","Asistente de Dirección 2","Filomena"]
tt12958188	8	nm0892822	actress	\N	["Doña Pelos, Abuela","Doña Petra","Tamalera, Nana"]
tt12958188	9	nm0260846	actor	\N	["Maloso 2","Policia 2, Ortopedista"]
tt12958190	1	nm0061849	actress	\N	["Lorie Brooks"]
tt12958192	1	nm11839382	actor	\N	["Roommate"]
tt12958192	2	nm5111943	director	\N	\N
tt12958194	1	nm0061849	actress	\N	["Lorie Brooks"]
tt12958200	1	nm0061849	actress	\N	["Lorie Brooks"]
tt12958208	1	nm0061849	actress	\N	["Lorie Brooks"]
tt12958216	10	nm0109979	actor	\N	\N
tt12958216	1	nm2202885	actor	\N	\N
tt12958216	2	nm3359128	actor	\N	\N
tt12958216	3	nm1470127	actor	\N	\N
tt12958216	4	nm2455519	actress	\N	\N
tt12958216	5	nm2638026	director	\N	\N
tt12958216	6	nm1074693	director	\N	\N
tt12958216	7	nm4767232	actress	\N	\N
tt12958216	8	nm1799322	actress	\N	\N
tt12958216	9	nm0105055	actress	\N	\N
tt12958218	1	nm0049154	self	\N	["Self - Host"]
tt12958218	2	nm3167866	self	\N	["Self - Host"]
tt12958218	3	nm0366231	self	\N	["Self"]
tt12958218	4	nm11282996	self	\N	["Self"]
tt12958218	5	nm5933505	self	\N	["Self"]
tt12958218	6	nm5933504	self	\N	["Self"]
tt12958220	1	nm0061849	actress	\N	["Lorie Brooks"]
tt12958222	1	nm1098018	actress	\N	\N
tt12958222	2	nm3959427	actress	\N	\N
tt12958222	3	nm6586295	director	\N	\N
tt12958222	4	nm6586292	producer	producer	\N
tt12958222	5	nm6586297	producer	producer	\N
tt12958222	6	nm8196824	composer	\N	\N
tt12958222	7	nm10722820	cinematographer	\N	\N
tt12958224	1	nm0061849	actress	\N	["Lorie Brooks"]
tt12958226	1	nm0061849	actress	\N	["Lorie Brooks"]
tt12958230	1	nm0061849	actress	\N	["Lorie Brooks"]
tt12958234	1	nm0061849	actress	\N	["Lorie Brooks"]
tt12958236	1	nm0061849	actress	\N	["Lorie Brooks"]
tt12958242	1	nm0061849	actress	\N	["Lorie Brooks"]
tt12958244	1	nm0061849	actress	\N	["Lorie Brooks"]
tt12958248	1	nm0061849	actress	\N	["Lorie Brooks"]
tt12958250	10	nm0174153	actor	\N	\N
tt12958250	1	nm0007414	actor	\N	["Captain Culver"]
tt12958250	2	nm0426942	actress	\N	["Sadie Culver"]
tt12958250	3	nm11839388	actress	\N	["Joan Culver"]
tt12958250	4	nm1454722	actor	\N	["Commodore Mayne, R.N"]
tt12958250	5	nm0059224	director	\N	\N
tt12958250	6	nm1480079	writer	\N	\N
tt12958250	7	nm0911718	actress	\N	["Millicent Mayne"]
tt12958250	8	nm7268040	actor	\N	["Sub-Lt. Godfrey Mayne"]
tt12958250	9	nm0086611	actress	\N	["Hong Kong Anna"]
tt12958256	1	nm8228842	actress	\N	["Lilith"]
tt12958256	2	nm8228841	actor	\N	["Der Mettigelprinz"]
tt12958256	3	nm8356605	actor	\N	["Leopold"]
tt12958256	4	nm11839389	actress	\N	["Mina"]
tt12958256	5	nm8188751	director	\N	\N
tt12958256	6	nm8298762	producer	producer	\N
tt12958256	7	nm6343668	producer	producer	\N
tt12958256	8	nm8356611	cinematographer	\N	\N
tt12958260	1	nm0061849	actress	\N	["Lorie Brooks"]
tt12958270	1	nm0921068	actor	\N	["Martin"]
tt12958270	2	nm1375787	actor	\N	["Father Cornelius"]
tt12958270	3	nm11839404	actor	\N	["Naninga"]
tt12958270	4	nm0570612	actor	\N	["The Stranger"]
tt12958270	5	nm0579781	director	\N	\N
tt12958270	6	nm11839405	actor	\N	["Sheriff"]
tt12958270	7	nm11839406	actor	\N	["Christopher"]
tt12958270	8	nm11839407	actor	\N	["Timothy"]
tt12958278	1	nm1369890	self	\N	["Self - Narrator"]
tt12958278	2	nm11865259	self	\N	["Self - Personal Trianer"]
tt12958278	3	nm11562407	self	\N	["Self - Dietitian"]
tt12958278	4	nm1120560	director	\N	\N
tt12958278	5	nm5405724	producer	producer	\N
tt12958278	6	nm9024248	editor	off-line editor	\N
tt12958278	7	nm5140223	editor	off-line editor	\N
tt12958280	1	nm0228336	actor	\N	\N
tt12958280	2	nm0790291	actor	\N	\N
tt12958280	3	nm0834626	actress	\N	\N
tt12958280	4	nm1680009	director	\N	\N
tt12958284	1	nm0049154	self	\N	["Self - Host"]
tt12958284	2	nm3167866	self	\N	["Self - Host"]
tt12958284	3	nm11735280	self	\N	["Self - Announcer"]
tt12958284	4	nm11646596	self	\N	["Self"]
tt12958284	5	nm2086124	self	\N	["Self"]
tt12958288	1	nm0061849	actress	\N	["Lorie Brooks"]
tt12958298	1	nm0061849	actress	\N	["Lorie Brooks"]
tt12958300	1	nm0271965	actor	\N	["Dalcor Kritana"]
tt12958300	2	nm13188367	director	\N	\N
tt12958300	3	nm5540519	writer	\N	\N
tt12958300	4	nm11851966	producer	producer	\N
tt12958300	5	nm12473767	producer	producer	\N
tt12958300	6	nm11839583	producer	producer	\N
tt12958300	7	nm11839415	composer	\N	\N
tt12958302	1	nm0061849	actress	\N	["Lorie Brooks"]
tt12958304	1	nm8550270	actress	\N	["Lye"]
tt12958304	2	nm11839418	actress	\N	["Laura"]
tt12958304	3	nm11839417	actress	\N	["Lori"]
tt12958304	4	nm9728329	director	\N	\N
tt12958304	5	nm9728323	editor	\N	\N
tt12958306	1	nm0061849	actress	\N	["Lorie Brooks"]
tt12958310	1	nm0147197	self	\N	["Self - Host"]
tt12958312	1	nm0061849	actress	\N	["Lorie Brooks"]
tt12958316	1	nm0147197	self	\N	["Self - Host"]
tt12958318	1	nm0147197	self	\N	["Self - Host"]
tt12958320	1	nm0147197	self	\N	["Self - Host"]
tt12958324	1	nm0061849	actress	\N	["Lorie Brooks"]
tt12958326	1	nm0147197	self	\N	["Self - Host"]
tt12958328	1	nm0061849	actress	\N	["Lorie Brooks"]
tt12958332	1	nm0061849	actress	\N	["Lorie Brooks"]
tt12958334	1	nm0049154	self	\N	["Self - Host"]
tt12958334	2	nm3167866	self	\N	["Self - Host"]
tt12958334	3	nm11573745	self	\N	["Self - Announcer"]
tt12958334	4	nm2086124	self	\N	["Self"]
tt12958336	1	nm0061849	actress	\N	["Lorie Brooks"]
tt12958338	1	nm0061849	actress	\N	["Lorie Brooks"]
tt12958340	1	nm0061849	actress	\N	["Lorie Brooks"]
tt12958342	1	nm0061849	actress	\N	["Lorie Brooks"]
tt12958346	1	nm0061849	actress	\N	["Lorie Brooks"]
tt12958350	1	nm0061849	actress	\N	["Lorie Brooks"]
tt12958352	1	nm5662946	actor	\N	["Tomás"]
tt12958352	2	nm12416572	actor	\N	["Rayan"]
tt12958352	3	nm3473975	actress	\N	["Sofia"]
tt12958352	4	nm0605706	actor	\N	["João"]
tt12958352	5	nm5077227	director	\N	\N
tt12958352	6	nm8712674	producer	producer	\N
tt12958352	7	nm10156272	cinematographer	\N	\N
tt12958352	8	nm9438213	editor	\N	\N
tt12958356	1	nm0203301	actor	\N	["Paul Williams"]
tt12958356	2	nm0068589	writer	\N	\N
tt12958358	1	nm0061849	actress	\N	["Lorie Brooks"]
tt12958364	1	nm11839426	actor	\N	["Blind Cat"]
tt12958364	2	nm10528281	actress	\N	["Martha"]
tt12958364	3	nm11839425	actor	\N	["Robert"]
tt12958364	4	nm6834275	director	\N	\N
tt12958364	5	nm9580989	cinematographer	\N	\N
tt12958366	1	nm0061849	actress	\N	["Lorie Brooks"]
tt12958370	10	nm11839433	actress	\N	["Anna Gomez"]
tt12958370	1	nm11839428	actress	\N	["Magda Sorel"]
tt12958370	2	nm11839429	actress	\N	["Secretary of the Consulate"]
tt12958370	3	nm0182342	actress	\N	["Mother"]
tt12958370	4	nm11839430	actor	\N	["John Sorel"]
tt12958370	5	nm11839427	director	\N	\N
tt12958370	6	nm0579781	writer	libretto	\N
tt12958370	7	nm0486915	actor	\N	["Nika Magadoff"]
tt12958370	8	nm11839431	actor	\N	["Mr. Kofner"]
tt12958370	9	nm11839432	actress	\N	["Foreign Woman"]
tt12958374	1	nm0061849	actress	\N	["Lorie Brooks"]
tt12958378	1	nm0061849	actress	\N	["Lorie Brooks"]
tt12958382	1	nm0061849	actress	\N	["Lorie Brooks"]
tt12958384	1	nm0061849	actress	\N	["Lorie Brooks"]
tt12958388	1	nm2004474	self	\N	["Self - Co-Host"]
tt12958388	2	nm2651530	self	\N	["Self - Co-Host"]
tt12958388	3	nm0931002	self	\N	["Self - Co-Host"]
tt12958388	4	nm2549258	self	\N	["Self - Co-Host"]
tt12958392	1	nm0061849	actress	\N	["Lorie Brooks"]
tt12958394	1	nm2004474	self	\N	["Self - Co-Host"]
tt12958394	2	nm2651530	self	\N	["Self - Co-Host"]
tt12958394	3	nm0931002	self	\N	["Self - Co-Host"]
tt12958394	4	nm2549258	self	\N	["Self - Co-Host"]
tt12958396	1	nm2004474	self	\N	["Self - Co-Host"]
tt12958396	2	nm2651530	self	\N	["Self - Co-Host"]
tt12958396	3	nm0931002	self	\N	["Self - Co-Host"]
tt12958396	4	nm2549258	self	\N	["Self - Co-Host"]
tt12958398	1	nm2004474	self	\N	["Self - Co-Host"]
tt12958398	2	nm2651530	self	\N	["Self - Co-Host"]
tt12958398	3	nm0931002	self	\N	["Self - Co-Host"]
tt12958398	4	nm2549258	self	\N	["Self - Co-Host"]
tt12958400	1	nm0061849	actress	\N	["Lorie Brooks"]
tt12958402	1	nm2004474	self	\N	["Self - Co-Host"]
tt12958402	2	nm2651530	self	\N	["Self - Co-Host"]
tt12958402	3	nm0931002	self	\N	["Self - Co-Host"]
tt12958402	4	nm2549258	self	\N	["Self - Co-Host"]
tt12958402	5	nm4998117	self	\N	["Self - Guest Co-Host"]
tt12958402	6	nm1972944	self	\N	["Self - Guest Co-Host"]
tt12958406	1	nm0049154	self	\N	["Self - Host"]
tt12958406	2	nm3167866	self	\N	["Self - Host"]
tt12958406	3	nm11573745	self	\N	["Self - Announcer"]
tt12958406	4	nm11809053	self	\N	["Self"]
tt12958410	1	nm0061849	actress	\N	["Lorie Brooks"]
tt12958414	1	nm5472313	self	\N	["Self - Narrator"]
tt12958414	2	nm1822570	archive_footage	\N	["Self"]
tt12958414	3	nm1350018	archive_footage	\N	["Themselves"]
tt12958414	4	nm0005376	archive_footage	\N	["Self"]
tt12958416	1	nm0061849	actress	\N	["Lorie Brooks"]
tt12958420	1	nm0061849	actress	\N	["Lorie Brooks"]
tt12958428	1	nm0061849	actress	\N	["Lorie Brooks"]
tt12958432	10	nm0068702	production_designer	\N	\N
tt12958432	1	nm6406001	actress	\N	["Maddy"]
tt12958432	2	nm2597601	actress	\N	["Lina"]
tt12958432	3	nm3037999	actor	\N	["Richard"]
tt12958432	4	nm6918796	actress	\N	["Helena"]
tt12958432	5	nm1815188	director	\N	\N
tt12958432	6	nm10634242	writer	\N	\N
tt12958432	7	nm10634241	writer	\N	\N
tt12958432	8	nm8068324	producer	producer	\N
tt12958432	9	nm5531061	cinematographer	\N	\N
tt12958436	10	nm3417643	actor	\N	["Akito Onodera"]
tt12958436	1	nm0015440	actress	\N	["Anna Makabe"]
tt12958436	2	nm5098227	actor	\N	["Ryuta Tabuchi"]
tt12958436	3	nm1504747	actor	\N	["Yuichiro Odaka"]
tt12958436	4	nm2085634	actor	\N	["Atsuo Yamagiwa"]
tt12958436	5	nm1593882	composer	\N	\N
tt12958436	6	nm8545565	actor	\N	["Akira Fukunishi"]
tt12958436	7	nm1728486	actress	\N	["Miho Odaka"]
tt12958436	8	nm2118611	actor	\N	["Hidenori Higashiyama"]
tt12958436	9	nm1368557	actress	\N	["Akina Sasano"]
tt12958440	1	nm0061849	actress	\N	["Lorie Brooks"]
tt12958444	10	nm0462006	actor	\N	["Toru Notoa"]
tt12958444	1	nm0015440	actress	\N	["Anna Makabe"]
tt12958444	2	nm5098227	actor	\N	["Ryuta Tabuchi"]
tt12958444	3	nm1504747	actor	\N	["Yuichiro Odaka"]
tt12958444	4	nm8545565	actor	\N	["Akira Fukunishi"]
tt12958444	5	nm1593882	composer	\N	\N
tt12958444	6	nm1728486	actress	\N	["Miho Odaka"]
tt12958444	7	nm2118611	actor	\N	["Hidenori Higashiyama"]
tt12958444	8	nm3417643	actor	\N	["Akito Onodera"]
tt12958444	9	nm4437961	actor	\N	["Eiji Uchiyama"]
tt12958446	10	nm0462006	actor	\N	["Toru Notoa"]
tt12958446	1	nm0015440	actress	\N	["Anna Makabe"]
tt12958446	2	nm5098227	actor	\N	["Ryuta Tabuchi"]
tt12958446	3	nm1504747	actor	\N	["Yuichiro Odaka"]
tt12958446	4	nm8545565	actor	\N	["Akira Fukunishi"]
tt12958446	5	nm1593882	composer	\N	\N
tt12958446	6	nm1728486	actress	\N	["Miho Odaka"]
tt12958446	7	nm2118611	actor	\N	["Hidenori Higashiyama"]
tt12958446	8	nm3417643	actor	\N	["Akito Onodera"]
tt12958446	9	nm4437961	actor	\N	["Eiji Uchiyama"]
tt12958448	1	nm0061849	actress	\N	["Lorie Brooks"]
tt12958458	1	nm0061849	actress	\N	["Lorie Brooks"]
tt12958464	1	nm0061849	actress	\N	["Lorie Brooks"]
tt12958466	10	nm0441550	actor	\N	["Hidenori Okita"]
tt12958466	1	nm0015440	actress	\N	["Anna Makabe"]
tt12958466	2	nm5098227	actor	\N	["Ryuta Tabuchi"]
tt12958466	3	nm1504747	actor	\N	["Yuichiro Odaka"]
tt12958466	4	nm8545565	actor	\N	["Akira Fukunishi"]
tt12958466	5	nm1593882	composer	\N	\N
tt12958466	6	nm1728486	actress	\N	["Miho Odaka"]
tt12958466	7	nm2118611	actor	\N	["Hidenori Higashiyama"]
tt12958466	8	nm3417643	actor	\N	["Akito Onodera"]
tt12958466	9	nm4437961	actor	\N	["Eiji Uchiyama"]
tt12958468	1	nm1832175	self	\N	["Self - Anchor"]
tt12958470	1	nm0061849	actress	\N	["Lorie Brooks"]
tt12958472	1	nm1832175	self	\N	["Self - Anchor"]
tt12958476	10	nm4437961	actor	\N	["Eiji Uchiyama"]
tt12958476	1	nm0015440	actress	\N	["Anna Makabe"]
tt12958476	2	nm5098227	actor	\N	["Ryuta Tabuchi"]
tt12958476	3	nm1504747	actor	\N	["Yuichiro Odaka"]
tt12958476	4	nm8545565	actor	\N	["Akira Fukunishi"]
tt12958476	5	nm1593882	composer	\N	\N
tt12958476	6	nm1728486	actress	\N	["Miho Odaka"]
tt12958476	7	nm0386294	actor	\N	["Takamura"]
tt12958476	8	nm2118611	actor	\N	["Hidenori Higashiyama"]
tt12958476	9	nm3417643	actor	\N	["Akito Onodera"]
tt12958478	1	nm1832175	self	\N	["Self - Anchor"]
tt12958480	10	nm0462006	actor	\N	["Toru Notoa"]
tt12958480	1	nm0015440	actress	\N	["Anna Makabe"]
tt12958480	2	nm5098227	actor	\N	["Ryuta Tabuchi"]
tt12958480	3	nm1504747	actor	\N	["Yuichiro Odaka"]
tt12958480	4	nm8545565	actor	\N	["Akira Fukunishi"]
tt12958480	5	nm1593882	composer	\N	\N
tt12958480	6	nm1728486	actress	\N	["Miho Odaka"]
tt12958480	7	nm2118611	actor	\N	["Hidenori Higashiyama"]
tt12958480	8	nm3417643	actor	\N	["Akito Onodera"]
tt12958480	9	nm4437961	actor	\N	["Eiji Uchiyama"]
tt12958482	1	nm0061849	actress	\N	["Lorie Brooks"]
tt12958484	10	nm4437961	actor	\N	["Eiji Uchiyama"]
tt12958484	1	nm0015440	actress	\N	["Anna Makabe"]
tt12958484	2	nm5098227	actor	\N	["Ryuta Tabuchi"]
tt12958484	3	nm1504747	actor	\N	["Yuichiro Odaka"]
tt12958484	4	nm0256918	actress	\N	["Yoriko Aida"]
tt12958484	5	nm1593882	composer	\N	\N
tt12958484	6	nm8545565	actor	\N	["Akira Fukunishi"]
tt12958484	7	nm1728486	actress	\N	["Miho Odaka"]
tt12958484	8	nm2118611	actor	\N	["Hidenori Higashiyama"]
tt12958484	9	nm3417643	actor	\N	["Akito Onodera"]
tt12958486	1	nm1832175	self	\N	["Self - Anchor"]
tt12958488	1	nm0061849	actress	\N	["Lorie Brooks"]
tt12958490	10	nm4437961	actor	\N	["Eiji Uchiyama"]
tt12958490	1	nm0015440	actress	\N	["Anna Makabe"]
tt12958490	2	nm5098227	actor	\N	["Ryuta Tabuchi"]
tt12958490	3	nm1504747	actor	\N	["Yuichiro Odaka"]
tt12958490	4	nm8545565	actor	\N	["Akira Fukunishi"]
tt12958490	5	nm1593882	composer	\N	\N
tt12958490	6	nm1728486	actress	\N	["Miho Odaka"]
tt12958490	7	nm0386294	actor	\N	["Takamura"]
tt12958490	8	nm2118611	actor	\N	["Hidenori Higashiyama"]
tt12958490	9	nm3417643	actor	\N	["Akito Onodera"]
tt12958492	10	nm4437961	actor	\N	["Eiji Uchiyama"]
tt12958492	1	nm0015440	actress	\N	["Anna Makabe"]
tt12958492	2	nm5098227	actor	\N	["Ryuta Tabuchi"]
tt12958492	3	nm1504747	actor	\N	["Yuichiro Odaka"]
tt12958492	4	nm8545565	actor	\N	["Akira Fukunishi"]
tt12958492	5	nm1593882	composer	\N	\N
tt12958492	6	nm1728486	actress	\N	["Miho Odaka"]
tt12958492	7	nm4391133	actor	\N	["Satoshi Tokura"]
tt12958492	8	nm2118611	actor	\N	["Hidenori Higashiyama"]
tt12958492	9	nm3417643	actor	\N	["Akito Onodera"]
tt12958494	1	nm1832175	self	\N	["Self - Anchor"]
tt12958498	1	nm0061849	actress	\N	["Lorie Brooks"]
tt12958500	1	nm4461251	actress	\N	["Ana"]
tt12958500	2	nm6201537	actor	\N	\N
tt12958500	3	nm3691287	director	\N	\N
tt12958502	1	nm0061849	actress	\N	["Lorie Brooks"]
tt12958506	1	nm0061849	actress	\N	["Lorie Brooks"]
tt12958514	1	nm0061849	actress	\N	["Lorie Brooks"]
tt12958516	1	nm7868092	actress	\N	["Heather"]
tt12958516	2	nm8199556	actor	\N	["Jared"]
tt12958516	3	nm9621872	actor	\N	["Poe"]
tt12958516	4	nm2523816	actress	\N	["Mary"]
tt12958516	5	nm4777327	director	\N	\N
tt12958516	6	nm7134663	composer	\N	\N
tt12958516	7	nm4956629	cinematographer	\N	\N
tt12958516	8	nm2750152	editor	\N	\N
tt12958518	1	nm11839286	director	\N	\N
tt12958520	1	nm5696574	director	\N	\N
tt12958520	2	nm7139761	director	\N	\N
tt12958520	3	nm12460267	producer	producer	\N
tt12958520	4	nm2630567	producer	producer	\N
tt12958520	5	nm3890573	producer	producer	\N
tt12958524	1	nm0061849	actress	\N	["Lorie Brooks"]
tt12958528	1	nm0061849	actress	\N	["Lorie Brooks"]
tt12958532	1	nm0061849	actress	\N	["Lorie Brooks"]
tt12958542	1	nm0061849	actress	\N	["Lorie Brooks"]
tt12958544	1	nm0061849	actress	\N	["Lorie Brooks"]
tt12958546	1	nm0061849	actress	\N	["Lorie Brooks"]
tt12958548	1	nm0061849	actress	\N	["Lorie Brooks"]
tt12958550	10	nm3213891	editor	\N	\N
tt12958550	1	nm0205749	self	\N	["Self - Narrator"]
tt12958550	2	nm8054639	self	\N	["Self"]
tt12958550	3	nm8054640	self	\N	["Self"]
tt12958550	4	nm8081117	director	\N	\N
tt12958550	5	nm6739895	director	\N	\N
tt12958550	6	nm1629731	director	senior director	\N
tt12958550	7	nm7603317	director	senior director	\N
tt12958550	8	nm3079662	editor	\N	\N
tt12958550	9	nm1852376	editor	\N	\N
tt12958552	1	nm0061849	actress	\N	["Lorie Brooks"]
tt12958558	1	nm0061849	actress	\N	["Lorie Brooks"]
tt12958560	1	nm1972944	self	\N	["Self - Host"]
tt12958562	10	nm11839465	actress	\N	\N
tt12958562	1	nm1500776	actor	\N	\N
tt12958562	2	nm2801943	actor	\N	\N
tt12958562	3	nm6510127	actor	\N	\N
tt12958562	4	nm11839462	actor	\N	\N
tt12958562	5	nm11839461	director	\N	\N
tt12958562	6	nm2289742	cinematographer	\N	\N
tt12958562	7	nm5337765	editor	\N	\N
tt12958562	8	nm11839463	actor	\N	\N
tt12958562	9	nm11839464	actor	\N	\N
tt12958564	1	nm0556036	actor	\N	["Kaoru Mitazono"]
tt12958564	2	nm2872299	actress	\N	["Koshi Mitsuwa"]
tt12958564	3	nm2582718	actress	\N	["Saori Mitsuwa"]
tt12958564	4	nm4001020	actor	\N	["Hikaru Murata"]
tt12958564	5	nm5157587	actress	\N	["Moe Onda"]
tt12958564	6	nm2955232	actor	\N	["Shoichi Kamiyama"]
tt12958564	7	nm9405916	actress	\N	["Yoshino"]
tt12958564	8	nm0948263	actress	\N	["Yoriko Musubi"]
tt12958566	1	nm1972944	self	\N	["Self - Host"]
tt12958566	2	nm10899144	self	\N	["Self - Kentucky Attorney General"]
tt12958568	1	nm0061849	actress	\N	["Lorie Brooks"]
tt12958570	10	nm1403688	actor	\N	["Masahide Okamoto"]
tt12958570	1	nm0556036	actor	\N	["Kaoru Mitazono"]
tt12958570	2	nm4001020	actor	\N	["Hikaru Murata"]
tt12958570	3	nm3455357	actor	\N	["Shota Kondo"]
tt12958570	4	nm5157587	actress	\N	["Moe Onda"]
tt12958570	5	nm8246664	actress	\N	["Eri Naibu"]
tt12958570	6	nm0466908	actor	\N	["Tadashi Naibu"]
tt12958570	7	nm1030693	actor	\N	["Kohei Yana"]
tt12958570	8	nm1967327	actor	\N	["Kosuke Ochiai"]
tt12958570	9	nm1965476	actor	\N	["Keisuke Mukai"]
tt12958572	10	nm5132831	actor	\N	["Kohei Genkaku"]
tt12958572	1	nm0556036	actor	\N	["Kaoru Mitazono"]
tt12958572	2	nm5001276	actor	\N	["Itsuro Fuse"]
tt12958572	3	nm4001020	actor	\N	["Hikaru Murata"]
tt12958572	4	nm5157587	actress	\N	["Moe Onda"]
tt12958572	5	nm3874988	actress	\N	["Masako Genkaku"]
tt12958572	6	nm0620033	actress	\N	["Yumiko Genkaku"]
tt12958572	7	nm2962389	actor	\N	["Haruki Taniguchi"]
tt12958572	8	nm3506050	actor	\N	["Morio Yamada"]
tt12958572	9	nm3539763	actor	\N	["Shinichi Nogawa"]
tt12958574	1	nm0061849	actress	\N	["Lorie Brooks"]
tt12958576	1	nm1972944	self	\N	["Self - Host"]
tt12958576	2	nm11770091	self	\N	["Self - Media Reporter, The Daily Caller"]
tt12958578	10	nm0948263	actress	\N	["Yoriko Musubi"]
tt12958578	1	nm0556036	actor	\N	["Kaoru Mitazono"]
tt12958578	2	nm0010402	actress	\N	["Mako Kakei","Manami Umekouji"]
tt12958578	3	nm1209886	actor	\N	["Yuichi Umekouji"]
tt12958578	4	nm4001020	actor	\N	["Hikaru Murata"]
tt12958578	5	nm5157587	actress	\N	["Moe Onda"]
tt12958578	6	nm11861211	actor	\N	["Hazuki Umekoji"]
tt12958578	7	nm8644553	actress	\N	["Yayoi Umekoji"]
tt12958578	8	nm1423026	actress	\N	["Akie"]
tt12958578	9	nm1596562	actor	\N	["Makimura"]
tt12958580	1	nm1972944	self	\N	["Self - Host"]
tt12958582	10	nm4389306	actress	\N	["Sae Maruyama"]
tt12958582	1	nm0556036	actor	\N	["Kaoru Mitazono"]
tt12958582	2	nm9050252	actress	\N	["Mayumi Yoshimura"]
tt12958582	3	nm5649085	actor	\N	["Mineda"]
tt12958582	4	nm8545565	actor	\N	["Sei Maruyama"]
tt12958582	5	nm0299329	actress	\N	["Masako Maruyama"]
tt12958582	6	nm5407381	actor	\N	["Kazuya Kishida"]
tt12958582	7	nm4001020	actor	\N	["Hikaru Murata"]
tt12958582	8	nm5157587	actress	\N	["Moe Onda"]
tt12958582	9	nm2156656	actor	\N	["Takeshi Maruyama"]
tt12958584	1	nm1972944	self	\N	["Self - Host"]
tt12958586	1	nm0061849	actress	\N	["Lorie Brooks"]
tt12958588	10	nm0948263	actress	\N	["Yoriko Musubi"]
tt12958588	1	nm0556036	actor	\N	["Kaoru Mitazono"]
tt12958588	2	nm7700437	actress	\N	["Aiko Mogami"]
tt12958588	3	nm4001020	actor	\N	["Hikaru Murata"]
tt12958588	4	nm5157587	actress	\N	["Moe Onda"]
tt12958588	5	nm6442634	actress	\N	["Mika Umezu"]
tt12958588	6	nm0475917	actress	\N	["Shizuko Kurobe"]
tt12958588	7	nm11861212	actor	\N	["Makio Kurobe"]
tt12958588	8	nm1991663	actor	\N	["Eiyu Kurobe"]
tt12958588	9	nm4563063	actor	\N	["Riichi Katagiri"]
tt12958590	10	nm7827997	actor	\N	["Kabin Iida"]
tt12958590	1	nm0556036	actor	\N	["Kaoru Mitazono"]
tt12958590	2	nm3110389	actress	\N	["Naomi Tabata"]
tt12958590	3	nm3340165	actor	\N	["Tony"]
tt12958590	4	nm2169661	actor	\N	["Ben"]
tt12958590	5	nm4001020	actor	\N	["Hikaru Murata"]
tt12958590	6	nm5157587	actress	\N	["Moe Onda"]
tt12958590	7	nm3539262	actor	\N	["Shingo Togo"]
tt12958590	8	nm0880319	actor	\N	["Kevin Kosuda"]
tt12958590	9	nm0948263	actress	\N	["Yoriko Musubi"]
tt12958592	1	nm0061849	actress	\N	["Lorie Brooks"]
tt12958594	10	nm2200865	actor	\N	["Imai"]
tt12958594	1	nm0556036	actor	\N	["Kaoru Mitazono"]
tt12958594	2	nm11355103	actor	\N	["Kenki Shinozaki"]
tt12958594	3	nm2865380	actress	\N	["Maria Abe"]
tt12958594	4	nm7685655	actor	\N	["Koichi Iwase"]
tt12958594	5	nm5619822	actress	\N	["Mai Kirishima"]
tt12958594	6	nm4001020	actor	\N	["Hikaru Murata"]
tt12958594	7	nm2200825	actor	\N	["Sosuke Sasai"]
tt12958594	8	nm6609553	actress	\N	["Etsuko Toyokawa"]
tt12958594	9	nm0648409	actor	\N	["Kazuo Iwase"]
tt12958596	1	nm0061849	actress	\N	["Lorie Brooks"]
tt12958600	1	nm0556036	actor	\N	["Kaoru Mitazono"]
tt12958600	2	nm2865380	actress	\N	["Maria Abe"]
tt12958600	3	nm5619822	actress	\N	["Mai Kirishima"]
tt12958600	4	nm4001020	actor	\N	["Hikaru Murata"]
tt12958600	5	nm5689660	actress	\N	["Shima Shikine"]
tt12958600	6	nm0948263	actress	\N	["Yoriko Musubi"]
tt12958602	1	nm6228292	actor	\N	["Santiago"]
tt12958602	2	nm10185903	actress	\N	["Jill Florentiá"]
tt12958602	3	nm10091596	actor	\N	["Luís Zacarius"]
tt12958602	4	nm0327783	actor	\N	["Mr. Cloud"]
tt12958602	5	nm6216421	director	\N	\N
tt12958602	6	nm6610309	writer	additional writing	\N
tt12958604	1	nm7139761	director	\N	\N
tt12958604	2	nm3890573	producer	producer	\N
tt12958606	1	nm0061849	actress	\N	["Lorie Brooks"]
tt12958612	1	nm0061849	actress	\N	["Lorie Brooks"]
tt12958614	10	nm11839481	actor	\N	["Indian Scientist","American Tailor","Poet"]
tt12958614	1	nm11839476	actor	\N	["Maharaja"]
tt12958614	2	nm6342345	actor	\N	["Mr. Scattergood"]
tt12958614	3	nm11839477	actor	\N	["Maharanee"]
tt12958614	4	nm11839478	actor	\N	["Prince Kodanda"]
tt12958614	5	nm1276925	director	\N	\N
tt12958614	6	nm0579781	writer	libretto	\N
tt12958614	7	nm11839479	actor	\N	["Kitty"]
tt12958614	8	nm11839480	actor	\N	["Sardula"]
tt12958614	9	nm1491450	actor	\N	["Abdul"]
tt12958616	10	nm0948263	actress	\N	["Yoriko Musubi"]
tt12958616	1	nm0556036	actor	\N	["Kaoru Mitazono"]
tt12958616	2	nm2865380	actress	\N	["Maria Abe"]
tt12958616	3	nm3103768	actor	\N	["Sakuji Hanada"]
tt12958616	4	nm5619822	actress	\N	["Mai Kirishima"]
tt12958616	5	nm4001020	actor	\N	["Hikaru Murata"]
tt12958616	6	nm4941909	actor	\N	["Yohei Kunikida"]
tt12958616	7	nm1683825	actress	\N	["Yuriko Hanada"]
tt12958616	8	nm5689660	actress	\N	["Shima Shikine"]
tt12958616	9	nm4364278	actress	\N	["Sakura Hanada"]
tt12958618	1	nm0061849	actress	\N	["Lorie Brooks"]
tt12958620	1	nm0556036	actor	\N	["Kaoru Mitazono"]
tt12958620	2	nm2865380	actress	\N	["Maria Abe"]
tt12958620	3	nm5619822	actress	\N	["Mai Kirishima"]
tt12958620	4	nm4001020	actor	\N	["Hikaru Murata"]
tt12958620	5	nm5689660	actress	\N	["Shima Shikine"]
tt12958620	6	nm0948263	actress	\N	["Yoriko Musubi"]
tt12958622	1	nm11801992	actor	\N	["Sami jrb"]
tt12958622	2	nm10733575	actor	\N	\N
tt12958624	1	nm0061849	actress	\N	["Lorie Brooks"]
tt12958628	10	nm0948263	actress	\N	["Yoriko Musubi"]
tt12958628	1	nm0556036	actor	\N	["Kaoru Mitazono"]
tt12958628	2	nm0354560	actor	\N	["Yuta Akimoto"]
tt12958628	3	nm2865380	actress	\N	["Maria Abe"]
tt12958628	4	nm5619822	actress	\N	["Mai Kirishima"]
tt12958628	5	nm4001020	actor	\N	["Hikaru Murata"]
tt12958628	6	nm11003702	actress	\N	["Kaho Izumi"]
tt12958628	7	nm7147497	actress	\N	["Kanae Akimoto"]
tt12958628	8	nm5689660	actress	\N	["Shima Shikine"]
tt12958628	9	nm8978858	actor	\N	["Kosei Akimoto"]
tt12958630	1	nm0061849	actress	\N	["Lorie Brooks"]
tt12958632	10	nm0838560	actor	\N	\N
tt12958632	1	nm0556036	actor	\N	["Kaoru Mitazono"]
tt12958632	2	nm2865380	actress	\N	["Maria Abe"]
tt12958632	3	nm0395972	actress	\N	["Shoko Yagi"]
tt12958632	4	nm5619822	actress	\N	["Mai Kirishima"]
tt12958632	5	nm4001020	actor	\N	["Hikaru Murata"]
tt12958632	6	nm3628358	actor	\N	["Fumio Onodera"]
tt12958632	7	nm1720292	actress	\N	["Reiko Onodera"]
tt12958632	8	nm2611934	actress	\N	["Chako"]
tt12958632	9	nm5689660	actress	\N	["Shima Shikine"]
tt12958636	1	nm0556036	actor	\N	["Kaoru Mitazono"]
tt12958636	2	nm2865380	actress	\N	["Maria Abe"]
tt12958636	3	nm5619822	actress	\N	["Mai Kirishima"]
tt12958636	4	nm4001020	actor	\N	["Hikaru Murata"]
tt12958636	5	nm5689660	actress	\N	["Shima Shikine"]
tt12958636	6	nm0948263	actress	\N	["Yoriko Musubi"]
tt12958640	1	nm0061849	actress	\N	["Lorie Brooks"]
tt12958642	1	nm6685119	actress	\N	["The Lady"]
tt12958642	2	nm6231730	writer	screenplay	\N
tt12958644	1	nm4700432	self	\N	["Themselves - Musical Guest"]
tt12958644	2	nm1535743	director	\N	\N
tt12958644	3	nm1052695	director	\N	\N
tt12958644	4	nm4984575	producer	producer	\N
tt12958644	5	nm1402253	cinematographer	\N	\N
tt12958646	10	nm1074399	actor	\N	["Ryoichi Kasuga"]
tt12958646	1	nm0556036	actor	\N	["Kaoru Mitazono"]
tt12958646	2	nm11863111	actress	\N	["Hitomi Yazawa"]
tt12958646	3	nm2865380	actress	\N	["Maria Abe"]
tt12958646	4	nm5619822	actress	\N	["Mai Kirishima"]
tt12958646	5	nm4001020	actor	\N	["Hikaru Murata"]
tt12958646	6	nm3607741	actress	\N	["Mafuyu Kasuga"]
tt12958646	7	nm8193011	actor	\N	["James Kamiyama"]
tt12958646	8	nm5689660	actress	\N	["Shima Shikine"]
tt12958646	9	nm0837519	actress	\N	["Nijiko Kasuga"]
tt12958652	1	nm0061849	actress	\N	["Lorie Brooks"]
tt12958654	1	nm0061849	actress	\N	["Lorie Brooks"]
tt12958658	1	nm0061849	actress	\N	["Lorie Brooks"]
tt12958662	1	nm5456930	self	\N	["Self - Host"]
tt12958662	2	nm10052044	self	\N	["Self - Linguist","Professor of Nordic Language Studies"]
tt12958662	3	nm2434013	self	\N	["Self - Guest"]
tt12958662	4	nm8308910	self	\N	["Self - Musician"]
tt12958662	5	nm11839494	self	\N	["Self - Supporter leader in Brann"]
tt12958668	1	nm0061849	actress	\N	["Lorie Brooks"]
tt12958670	1	nm0061849	actress	\N	["Lorie Brooks"]
tt12958678	1	nm0061849	actress	\N	["Lorie Brooks"]
tt12958680	1	nm0061849	actress	\N	["Lorie Brooks"]
tt12958682	1	nm11380084	actress	\N	["Girlfriend"]
tt12958682	2	nm5379096	actor	\N	["Boyfriend"]
tt12958682	3	nm6489617	director	\N	\N
tt12958682	4	nm5464283	producer	producer	\N
tt12958682	5	nm7691900	cinematographer	\N	\N
tt12958684	1	nm0061849	actress	\N	["Lorie Brooks"]
tt12958690	1	nm0061849	actress	\N	["Lorie Brooks"]
tt12958694	1	nm0061849	actress	\N	["Lorie Brooks"]
tt12958698	1	nm0035779	actress	\N	["The Woman"]
tt12958698	2	nm0690728	actor	\N	["The Man"]
tt12958698	3	nm0295432	director	\N	\N
tt12958698	4	nm11839495	writer	libretto	\N
tt12958698	5	nm0647534	producer	producer	\N
tt12958698	6	nm0263666	cinematographer	\N	\N
tt12958698	7	nm0016981	editor	\N	\N
tt12958698	8	nm0773366	editor	\N	\N
tt12958702	10	nm0141568	writer	\N	\N
tt12958702	1	nm0654110	actor	\N	["The Driver"]
tt12958702	2	nm0138620	director	\N	\N
tt12958702	3	nm0001239	director	\N	\N
tt12958702	4	nm0327944	director	\N	\N
tt12958702	5	nm0000487	director	\N	\N
tt12958702	6	nm0005363	director	\N	\N
tt12958702	7	nm0001716	director	\N	\N
tt12958702	8	nm0939182	director	\N	\N
tt12958702	9	nm0000247	director	\N	\N
tt12958704	1	nm0061849	actress	\N	["Lorie Brooks"]
tt12958708	1	nm0147236	self	\N	["Self - Narrator"]
tt12958708	2	nm4258251	director	\N	\N
tt12958708	3	nm1412601	editor	\N	\N
tt12958710	1	nm0061849	actress	\N	["Lorie Brooks"]
tt12958716	1	nm0147236	self	\N	["Self - Narrator"]
tt12958716	2	nm5564020	self	\N	["Self"]
tt12958716	3	nm4258251	director	\N	\N
tt12958716	4	nm1412601	editor	\N	\N
tt12958718	1	nm0061849	actress	\N	["Lorie Brooks"]
tt12958722	1	nm0147236	self	\N	["Self - Narrator"]
tt12958722	2	nm4258251	director	\N	\N
tt12958722	3	nm1412601	editor	\N	\N
tt12958724	1	nm0061849	actress	\N	["Lorie Brooks"]
tt12958726	1	nm0061849	actress	\N	["Lorie Brooks"]
tt12958730	1	nm0061849	actress	\N	["Lorie Brooks"]
tt12958732	10	nm10338191	editor	commissioning editor: ARTE	\N
tt12958732	1	nm7208767	self	\N	["Self - Host"]
tt12958732	2	nm5023814	self	\N	["Self - Host"]
tt12958732	3	nm0633005	director	\N	\N
tt12958732	4	nm7208765	writer	\N	\N
tt12958732	5	nm11358689	writer	\N	\N
tt12958732	6	nm11839498	writer	\N	\N
tt12958732	7	nm3617910	cinematographer	\N	\N
tt12958732	8	nm1660535	cinematographer	\N	\N
tt12958732	9	nm1965641	editor	\N	\N
tt12958746	1	nm0061849	actress	\N	["Lorie Brooks"]
tt12958752	1	nm11836196	actor	\N	["Ricky"]
tt12958752	2	nm11839507	actor	\N	["Snuff Leader"]
tt12958752	3	nm11839506	actor	\N	["Ricky's Brother"]
tt12958752	4	nm11839505	actor	\N	["Jennifer"]
tt12958752	5	nm11836342	director	\N	\N
tt12958752	6	nm11839504	actor	\N	["Carlos"]
tt12958754	1	nm0061849	actress	\N	["Lorie Brooks"]
tt12958756	1	nm11839508	actor	\N	["Jeremy"]
tt12958756	2	nm11839510	actor	\N	["The Doctor"]
tt12958756	3	nm11839509	actor	\N	["The Singing Child"]
tt12958756	4	nm0579781	director	\N	\N
tt12958760	1	nm0061849	actress	\N	["Lorie Brooks"]
tt12958764	1	nm0061849	actress	\N	["Lorie Brooks"]
tt12958766	1	nm0061849	actress	\N	["Lorie Brooks"]
tt12958770	1	nm0061849	actress	\N	["Lorie Brooks"]
tt12958772	1	nm11839515	actress	\N	["Lady"]
tt12958772	2	nm11839514	actress	\N	["Sasha"]
tt12958772	3	nm11839513	actor	\N	["Urso"]
tt12958772	4	nm11839517	actress	\N	["Criança"]
tt12958772	5	nm11203851	director	\N	\N
tt12958772	6	nm11839518	composer	\N	\N
tt12958772	7	nm11839519	cinematographer	\N	\N
tt12958772	8	nm11109550	production_designer	\N	\N
tt12958774	10	nm2819766	cinematographer	director of photography	\N
tt12958774	1	nm12552901	self	\N	["Self - Big Wave Surfer"]
tt12958774	2	nm8407309	self	\N	["Self - Freediver"]
tt12958774	3	nm11139740	director	\N	\N
tt12958774	4	nm1618794	producer	producer	\N
tt12958774	5	nm12578449	composer	\N	\N
tt12958774	6	nm12578447	composer	\N	\N
tt12958774	7	nm12578448	composer	\N	\N
tt12958774	8	nm12578450	composer	\N	\N
tt12958774	9	nm2058357	cinematographer	\N	\N
tt12958776	1	nm0061849	actress	\N	["Lorie Brooks"]
tt12958782	1	nm0061849	actress	\N	["Lorie Brooks"]
tt12958786	1	nm0061849	actress	\N	["Lorie Brooks"]
tt12958788	1	nm0061849	actress	\N	["Lorie Brooks"]
tt12958790	1	nm0061849	actress	\N	["Lorie Brooks"]
tt12958794	1	nm11839289	writer	written by	\N
tt12958796	1	nm0061849	actress	\N	["Lorie Brooks"]
tt12958798	1	nm6834275	director	\N	\N
tt12958798	2	nm11839528	producer	producer	\N
tt12958798	3	nm11839529	cinematographer	\N	\N
tt12958800	1	nm0061849	actress	\N	["Lorie Brooks"]
tt12958804	1	nm0061849	actress	\N	["Lorie Brooks"]
tt12958806	1	nm0061849	actress	\N	["Lorie Brooks"]
tt12958810	1	nm0061849	actress	\N	["Lorie Brooks"]
tt12958814	1	nm0061849	actress	\N	["Lorie Brooks"]
tt12958818	1	nm0061849	actress	\N	["Lorie Brooks"]
tt12958820	1	nm0061849	actress	\N	["Lorie Brooks"]
tt12958828	1	nm0061849	actress	\N	["Lorie Brooks"]
tt12958830	10	nm2215586	editor	\N	\N
tt12958830	1	nm11839530	actress	\N	["Ica"]
tt12958830	2	nm0412096	actor	\N	["Father"]
tt12958830	3	nm2674296	actor	\N	["Wolf"]
tt12958830	4	nm3941888	director	\N	\N
tt12958830	5	nm3924556	writer	\N	\N
tt12958830	6	nm2262110	producer	producer	\N
tt12958830	7	nm1339582	producer	producer	\N
tt12958830	8	nm6940670	composer	\N	\N
tt12958830	9	nm3941794	cinematographer	\N	\N
tt12958832	1	nm0853490	actress	\N	["Vanessa"]
tt12958832	2	nm11839531	actor	\N	["Anatol"]
tt12958832	3	nm4196569	actress	\N	["Erika"]
tt12958832	4	nm0263778	actor	\N	["The Old Doctor"]
tt12958832	5	nm0185094	director	\N	\N
tt12958832	6	nm0579781	writer	libretto	\N
tt12958832	7	nm1089615	actress	\N	["The Old Baroness"]
tt12958838	1	nm11836196	actor	\N	["Hayden Coltford"]
tt12958838	2	nm5046050	actor	\N	["Able Williams"]
tt12958838	3	nm11839535	actor	\N	["Travis"]
tt12958838	4	nm11839534	actor	\N	["Buddy Jenkins"]
tt12958838	5	nm11836342	director	\N	\N
tt12958838	6	nm11839538	composer	\N	\N
tt12958838	7	nm11839539	cinematographer	\N	\N
tt12958840	1	nm0061849	actress	\N	["Lorie Brooks"]
tt12958842	10	nm12463225	producer	producer	\N
tt12958842	1	nm6167443	actress	\N	["Hana Uzaki"]
tt12958842	2	nm3401643	actor	\N	["Shinichi Sakurai"]
tt12958842	3	nm2971968	actress	\N	["Ami Asai (2020)"]
tt12958842	4	nm11730700	actor	\N	["Itsuhito Sakaki (2020)"]
tt12958842	5	nm1536019	director	\N	\N
tt12958842	6	nm2420532	writer	screenplay	\N
tt12958842	7	nm12203170	writer	manga	\N
tt12958842	8	nm4396933	producer	producer	\N
tt12958842	9	nm9815124	producer	producer	\N
tt12958846	1	nm0061849	actress	\N	["Lorie Brooks"]
tt12958852	1	nm8960514	actor	\N	["Gerard Breur"]
tt12958852	2	nm10947017	actor	\N	["Marcus van der Staaij"]
tt12958852	3	nm11839541	actress	\N	["Kim Elsen"]
tt12958852	4	nm11160712	director	\N	\N
tt12958852	5	nm11112600	composer	\N	\N
tt12958852	6	nm11839543	editor	\N	\N
tt12958854	1	nm0061849	actress	\N	["Lorie Brooks"]
tt12958856	1	nm11839546	actress	\N	["Dot"]
tt12958856	2	nm11839545	actor	\N	["Harold"]
tt12958856	3	nm11720288	director	\N	\N
tt12958856	4	nm11839547	writer	\N	\N
tt12958856	5	nm12040066	composer	\N	\N
tt12958856	6	nm11839548	composer	\N	\N
tt12958858	1	nm0061849	actress	\N	["Lorie Brooks"]
tt12958872	1	nm10216611	actress	\N	["Sneha"]
tt12958872	2	nm3383930	actress	\N	["Meera"]
tt12958872	3	nm11839550	actor	\N	["Robo"]
tt12958872	4	nm0876310	actress	\N	["Rakesh's Mother"]
tt12958872	5	nm5676626	director	\N	\N
tt12958872	6	nm11839551	composer	\N	\N
tt12958876	1	nm0061849	actress	\N	["Lorie Brooks"]
tt12958880	1	nm0061849	actress	\N	["Lorie Brooks"]
tt12958882	1	nm0061849	actress	\N	["Lorie Brooks"]
tt12958886	1	nm0061849	actress	\N	["Lorie Brooks"]
tt12958890	1	nm0061849	actress	\N	["Lorie Brooks"]
tt12958892	1	nm2011088	actor	\N	["Martín"]
tt12958892	2	nm3917526	actress	\N	["Leire"]
tt12958892	3	nm11839552	actor	\N	["Jefe"]
tt12958892	4	nm8740191	actor	\N	["Entrenador"]
tt12958892	5	nm11839553	editor	\N	\N
tt12958892	6	nm4291743	actor	\N	["Chico"]
tt12958894	1	nm11839574	actress	\N	["Lucy"]
tt12958894	2	nm11839575	actor	\N	["Ben"]
tt12958894	3	nm2758560	actress	\N	["Pam"]
tt12958894	4	nm11839573	director	\N	\N
tt12958894	5	nm0579781	writer	libretto	\N
tt12958894	6	nm11839576	cinematographer	\N	\N
tt12958898	1	nm0975300	self	\N	["Self - Narrator"]
tt12958900	1	nm0061849	actress	\N	["Lorie Brooks"]
tt12958902	1	nm0061849	actress	\N	["Lorie Brooks"]
tt12958904	1	nm3658459	actor	\N	["Matt"]
tt12958904	2	nm11615924	self	\N	["Self - Host"]
tt12958904	3	nm11597280	producer	producer	\N
tt12958908	1	nm0975300	actor	\N	["Narrator"]
tt12958912	1	nm0061849	actress	\N	["Lorie Brooks"]
tt12958914	1	nm0061849	actress	\N	["Lorie Brooks"]
tt12958916	1	nm0061849	actress	\N	["Lorie Brooks"]
tt12958920	1	nm0061849	actress	\N	["Lorie Brooks"]
tt12958922	1	nm0061849	actress	\N	["Lorie Brooks"]
tt12958924	1	nm0975300	self	\N	["Self - Narrator"]
tt12958928	1	nm0061849	actress	\N	["Lorie Brooks"]
tt12958930	1	nm0061849	actress	\N	["Lorie Brooks"]
tt12958932	1	nm0975300	self	\N	["Self - Narrator"]
tt12958936	10	nm10784046	actress	\N	["Kook"]
tt12958936	1	nm10509893	actress	\N	["Pang","Prapang Thanapreechapun"]
tt12958936	2	nm9987517	actress	\N	["Meen"]
tt12958936	3	nm8955777	actor	\N	["Tee"]
tt12958936	4	nm10783285	actress	\N	["Tam","Warisa Khamanan"]
tt12958936	5	nm5015450	director	\N	\N
tt12958936	6	nm13451347	cinematographer	director of photography	\N
tt12958936	7	nm11866898	editor	\N	\N
tt12958936	8	nm9282129	actress	\N	["Meow"]
tt12958936	9	nm9987515	actress	\N	["Miichan"]
tt12958938	1	nm0061849	actress	\N	["Lorie Brooks"]
tt12958942	1	nm0061849	actress	\N	["Lorie Brooks"]
tt12958944	1	nm4423305	actor	\N	["Agent Flemming"]
tt12958944	2	nm1911716	actor	\N	["Rurilk"]
tt12958944	3	nm11515313	actor	\N	["Henchmen"]
tt12958946	1	nm0975300	self	\N	["Self - Narrator"]
tt12958948	1	nm0061849	actress	\N	["Lorie Brooks"]
tt12958952	1	nm0061849	actress	\N	["Lorie Brooks"]
tt12958956	1	nm0061849	actress	\N	["Lorie Brooks"]
tt12958958	1	nm0061849	actress	\N	["Lorie Brooks"]
tt12958960	1	nm0975300	self	\N	["Self - Narrator"]
tt12958966	1	nm0061849	actress	\N	["Lorie Brooks"]
tt12958976	1	nm4423305	actor	\N	["Agent Fleming"]
tt12958976	2	nm8162670	actor	\N	["Criminal Boss"]
tt12958976	3	nm11515313	actor	\N	["Henchmen"]
tt12958996	1	nm0061849	actress	\N	["Lorie Brooks"]
tt12959008	1	nm0061849	actress	\N	["Lorie Brooks"]
tt12959008	2	nm0528518	actress	\N	["Leslie Brooks"]
tt12959010	1	nm0061849	actress	\N	["Lorie Brooks"]
tt12959010	2	nm0528518	actress	\N	["Leslie Brooks"]
tt12959012	1	nm11839631	actor	\N	["The King"]
tt12959012	2	nm11839630	director	\N	\N
tt12959012	3	nm9249186	writer	words	\N
tt12959012	4	nm11839632	writer	libretto	\N
tt12959012	5	nm11839633	producer	producer	\N
tt12959014	1	nm0061849	actress	\N	["Lorie Brooks"]
tt12959014	2	nm0528518	actress	\N	["Leslie Brooks"]
tt12959018	1	nm0061849	actress	\N	["Lorie Brooks"]
tt12959018	2	nm0528518	actress	\N	["Leslie Brooks"]
tt12959022	1	nm7208767	self	\N	["Self - Host"]
tt12959022	2	nm5023814	self	\N	["Self - Host"]
tt12959022	3	nm0633005	director	\N	\N
tt12959022	4	nm7208765	writer	\N	\N
tt12959022	5	nm3617910	cinematographer	\N	\N
tt12959022	6	nm5628848	cinematographer	\N	\N
tt12959022	7	nm1965641	editor	\N	\N
tt12959022	8	nm10338191	editor	commissioning editor: ARTE	\N
tt12959024	1	nm0528518	actress	\N	["Leslie Brooks"]
tt12959026	1	nm0528518	actress	\N	["Leslie Brooks"]
tt12959030	1	nm0061849	actress	\N	["Lorie Brooks"]
tt12959030	2	nm0528518	actress	\N	["Leslie Brooks"]
tt12959034	1	nm4913514	self	\N	["Self - Host"]
tt12959050	1	nm7189089	actor	\N	["Hunter Monk"]
tt12959054	1	nm0500728	actress	\N	["A Madame"]
tt12959054	2	nm11839637	director	\N	\N
tt12959054	3	nm11839495	writer	\N	\N
tt12959054	4	nm4422429	cinematographer	\N	\N
tt12959056	1	nm0528518	actress	\N	["Leslie Brooks"]
tt12959058	1	nm0528518	actress	\N	["Leslie Brooks"]
tt12959060	1	nm0528518	actress	\N	["Leslie Brooks"]
tt12959064	1	nm0528518	actress	\N	["Leslie Brooks"]
tt12959068	1	nm0061849	actress	\N	["Lorie Brooks"]
tt12959068	2	nm0528518	actress	\N	["Leslie Brooks"]
tt12959072	1	nm0061849	actress	\N	["Lorie Brooks"]
tt12959072	2	nm0528518	actress	\N	["Leslie Brooks"]
tt12959078	1	nm0061849	actress	\N	["Lorie Brooks"]
tt12959078	2	nm0528518	actress	\N	["Leslie Brooks"]
tt12959082	1	nm0061849	actress	\N	["Lorie Brooks"]
tt12959082	2	nm0528518	actress	\N	["Leslie Brooks"]
tt12959088	1	nm0528518	actress	\N	["Leslie Brooks"]
tt12959092	1	nm0061849	actress	\N	["Lorie Brooks"]
tt12959092	2	nm0528518	actress	\N	["Leslie Brooks"]
tt12959096	1	nm0061849	actress	\N	["Lorie Brooks"]
tt12959096	2	nm0528518	actress	\N	["Leslie Brooks"]
tt12959100	1	nm0061849	actress	\N	["Lorie Brooks"]
tt12959100	2	nm0528518	actress	\N	["Leslie Brooks"]
tt12959106	1	nm0528518	actress	\N	["Leslie Brooks"]
tt12959110	1	nm4913514	self	\N	["Self - Host"]
tt12959112	1	nm0061849	actress	\N	["Lorie Brooks"]
tt12959112	2	nm0528518	actress	\N	["Leslie Brooks"]
tt12959118	1	nm0061849	actress	\N	["Lorie Brooks"]
tt12959118	2	nm0528518	actress	\N	["Leslie Brooks"]
tt12959124	1	nm0061849	actress	\N	["Lorie Brooks"]
tt12959124	2	nm0528518	actress	\N	["Leslie Brooks"]
tt12959128	1	nm0061849	actress	\N	["Lorie Brooks"]
tt12959128	2	nm0528518	actress	\N	["Leslie Brooks"]
tt12959134	1	nm0061849	actress	\N	["Lorie Brooks"]
tt12959134	2	nm0528518	actress	\N	["Leslie Brooks"]
tt12959136	1	nm0061849	actress	\N	["Lorie Brooks"]
tt12959138	10	nm11857306	writer	contributing writer	\N
tt12959138	1	nm7246458	actress	\N	["Alyssa"]
tt12959138	2	nm11857314	actor	\N	["John","Stand-Up Performer"]
tt12959138	3	nm11857291	actor	\N	["Dan","Stand-Up Performer"]
tt12959138	4	nm11857290	actress	\N	["Natalie","Stand-Up Performer"]
tt12959138	5	nm5225154	director	\N	\N
tt12959138	6	nm4347602	writer	contributing writer	\N
tt12959138	7	nm8150883	writer	contributing writer	\N
tt12959138	8	nm11857336	writer	contributing writer	\N
tt12959138	9	nm6559118	writer	contributing writer	\N
tt12959148	10	nm0314465	actor	\N	["Mr. Kofner"]
tt12959148	1	nm11839647	actress	\N	["Magda Sorel"]
tt12959148	2	nm0298092	actor	\N	["John Sorel"]
tt12959148	3	nm0066717	actress	\N	["Mother"]
tt12959148	4	nm0152804	actor	\N	["Police Agent"]
tt12959148	5	nm4183218	director	\N	\N
tt12959148	6	nm0579781	writer	libretto	\N
tt12959148	7	nm11839650	cinematographer	\N	\N
tt12959148	8	nm0191437	actress	\N	["Secretary"]
tt12959148	9	nm0263900	actor	\N	["Nika Magadoff"]
tt12959150	1	nm0061849	actress	\N	["Lorie Brooks"]
tt12959150	2	nm0528518	actress	\N	["Leslie Brooks"]
tt12959154	1	nm0528518	actress	\N	["Leslie Brooks"]
tt12959158	1	nm0061849	actress	\N	["Lorie Brooks"]
tt12959158	2	nm0528518	actress	\N	["Leslie Brooks"]
tt12959166	1	nm0061849	actress	\N	["Lorie Brooks"]
tt12959166	2	nm0528518	actress	\N	["Leslie Brooks"]
tt12959168	1	nm0061849	actress	\N	["Lorie Brooks"]
tt12959172	1	nm0061849	actress	\N	["Lorie Brooks"]
tt12959172	2	nm0528518	actress	\N	["Leslie Brooks"]
tt12959176	1	nm0061849	actress	\N	["Lorie Brooks"]
tt12959178	10	nm10784046	actress	\N	["Kook"]
tt12959178	1	nm10509893	actress	\N	["Pang","Prapang Thanapreechapun"]
tt12959178	2	nm9987517	actress	\N	["Meen"]
tt12959178	3	nm8955777	actor	\N	["Tee"]
tt12959178	4	nm10783285	actress	\N	["Tam","Warisa Khamanan"]
tt12959178	5	nm5015450	director	\N	\N
tt12959178	6	nm13451347	cinematographer	director of photography	\N
tt12959178	7	nm11866899	editor	\N	\N
tt12959178	8	nm9282129	actress	\N	["Meow"]
tt12959178	9	nm9987515	actress	\N	["Miichan"]
tt12959188	1	nm2011183	editor	\N	\N
tt12959190	1	nm4913514	self	\N	["Self - Host"]
tt12959196	1	nm0061849	actress	\N	["Lorie Brooks"]
tt12959202	10	nm0565197	actress	\N	["Liz Foster"]
tt12959202	1	nm0061849	actress	\N	["Lorie Brooks"]
tt12959202	2	nm0225734	actress	\N	["Jill Foster"]
tt12959202	3	nm0337802	actress	\N	["Jennifer Brooks"]
tt12959202	4	nm0356535	actor	\N	["Brad Elliot"]
tt12959202	5	nm0001327	actor	\N	["Snapper Foster"]
tt12959202	6	nm0380363	actor	\N	["Jack Curtis"]
tt12959202	7	nm0443480	actor	\N	["Brock Reynolds"]
tt12959202	8	nm0450116	actor	\N	["Greg Foster #2"]
tt12959202	9	nm0540122	actress	\N	["Leslie Brooks"]
tt12959206	1	nm11839460	self	\N	["Self - Chuck Wallum"]
tt12959206	2	nm11839657	self	\N	["Self - Host"]
tt12959208	1	nm0061849	actress	\N	["Lorie Brooks"]
tt12959208	2	nm0225734	actress	\N	["Jill Foster"]
tt12959208	3	nm0001327	actor	\N	["Snapper Foster"]
tt12959208	4	nm0450116	actor	\N	["Greg Foster #2"]
tt12959208	5	nm0565197	actress	\N	["Liz Foster"]
tt12959212	1	nm2011183	editor	\N	\N
tt12959214	1	nm0061849	actress	\N	["Lorie Brooks"]
tt12959214	2	nm0225734	actress	\N	["Jill Foster"]
tt12959214	3	nm0450116	actor	\N	["Greg Foster #2"]
tt12959220	1	nm0061849	actress	\N	["Lorie Brooks"]
tt12959222	1	nm0061849	actress	\N	["Lorie Brooks"]
tt12959228	1	nm2011183	editor	\N	\N
tt12959230	1	nm0061849	actress	\N	["Lorie Brooks"]
tt12959234	1	nm0061849	actress	\N	["Lorie Brooks"]
tt12959238	10	nm5777457	actress	\N	["Vera Boronel"]
tt12959238	1	nm0120182	actress	\N	["Magda Sorel"]
tt12959238	2	nm0652849	actor	\N	["John Sorel"]
tt12959238	3	nm11839660	actress	\N	["Mother"]
tt12959238	4	nm11817698	actor	\N	["Secret Agent"]
tt12959238	5	nm0579781	director	\N	\N
tt12959238	6	nm11839661	actress	\N	["Secretary"]
tt12959238	7	nm11839662	actor	\N	["Mr. Kofner"]
tt12959238	8	nm11839663	actress	\N	["Foreign Woman"]
tt12959238	9	nm1282515	actress	\N	["Anna Gomez"]
tt12959242	1	nm4913514	self	\N	["Self - Host"]
tt12959244	1	nm0061849	actress	\N	["Lorie Brooks"]
tt12959246	1	nm8837857	self	\N	["Self"]
tt12959250	1	nm2011183	editor	\N	\N
tt12959254	1	nm0061849	actress	\N	["Lorie Brooks"]
tt12959256	1	nm0061849	actress	\N	["Lorie Brooks"]
tt12959264	1	nm0658339	actress	\N	["Sarah Bernhardt"]
tt12959264	2	nm0001195	self	\N	["Self - Host"]
tt12959264	3	nm0816099	actress	\N	["Marianne"]
tt12959264	4	nm0272214	director	television director	\N
tt12959264	5	nm0375818	director	theatre director	\N
tt12959264	6	nm0938317	writer	\N	\N
tt12959264	7	nm0107537	editor	\N	\N
tt12959264	8	nm0175684	editor	\N	\N
tt12959272	1	nm0061849	actress	\N	["Lorie Brooks"]
tt12959274	1	nm0061849	actress	\N	["Lorie Brooks"]
tt12959276	1	nm2483508	actor	\N	["Carl"]
tt12959276	2	nm3065892	actress	\N	["Angela"]
tt12959276	3	nm6025169	actor	\N	["The Pig Man"]
tt12959276	4	nm2481745	director	\N	\N
tt12959276	5	nm4570885	producer	producer	\N
tt12959276	6	nm6762266	composer	\N	\N
tt12959276	7	nm0614659	cinematographer	\N	\N
tt12959276	8	nm4593941	editor	\N	\N
tt12959278	1	nm0061849	actress	\N	["Lorie Brooks"]
tt12959280	1	nm0061849	actress	\N	["Lorie Brooks"]
tt12959282	1	nm0061849	actress	\N	["Lorie Brooks"]
tt12959288	1	nm0061849	actress	\N	["Lorie Brooks"]
tt12959290	10	nm11257146	self	\N	["Self"]
tt12959290	1	nm11257162	self	\N	["Self"]
tt12959290	2	nm11397289	self	\N	["Self"]
tt12959290	3	nm7351637	self	\N	["Self"]
tt12959290	4	nm10702086	self	\N	["Self"]
tt12959290	5	nm11258376	self	\N	["Self"]
tt12959290	6	nm7555552	self	\N	["Self"]
tt12959290	7	nm11257167	self	\N	["Self"]
tt12959290	8	nm10702125	self	\N	["Self"]
tt12959290	9	nm11257101	self	\N	["Self"]
tt12959292	10	nm5516765	cinematographer	\N	\N
tt12959292	1	nm11884557	actress	\N	["Cower"]
tt12959292	2	nm11989015	actress	\N	["Gwen"]
tt12959292	3	nm11989016	actor	\N	["Deputy Dutton"]
tt12959292	4	nm11989017	actress	\N	["Haley"]
tt12959292	5	nm0807504	director	\N	\N
tt12959292	6	nm11886846	writer	story	\N
tt12959292	7	nm2005332	producer	producer	\N
tt12959292	8	nm1950422	composer	\N	\N
tt12959292	9	nm1954332	composer	\N	\N
tt12959294	1	nm0061849	actress	\N	["Lorie Brooks"]
tt12959298	1	nm0061849	actress	\N	["Lorie Brooks"]
tt12959304	1	nm0061849	actress	\N	["Lorie Brooks"]
tt12959306	1	nm0061849	actress	\N	["Lorie Brooks"]
tt12959308	1	nm0061849	actress	\N	["Lorie Brooks"]
tt12959310	1	nm0061849	actress	\N	["Lorie Brooks"]
tt12959314	1	nm11812130	self	\N	["Self - Host"]
tt12959314	2	nm11812129	producer	producer	\N
tt12959316	1	nm0061849	actress	\N	["Lorie Brooks"]
tt12959320	1	nm0061849	actress	\N	["Lorie Brooks"]
tt12959324	1	nm0061849	actress	\N	["Lorie Brooks"]
tt12959332	1	nm0061849	actress	\N	["Lorie Brooks"]
tt12959336	10	nm11257146	self	\N	["Self"]
tt12959336	1	nm11257156	self	\N	["Self"]
tt12959336	2	nm11257162	self	\N	["Self"]
tt12959336	3	nm11397289	self	\N	["Self"]
tt12959336	4	nm7351637	self	\N	["Self"]
tt12959336	5	nm10702086	self	\N	["Self"]
tt12959336	6	nm11258376	self	\N	["Self"]
tt12959336	7	nm11257167	self	\N	["Self"]
tt12959336	8	nm10702125	self	\N	["Self"]
tt12959336	9	nm11257101	self	\N	["Self"]
tt12959338	1	nm0061849	actress	\N	["Lorie Brooks"]
tt12959342	1	nm0061849	actress	\N	["Lorie Brooks"]
tt12959344	1	nm0061849	actress	\N	["Lorie Brooks"]
tt12959348	1	nm11812129	self	\N	["Self - Host"]
tt12959348	2	nm11812130	producer	producer	\N
tt12959352	1	nm0061849	actress	\N	["Lorie Brooks"]
tt12959356	1	nm10847817	actor	\N	["Senator"]
tt12959356	2	nm11301451	actor	\N	["Organizer of the event"]
tt12959356	3	nm11301452	producer	producer	\N
tt12959358	1	nm0061849	actress	\N	["Lorie Brooks"]
tt12959362	1	nm0061849	actress	\N	["Lorie Brooks"]
tt12959366	1	nm0061849	actress	\N	["Lorie Brooks"]
tt12959368	1	nm10984700	actor	\N	["Traveler","Black Tank Top Clone","Grey Long Sleeve Clone"]
tt12959370	1	nm11841886	self	\N	["Self"]
tt12959370	2	nm11841887	self	\N	["Self"]
tt12959370	3	nm11841888	self	\N	["Self"]
tt12959370	4	nm11841885	self	\N	["Self"]
tt12959374	1	nm0061849	actress	\N	["Lorie Brooks"]
tt12959378	1	nm0061849	actress	\N	["Lorie Brooks"]
tt12959382	1	nm10984700	actor	\N	["Traveler"]
tt12959384	1	nm0061849	actress	\N	["Lorie Brooks"]
tt12959386	1	nm0061849	actress	\N	["Lorie Brooks"]
tt12959390	1	nm0061849	actress	\N	["Lorie Brooks"]
tt12959392	1	nm0061849	actress	\N	["Lorie Brooks"]
tt12959394	1	nm0061849	actress	\N	["Lorie Brooks"]
tt12959396	1	nm11812129	self	\N	["Self - Co-Host"]
tt12959396	2	nm11812130	self	\N	["Self - Co-Host"]
tt12959398	1	nm0061849	actress	\N	["Lorie Brooks"]
tt12959400	10	nm10208005	actor	\N	["Thiago Kunst"]
tt12959400	1	nm9302702	actress	\N	["Mara Morales"]
tt12959400	2	nm0098708	actor	\N	["Mariano Urquiza"]
tt12959400	3	nm9778974	actor	\N	["Jandino"]
tt12959400	4	nm10208000	actress	\N	["Carmín Laguardia"]
tt12959400	5	nm7716770	writer	dialogue	\N
tt12959400	6	nm7887639	editor	\N	\N
tt12959400	7	nm3114882	actor	\N	["Víctor Gutiérrez"]
tt12959400	8	nm4750809	actress	\N	["Helena Urquiza"]
tt12959400	9	nm10208001	actress	\N	["Daisy Durant"]
tt12959402	1	nm6786086	self	\N	["Self"]
tt12959402	2	nm10947513	self	\N	["Self"]
tt12959404	1	nm0061849	actress	\N	["Lorie Brooks"]
tt12959406	1	nm0061849	actress	\N	["Lorie Brooks"]
tt12959410	1	nm11812130	self	\N	["Self - Host"]
tt12959410	2	nm11812129	producer	producer	\N
tt12959412	1	nm0061849	actress	\N	["Lorie Brooks"]
tt12959414	1	nm0061849	actress	\N	["Lorie Brooks"]
tt12959416	1	nm0061849	actress	\N	["Lorie Brooks"]
tt12959418	1	nm0061849	actress	\N	["Lorie Brooks"]
tt12959420	1	nm10847817	actor	\N	["President of the USA"]
tt12959420	2	nm11301451	actor	\N	["Mr. Chan"]
tt12959420	3	nm11301452	producer	producer	\N
tt12959422	1	nm0061849	actress	\N	["Lorie Brooks"]
tt12959426	1	nm0445577	self	\N	["Self - Presenter"]
tt12959426	2	nm3584211	self	\N	["Self - Presenter"]
tt12959426	3	nm4518013	self	\N	["Self - Presenter"]
tt12959426	4	nm6269836	self	\N	["Self - Presenter"]
tt12959426	5	nm1134613	self	\N	["Self"]
tt12959430	1	nm11839752	actor	\N	\N
tt12959430	2	nm3524780	director	\N	\N
tt12959434	1	nm11222512	actor	\N	\N
tt12959434	2	nm11378969	self	\N	["Self"]
tt12959434	3	nm11222511	director	\N	\N
tt12959434	4	nm11221638	director	co-director	\N
tt12959436	1	nm11812130	self	\N	["Self - Host"]
tt12959436	2	nm11812129	producer	producer	\N
tt12959438	1	nm11818097	actress	\N	["Lucy (segment \"The Telephone\")"]
tt12959438	2	nm11818106	actor	\N	["Ben (segment \"The Telephone\")","David (segment \"A Hand of Bridge\")"]
tt12959438	3	nm11794474	actress	\N	["Geraldine (segment \"A Hand of Bridge\")"]
tt12959438	4	nm11789445	actor	\N	["Bill (segment \"A Hand of Bridge\")"]
tt12959438	5	nm11839770	director	\N	\N
tt12959438	6	nm4428865	writer	adapted by	\N
tt12959438	7	nm11839772	writer	adapted by	\N
tt12959438	8	nm0579781	writer	libretto	\N
tt12959438	9	nm1870964	writer	libretto	\N
tt12959442	1	nm0061849	actress	\N	["Lorie Brooks"]
tt12959444	1	nm0061849	actress	\N	["Lorie Brooks"]
tt12959446	1	nm0061849	actress	\N	["Lorie Brooks"]
tt12959448	1	nm0061849	actress	\N	["Lorie Brooks"]
tt12959450	1	nm0061849	actress	\N	["Lorie Brooks"]
tt12959452	1	nm0061849	actress	\N	["Lorie Brooks"]
tt12959454	1	nm6786086	director	\N	\N
tt12959456	1	nm7227475	actress	\N	["Investigator Self"]
tt12959456	2	nm5222538	actress	\N	["Empathic Investigator Mikayla"]
tt12959456	3	nm11885880	actor	\N	["Investigator Self"]
tt12959456	4	nm11885878	actor	\N	["CPR Investigator self"]
tt12959456	5	nm11841629	composer	\N	\N
tt12959456	6	nm11885879	cinematographer	\N	\N
tt12959456	7	nm11844688	cinematographer	\N	\N
tt12959462	1	nm0061849	actress	\N	["Lorie Brooks"]
tt12959464	1	nm11812130	self	\N	["Self - Host"]
tt12959464	2	nm11812129	producer	producer	\N
tt12959466	1	nm0061849	actress	\N	["Lorie Brooks"]
tt12959468	1	nm0061849	actress	\N	["Lorie Brooks"]
tt12959470	1	nm0061849	actress	\N	["Lorie Brooks"]
tt12959472	1	nm0491357	actor	\N	["Randal"]
tt12959472	2	nm10554962	director	\N	\N
tt12959472	3	nm0110400	writer	\N	\N
tt12959474	1	nm0061849	actress	\N	["Lorie Brooks"]
tt12959476	1	nm0061849	actress	\N	["Lorie Brooks"]
tt12959478	1	nm0061849	actress	\N	["Lorie Brooks"]
tt12959480	1	nm0061849	actress	\N	["Lorie Brooks"]
tt12959482	10	nm2669365	editor	\N	\N
tt12959482	1	nm10870646	self	\N	["Self - Author 'Her Again: Becoming Meryl Streep' and Critic, 'The New Yorker'"]
tt12959482	2	nm10853877	self	\N	["Self - Author 'Queen Meryl' and Critic, 'Variety'"]
tt12959482	3	nm0660539	archive_footage	\N	["Self - Founder of the Public Theatre in New York"]
tt12959482	4	nm1000924	self	\N	["Self - Journalist and former director of UniFrance"]
tt12959482	5	nm1056457	director	\N	\N
tt12959482	6	nm1440908	producer	producer	\N
tt12959482	7	nm3319322	producer	producer	\N
tt12959482	8	nm7079045	composer	\N	\N
tt12959482	9	nm0240758	editor	\N	\N
tt12959484	1	nm0061849	actress	\N	["Lorie Brooks"]
tt12959486	1	nm0061849	actress	\N	["Lorie Brooks"]
tt12959488	1	nm2637340	actor	\N	["Narrator"]
tt12959488	2	nm3195555	actor	\N	["Narrator"]
tt12959488	3	nm11839786	actor	\N	["Narrator"]
tt12959488	4	nm11830923	director	\N	\N
tt12959488	5	nm1094957	cinematographer	\N	\N
tt12959488	6	nm1255575	cinematographer	\N	\N
tt12959488	7	nm1637134	editor	\N	\N
tt12959490	1	nm0061849	actress	\N	["Lorie Brooks"]
tt12959492	1	nm3988500	self	\N	["Self"]
tt12959492	2	nm3765300	actor	\N	\N
tt12959492	3	nm11222511	director	\N	\N
tt12959492	4	nm11221638	director	co-director	\N
tt12959492	5	nm11839801	writer	questions by	\N
tt12959494	1	nm10942230	self	\N	["Self - Host"]
tt12959498	1	nm0061849	actress	\N	["Lorie Brooks"]
tt12959500	1	nm0061849	actress	\N	["Lorie Brooks"]
tt12959506	1	nm0061849	actress	\N	["Lorie Brooks"]
tt12959510	1	nm0061849	actress	\N	["Lorie Brooks"]
tt12959514	1	nm0061849	actress	\N	["Lorie Brooks"]
tt12959516	10	nm3850892	editor	\N	\N
tt12959516	1	nm2063290	actress	\N	["Anna Foglietta"]
tt12959516	2	nm3661207	actor	\N	["Pietro Castellitto"]
tt12959516	3	nm2465833	actor	\N	["Claudio Giovannesi"]
tt12959516	4	nm6114035	actress	\N	["Esmeralda Spadea"]
tt12959516	5	nm3565330	director	\N	\N
tt12959516	6	nm11896621	writer	story by	\N
tt12959516	7	nm11896622	writer	story by	\N
tt12959516	8	nm1415396	composer	\N	\N
tt12959516	9	nm2786931	cinematographer	\N	\N
tt12959518	1	nm0061849	actress	\N	["Lorie Brooks"]
tt12959524	1	nm10320526	actress	\N	["Nancy"]
tt12959524	2	nm7466302	actor	\N	["Mike"]
tt12959524	3	nm5405075	actor	\N	["The Gentleman"]
tt12959524	4	nm10981349	actress	\N	["Young Woman"]
tt12959524	5	nm7466315	director	\N	\N
tt12959524	6	nm11839804	producer	producer	\N
tt12959524	7	nm11839862	producer	producer	\N
tt12959524	8	nm12602606	composer	\N	\N
tt12959528	1	nm0061849	actress	\N	["Lorie Brooks"]
tt12959530	1	nm0061849	actress	\N	["Lorie Brooks"]
tt12959536	1	nm0061849	actress	\N	["Lorie Brooks"]
tt12959538	1	nm0061849	actress	\N	["Lorie Brooks"]
tt12959540	1	nm0061849	actress	\N	["Lorie Brooks"]
tt12959542	1	nm0061849	actress	\N	["Lorie Brooks"]
tt12959544	10	nm0035779	actress	\N	["Ursula"]
tt12959544	1	nm11839805	actor	\N	["Albrecht von Brandenburg"]
tt12959544	2	nm3931237	actor	\N	["Mathis"]
tt12959544	3	nm5152509	actor	\N	["Lorenz von Pommersfelden"]
tt12959544	4	nm1339916	actor	\N	["Wolfgang Capito"]
tt12959544	5	nm1480615	director	\N	\N
tt12959544	6	nm0385519	writer	libretto	\N
tt12959544	7	nm4418231	producer	producer	\N
tt12959544	8	nm1368030	actor	\N	["Riedinger"]
tt12959544	9	nm11839806	actor	\N	["Hans Schwalb"]
tt12959546	10	nm10784046	actress	\N	["Kook"]
tt12959546	1	nm10509893	actress	\N	["Pang","Prapang Thanapreechapun"]
tt12959546	2	nm9987517	actress	\N	["Meen","Meenlada"]
tt12959546	3	nm8955777	actor	\N	["Tee"]
tt12959546	4	nm10783285	actress	\N	["Tam","Warisa Khamanan"]
tt12959546	5	nm5015450	director	\N	\N
tt12959546	6	nm13451347	cinematographer	director of photography	\N
tt12959546	7	nm10738436	editor	\N	\N
tt12959546	8	nm9282129	actress	\N	["Meow"]
tt12959546	9	nm9987515	actress	\N	["Miichan"]
tt12959550	1	nm7613579	actor	\N	["Musician - Drums"]
tt12959550	2	nm2460272	actor	\N	["Musician - Mandolin"]
tt12959550	3	nm0235114	actor	\N	["Musician - Dobro"]
tt12959550	4	nm11839809	actor	\N	["Musician - Bass"]
tt12959550	5	nm0588079	director	\N	\N
tt12959550	6	nm0589464	producer	producer	\N
tt12959550	7	nm0338490	cinematographer	director of photography	\N
tt12959550	8	nm11839810	actor	\N	["Musician - Guitar"]
tt12959550	9	nm0936669	actor	\N	["Musician - Fiddle"]
tt12959556	1	nm0061849	actress	\N	["Lorie Brooks"]
tt12959558	1	nm0061849	actress	\N	["Lorie Brooks"]
tt12959560	1	nm0061849	actress	\N	["Lorie Brooks"]
tt12959564	1	nm0061849	actress	\N	["Lorie Brooks"]
tt12959566	1	nm6119611	actress	\N	\N
tt12959566	2	nm7711184	actor	\N	\N
tt12959570	1	nm5189057	director	\N	\N
tt12959570	2	nm11038214	producer	producer	\N
tt12959572	1	nm0061849	actress	\N	["Lorie Brooks"]
tt12959574	1	nm0061849	actress	\N	["Lorie Brooks"]
tt12959576	1	nm0061849	actress	\N	["Lorie Brooks"]
tt12959578	1	nm0061849	actress	\N	["Lorie Brooks"]
tt12959580	1	nm0061849	actress	\N	["Lorie Brooks"]
tt12959582	1	nm10847817	actor	\N	["President of the USA"]
tt12959582	2	nm11301451	writer	co-writer	\N
tt12959582	3	nm11301452	producer	producer	\N
tt12959584	1	nm0061849	actress	\N	["Lorie Brooks"]
tt12959588	1	nm0061849	actress	\N	["Lorie Brooks"]
tt12959590	1	nm0061849	actress	\N	["Lorie Brooks"]
tt12959594	1	nm6025851	actor	\N	\N
tt12959594	2	nm6119611	actress	\N	\N
tt12959596	1	nm0061849	actress	\N	["Lorie Brooks"]
tt12959602	1	nm0061849	actress	\N	["Lorie Brooks"]
tt12959604	1	nm0061849	actress	\N	["Lorie Brooks"]
tt12959606	1	nm0061849	actress	\N	["Lorie Brooks"]
tt12959608	1	nm10830822	self	\N	["Self - Host"]
tt12959608	2	nm4058310	self	\N	["Self - Host"]
tt12959608	3	nm10830823	producer	producer	\N
tt12959610	1	nm0061849	actress	\N	["Lorie Brooks"]
tt12959614	1	nm0061849	actress	\N	["Lorie Brooks"]
tt12959618	1	nm10830822	self	\N	["Self - Host"]
tt12959618	2	nm4058310	self	\N	["Self - Host"]
tt12959618	3	nm10830823	producer	producer	\N
tt12959620	10	nm1499754	actor	\N	["Bill"]
tt12959620	1	nm1228135	actor	\N	["Old Sam"]
tt12959620	2	nm1178918	actress	\N	["Dede"]
tt12959620	3	nm0443616	actor	\N	["Francois"]
tt12959620	4	nm11839854	actor	\N	["Mrs. Doc"]
tt12959620	5	nm0477617	director	\N	\N
tt12959620	6	nm0077086	writer	libretto	\N
tt12959620	7	nm1936614	writer	libretto	\N
tt12959620	8	nm1891270	editor	\N	\N
tt12959620	9	nm1092671	actress	\N	["Susie"]
tt12959624	1	nm6119611	actress	\N	\N
tt12959624	2	nm2273064	actor	\N	\N
tt12959626	1	nm0061849	actress	\N	["Lorie Brooks"]
tt12959628	1	nm0061849	actress	\N	["Lorie Brooks"]
tt12959630	1	nm0061849	actress	\N	["Lorie Brooks"]
tt12959634	1	nm0061849	actress	\N	["Lorie Brooks"]
tt12959636	1	nm0061849	actress	\N	["Lorie Brooks"]
tt12959640	1	nm10942230	self	\N	["Self - Host"]
tt12959642	1	nm0061849	actress	\N	["Lorie Brooks"]
tt12959644	1	nm0061849	actress	\N	["Lorie Brooks"]
tt12959648	1	nm0061849	actress	\N	["Lorie Brooks"]
tt12959650	1	nm0061849	actress	\N	["Lorie Brooks"]
tt12959652	1	nm0061849	actress	\N	["Lorie Brooks"]
tt12959660	1	nm0449070	actor	\N	["Host"]
tt12959660	2	nm1698310	cinematographer	\N	\N
tt12959660	3	nm3184623	editor	\N	\N
tt12959662	1	nm0061849	actress	\N	["Lorie Brooks"]
tt12959666	1	nm10913031	self	\N	["Self - Host"]
tt12959668	1	nm0061849	actress	\N	["Lorie Brooks"]
tt12959674	1	nm2004947	self	\N	["Self"]
tt12959674	2	nm3678409	self	\N	["Self"]
tt12959678	1	nm0061849	actress	\N	["Lorie Brooks"]
tt12959680	1	nm0061849	actress	\N	["Lorie Brooks"]
tt12959682	1	nm6023997	self	\N	["Self - Host"]
tt12959686	1	nm0061849	actress	\N	["Lorie Brooks"]
tt12959690	1	nm0061849	actress	\N	["Lorie Brooks"]
tt12959692	1	nm6023997	self	\N	["Self - Host"]
tt12959694	1	nm0061849	actress	\N	["Lorie Brooks"]
tt12959696	1	nm0061849	actress	\N	["Lorie Brooks"]
tt12959698	1	nm0061849	actress	\N	["Lorie Brooks"]
tt12959700	1	nm0061849	actress	\N	["Lorie Brooks"]
tt12959702	1	nm0061849	actress	\N	["Lorie Brooks"]
tt12959704	1	nm0061849	actress	\N	["Lorie Brooks"]
tt12959706	1	nm0061849	actress	\N	["Lorie Brooks"]
tt12959708	1	nm0061849	actress	\N	["Lorie Brooks"]
tt12959712	1	nm0061849	actress	\N	["Lorie Brooks"]
tt12959714	1	nm0061849	actress	\N	["Lorie Brooks"]
tt12959716	1	nm0061849	actress	\N	["Lorie Brooks"]
tt12959718	1	nm0061849	actress	\N	["Lorie Brooks"]
tt12959720	1	nm11639875	self	\N	["Self - Host"]
tt12959722	1	nm0061849	actress	\N	["Lorie Brooks"]
tt12959724	1	nm3844651	self	\N	["Self - Host"]
tt12959724	2	nm3193965	self	\N	["Self - Guest"]
tt12959726	1	nm0061849	actress	\N	["Lorie Brooks"]
tt12959728	1	nm3844651	self	\N	["Self - Host"]
tt12959728	2	nm11041191	self	\N	["Self - Guest"]
tt12959730	1	nm0061849	actress	\N	["Lorie Brooks"]
tt12959732	1	nm11639875	self	\N	["Self - Host"]
tt12959736	1	nm0061849	actress	\N	["Lorie Brooks"]
tt12959738	1	nm0061849	actress	\N	["Lorie Brooks"]
tt12959740	1	nm0005501	actress	\N	["Narrator"]
tt12959740	2	nm10282040	actress	\N	["Gladys Bentley"]
tt12959740	3	nm2383296	director	\N	\N
tt12959740	4	nm6926668	director	\N	\N
tt12959740	5	nm11731315	writer	\N	\N
tt12959740	6	nm0755302	producer	producer	\N
tt12959740	7	nm6288927	cinematographer	\N	\N
tt12959740	8	nm0928816	cinematographer	\N	\N
tt12959740	9	nm3752267	editor	\N	\N
tt12959742	1	nm0061849	actress	\N	["Lorie Brooks"]
tt12959744	1	nm0061849	actress	\N	["Lorie Brooks"]
tt12959746	1	nm0061849	actress	\N	["Lorie Brooks"]
tt12959748	1	nm0061849	actress	\N	["Lorie Brooks"]
tt12959750	1	nm0061849	actress	\N	["Lorie Brooks"]
tt12959752	1	nm6891736	actress	\N	["Daisy"]
tt12959752	2	nm4181646	actor	\N	["Old Man"]
tt12959752	3	nm12602755	actor	\N	["Pretty Boy"]
tt12959752	4	nm12602768	actress	\N	["Tough Chick"]
tt12959752	5	nm11839862	director	\N	\N
tt12959752	6	nm7466315	writer	\N	\N
tt12959752	7	nm8034085	composer	\N	\N
tt12959752	8	nm12771171	cinematographer	\N	\N
tt12959754	1	nm3724977	actress	\N	["Emanuelle"]
tt12959754	2	nm10663146	actor	\N	["Victor"]
tt12959754	3	nm0818885	actor	\N	["Fred"]
tt12959754	4	nm0518739	actress	\N	["Lydia"]
tt12959754	5	nm0368693	director	\N	\N
tt12959754	6	nm0339517	writer	\N	\N
tt12959754	7	nm10525524	producer	producer	\N
tt12959754	8	nm1415812	composer	\N	\N
tt12959754	9	nm5772171	editor	\N	\N
tt12959756	1	nm3844651	self	\N	["Self - Host"]
tt12959756	2	nm9173309	self	\N	["Self - Guest"]
tt12959758	1	nm11839873	actor	\N	["William Blakeley"]
tt12959758	2	nm11839875	actor	\N	["James Blakeley"]
tt12959758	3	nm11839876	actress	\N	["Jane Blakeley"]
tt12959758	4	nm11839877	actor	\N	["Agent General"]
tt12959758	5	nm10470438	director	\N	\N
tt12959758	6	nm11469475	composer	\N	\N
tt12959758	7	nm11839881	cinematographer	\N	\N
tt12959758	8	nm11839883	editor	\N	\N
tt12959760	1	nm0061849	actress	\N	["Lorie Brooks"]
tt12959762	1	nm0061849	actress	\N	["Lorie Brooks"]
tt12959764	1	nm3844651	self	\N	["Self - Host"]
tt12959764	2	nm9075049	self	\N	["Self - Guest"]
tt12959766	1	nm0061849	actress	\N	["Lorie Brooks"]
tt12959772	1	nm0061849	actress	\N	["Lorie Brooks"]
tt12959776	1	nm0061849	actress	\N	["Lorie Brooks"]
tt12959778	1	nm11345270	actress	\N	["Nikita"]
tt12959778	2	nm11839888	actor	\N	["Sukh"]
tt12959778	3	nm9285291	director	\N	\N
tt12959778	4	nm11233232	producer	producer	\N
tt12959778	5	nm10514557	producer	producer	\N
tt12959778	6	nm9513571	composer	\N	\N
tt12959780	1	nm0061849	actress	\N	["Lorie Brooks"]
tt12959782	1	nm0061849	actress	\N	["Lorie Brooks"]
tt12959784	1	nm0061849	actress	\N	["Lorie Brooks"]
tt12959786	1	nm7664222	actress	\N	["Violet"]
tt12959786	2	nm3372755	actor	\N	["Jay"]
tt12959786	3	nm2805181	director	\N	\N
tt12959786	4	nm7739923	cinematographer	\N	\N
tt12959788	1	nm0061849	actress	\N	["Lorie Brooks"]
tt12959792	1	nm0061849	actress	\N	["Lorie Brooks"]
tt12959796	1	nm6179964	actor	\N	["Markiplier"]
tt12959796	2	nm7167000	editor	\N	\N
tt12959800	1	nm0000523	actress	\N	["Annie Smith Peck"]
tt12959800	2	nm0005501	actress	\N	["Narrator"]
tt12959800	3	nm2383296	director	\N	\N
tt12959800	4	nm6926668	director	\N	\N
tt12959800	5	nm11731316	writer	\N	\N
tt12959800	6	nm0755302	producer	producer	\N
tt12959800	7	nm0484477	cinematographer	\N	\N
tt12959800	8	nm2970533	cinematographer	\N	\N
tt12959800	9	nm3752267	editor	\N	\N
tt12959802	1	nm0061849	actress	\N	["Lorie Brooks"]
tt12959804	1	nm0061849	actress	\N	["Lorie Brooks"]
tt12959808	10	nm11878597	actor	\N	["Oberverwaltungsrat"]
tt12959808	1	nm11878593	actor	\N	["Stadtrat"]
tt12959808	2	nm11878584	actress	\N	["Volkshochschulleiterin"]
tt12959808	3	nm11878589	actor	\N	["Realschulleiter"]
tt12959808	4	nm11839913	actor	\N	["Zahnarzt"]
tt12959808	5	nm11839910	director	\N	\N
tt12959808	6	nm11839912	actor	\N	["Bürgermeister"]
tt12959808	7	nm11878596	actor	\N	["Stadtbaumeister"]
tt12959808	8	nm11878592	actor	\N	["Zeitungsredakteur"]
tt12959808	9	nm11839915	actress	\N	["Anni Marschner"]
tt12959810	1	nm0061849	actress	\N	["Lorie Brooks"]
tt12959812	1	nm5858328	actor	\N	["The Visitor"]
tt12959812	2	nm10426271	actress	\N	["Michelle Goldberg"]
tt12959814	1	nm0061849	actress	\N	["Lorie Brooks"]
tt12959818	1	nm0061849	actress	\N	["Lorie Brooks"]
tt12959820	1	nm0061849	actress	\N	["Lorie Brooks"]
tt12959822	1	nm0061849	actress	\N	["Lorie Brooks"]
tt12959824	1	nm0061849	actress	\N	["Lorie Brooks"]
tt12959826	1	nm0061849	actress	\N	["Lorie Brooks"]
tt12959828	1	nm0061849	actress	\N	["Lorie Brooks"]
tt12959830	1	nm7027375	director	\N	\N
tt12959830	2	nm7027374	director	\N	\N
tt12959834	1	nm0061849	actress	\N	["Lorie Brooks"]
tt12959846	1	nm0061849	actress	\N	["Lorie Brooks"]
tt12959860	1	nm0061849	actress	\N	["Lorie Brooks"]
tt12959862	1	nm2344748	director	\N	\N
tt12959866	1	nm0061849	actress	\N	["Lorie Brooks"]
tt12959868	1	nm0061849	actress	\N	["Lorie Brooks"]
tt12959872	1	nm0061849	actress	\N	["Lorie Brooks"]
tt12959874	1	nm0061849	actress	\N	["Lorie Brooks"]
tt12959882	1	nm0061849	actress	\N	["Lorie Brooks"]
tt12959886	1	nm0204924	actress	\N	["Susan La Flesche Picotte"]
tt12959886	2	nm0000523	actress	\N	["Narrator"]
tt12959886	3	nm2383296	director	\N	\N
tt12959886	4	nm6926668	director	\N	\N
tt12959886	5	nm11731317	writer	\N	\N
tt12959886	6	nm0755302	producer	producer	\N
tt12959886	7	nm11839986	cinematographer	\N	\N
tt12959886	8	nm0928816	cinematographer	\N	\N
tt12959886	9	nm2446966	editor	\N	\N
tt12959890	1	nm11252741	archive_footage	\N	["Corbin Bailey"]
tt12959890	2	nm11252749	actress	\N	["Nora Contard"]
tt12959890	3	nm11252743	actor	\N	["Talon","Justin Jones"]
tt12959890	4	nm11252748	actress	\N	["Jordan Contard"]
tt12959890	5	nm11252745	writer	\N	\N
tt12959890	6	nm11252755	actor	\N	["Thomas Schmidt"]
tt12959890	7	nm11252742	actress	\N	["Kyndall Bailey"]
tt12959898	1	nm6384092	self	\N	["Self - Host"]
tt12959898	2	nm0118059	self	\N	["Self"]
tt12959898	3	nm0166701	self	\N	["Self"]
tt12959898	4	nm0656136	self	\N	["Self"]
tt12959898	5	nm9899305	self	\N	["Self"]
tt12959906	1	nm10830822	self	\N	["Self - Host"]
tt12959906	2	nm4058310	self	\N	["Self - Host"]
tt12959906	3	nm10830823	producer	producer	\N
tt12959922	1	nm9189356	actor	\N	["Nebson","Ninja"]
tt12959922	2	nm8721324	actress	\N	["Amota","Elderly Woman"]
tt12959922	3	nm11840027	director	\N	\N
tt12959922	4	nm7957980	composer	\N	\N
tt12959922	5	nm11945046	editor	\N	\N
tt12959924	1	nm11137807	actor	\N	["Jorginho"]
tt12959924	2	nm3747235	actress	\N	["Mirna"]
tt12959924	3	nm11840028	actress	\N	["Larissa"]
tt12959924	4	nm9437186	actor	\N	["Max"]
tt12959924	5	nm11840029	actor	\N	["Robson"]
tt12959934	1	nm7917179	director	\N	\N
tt12959934	2	nm7531112	director	\N	\N
tt12959942	1	nm10830822	self	\N	["Self - Host"]
tt12959942	2	nm4058310	self	\N	["Self - Host"]
tt12959942	3	nm10830823	producer	producer	\N
tt12959944	1	nm0391970	actress	\N	["Grandmother"]
tt12959944	2	nm5653701	actress	\N	["Kenzie"]
tt12959944	3	nm6405320	director	\N	\N
tt12959944	4	nm2005668	producer	producer	\N
tt12959944	5	nm10671363	composer	\N	\N
tt12959944	6	nm5023675	cinematographer	\N	\N
tt12959944	7	nm9941596	editor	\N	\N
tt12959944	8	nm11840037	production_designer	\N	\N
tt12959950	10	nm11802608	archive_footage	\N	["Self - Former Used Car Salesman (segment \"Cream Puff\")"]
tt12959950	1	nm0755824	self	\N	["Self - Host"]
tt12959950	2	nm0097240	self	\N	["Self - Correspondent (segment \"Room 19\")"]
tt12959950	3	nm11840044	self	\N	["Self - Deputy Director, The Institute of the Brain (segment \"Room 19\")"]
tt12959950	4	nm0471901	self	\N	["Self - Correspondent (segment \"Cream Puff\")"]
tt12959950	5	nm2406831	producer	producer	\N
tt12959950	6	nm1985741	producer	producer	\N
tt12959950	7	nm0397413	producer	producer	\N
tt12959950	8	nm0509439	producer	producer	\N
tt12959950	9	nm11705720	archive_footage	\N	["Self - Former Used Car Salesman (segment \"Cream Puff\")"]
tt12959960	1	nm10830822	self	\N	["Self - Host"]
tt12959960	2	nm4058310	self	\N	["Self - Host"]
tt12959960	3	nm10830823	actor	\N	["Mr. 97 - Self"]
tt12959960	4	nm11652647	self	\N	["Self"]
tt12959962	1	nm0061849	actress	\N	["Lorie Brooks"]
tt12959964	1	nm0061849	actress	\N	["Lorie Brooks"]
tt12959964	2	nm0528518	actress	\N	["Leslie Brooks"]
tt12959966	1	nm0061849	actress	\N	["Lorie Brooks"]
tt12959966	2	nm0528518	actress	\N	["Leslie Brooks"]
tt12959968	1	nm0061849	actress	\N	["Lorie Brooks"]
tt12959968	2	nm0528518	actress	\N	["Leslie Brooks"]
tt12959970	1	nm0061849	actress	\N	["Lorie Brooks"]
tt12959970	2	nm0528518	actress	\N	["Leslie Brooks"]
tt12959974	1	nm0528518	actress	\N	["Leslie Brooks"]
tt12959976	1	nm3004989	actor	\N	["Musician - Lead Guitar"]
tt12959976	2	nm1874228	actor	\N	["Musician - Guitar"]
tt12959976	3	nm3250840	actress	\N	["Singer"]
tt12959976	4	nm11840048	actor	\N	["Musician - Drums"]
tt12959976	5	nm0588079	director	\N	\N
tt12959976	6	nm11905001	cinematographer	\N	\N
tt12959976	7	nm0589464	editor	\N	\N
tt12959978	1	nm10830822	self	\N	["Self - Host"]
tt12959978	2	nm4058310	self	\N	["Self - Host"]
tt12959978	3	nm10830823	actor	\N	["Mr. 97 - Self"]
tt12959978	4	nm11652647	self	\N	["Self"]
tt12959982	1	nm0061849	actress	\N	["Lorie Brooks"]
tt12959984	1	nm0061849	actress	\N	["Lorie Brooks"]
tt12959984	2	nm0528518	actress	\N	["Leslie Brooks"]
tt12959986	1	nm0061849	actress	\N	["Lorie Brooks"]
tt12959986	2	nm0528518	actress	\N	["Leslie Brooks"]
tt12959994	1	nm0528518	actress	\N	["Leslie Brooks"]
tt12959996	1	nm1539626	actor	\N	\N
tt12959996	2	nm6119611	actress	\N	\N
tt12959996	3	nm1792446	actor	\N	\N
tt12959996	4	nm0621023	actor	\N	\N
tt12959996	5	nm7654600	director	\N	\N
tt12959996	6	nm5047567	actress	\N	\N
tt12959996	7	nm0684969	actor	\N	\N
tt12959996	8	nm2273064	actor	\N	\N
tt12959998	1	nm0061849	actress	\N	["Lorie Brooks"]
tt12959998	2	nm0528518	actress	\N	["Leslie Brooks"]
