tconst	directors	writers
tt16460000	\N	\N
tt16460002	\N	\N
tt16460004	\N	\N
tt16460006	\N	\N
tt16460008	\N	\N
tt16460010	\N	\N
tt16460012	\N	\N
tt16460014	\N	\N
tt16460016	\N	\N
tt16460018	\N	\N
tt16460020	\N	\N
tt16460022	\N	\N
tt16460024	\N	\N
tt16460026	\N	\N
tt16460028	\N	\N
tt16460030	\N	\N
tt16460032	\N	\N
tt16460034	\N	\N
tt16460036	\N	\N
tt16460038	\N	\N
tt16460040	\N	\N
tt16460042	\N	\N
tt16460044	\N	\N
tt16460046	\N	\N
tt16460048	\N	\N
tt16460050	\N	\N
tt16460052	\N	\N
tt16460054	\N	\N
tt16460056	\N	\N
tt16460058	\N	\N
tt16460060	\N	\N
tt16460062	\N	\N
tt16460064	\N	\N
tt16460066	\N	\N
tt16460068	\N	\N
tt16460070	\N	\N
tt16460072	\N	\N
tt16460074	\N	\N
tt16460076	\N	\N
tt16460078	\N	\N
tt16460080	\N	\N
tt16460082	\N	\N
tt16460084	\N	\N
tt16460086	\N	\N
tt16460088	\N	\N
tt16460090	\N	\N
tt16460092	\N	\N
tt16460094	\N	\N
tt16460096	\N	\N
tt16460098	\N	\N
tt16460100	\N	\N
tt16460102	\N	\N
tt16460104	\N	\N
tt16460106	\N	\N
tt16460108	\N	\N
tt16460110	\N	\N
tt16460112	\N	\N
tt16460114	\N	\N
tt16460116	\N	\N
tt16460118	\N	\N
tt16460120	\N	\N
tt16460122	\N	\N
tt16460124	\N	\N
tt16460126	\N	\N
tt16460128	\N	\N
tt16460130	\N	\N
tt16460132	\N	\N
tt16460134	\N	\N
tt16460136	\N	\N
tt16460138	\N	\N
tt16460140	\N	\N
tt16460142	\N	\N
tt16460144	\N	\N
tt16460146	\N	\N
tt16460148	\N	\N
tt16460150	\N	\N
tt16460152	\N	\N
tt16460154	\N	\N
tt16460156	nm1672195,nm0398719,nm2034409	nm10029146,nm1500863
tt16460158	\N	\N
tt16460160	\N	\N
tt16460162	\N	\N
tt16460164	\N	\N
tt16460166	\N	\N
tt16460168	\N	\N
tt16460170	\N	\N
tt16460172	\N	\N
tt16460174	\N	\N
tt16460176	\N	\N
tt16460178	\N	\N
tt16460180	\N	\N
tt16460182	\N	\N
tt16460184	\N	\N
tt16460186	\N	\N
tt16460188	\N	\N
tt16460190	\N	\N
tt16460192	\N	\N
tt16460194	\N	nm13225446
tt16460196	\N	\N
tt16460198	\N	\N
tt16460200	\N	\N
tt16460202	\N	\N
tt16460204	\N	\N
tt16460206	\N	\N
tt16460208	\N	\N
tt16460210	\N	\N
tt16460212	\N	\N
tt16460214	\N	\N
tt16460216	\N	\N
tt16460218	\N	\N
tt16460220	\N	\N
tt16460222	\N	\N
tt16460224	\N	\N
tt16460226	\N	\N
tt16460228	\N	\N
tt16460230	\N	\N
tt16460232	\N	\N
tt16460234	\N	\N
tt16460236	\N	\N
tt16460238	\N	\N
tt16460240	\N	\N
tt16460242	\N	\N
tt16460244	\N	\N
tt16460246	\N	\N
tt16460248	\N	\N
tt16460250	\N	\N
tt16460252	\N	\N
tt16460254	\N	\N
tt16460256	\N	\N
tt16460258	\N	\N
tt16460260	\N	\N
tt16460262	\N	\N
tt16460264	\N	\N
tt16460266	\N	\N
tt16460268	\N	\N
tt16460270	\N	\N
tt16460272	\N	\N
tt16460274	\N	\N
tt16460276	\N	\N
tt16460278	\N	\N
tt16460280	\N	\N
tt16460282	\N	\N
tt16460284	\N	\N
tt16460286	\N	\N
tt16460288	\N	\N
tt16460290	\N	\N
tt16460292	\N	\N
tt16460294	\N	\N
tt16460296	\N	\N
tt16460298	\N	\N
tt16460300	\N	\N
tt16460302	\N	\N
tt16460304	\N	\N
tt16460306	\N	\N
tt16460308	\N	\N
tt16460310	\N	\N
tt16460312	\N	\N
tt16460314	\N	\N
tt16460316	\N	\N
tt16460318	\N	\N
tt16460320	\N	\N
tt16460322	\N	\N
tt16460324	\N	\N
tt16460326	\N	\N
tt16460328	\N	\N
tt16460330	\N	\N
tt16460332	\N	\N
tt16460334	\N	\N
tt16460336	\N	\N
tt16460338	\N	\N
tt16460340	\N	\N
tt16460342	\N	\N
tt16460344	\N	\N
tt16460346	\N	\N
tt16460348	\N	\N
tt16460350	\N	\N
tt16460352	\N	\N
tt16460354	\N	\N
tt16460356	\N	\N
tt16460358	\N	\N
tt16460360	\N	\N
tt16460362	\N	\N
tt16460364	\N	\N
tt16460366	\N	\N
tt16460368	\N	\N
tt16460370	\N	\N
tt16460372	\N	\N
tt16460374	\N	\N
tt16460376	\N	\N
tt16460378	\N	\N
tt16460380	\N	\N
tt16460382	\N	\N
tt16460384	\N	\N
tt16460386	\N	\N
tt16460388	\N	\N
tt16460390	\N	\N
tt16460392	\N	\N
tt16460394	\N	\N
tt16460396	\N	\N
tt16460398	\N	\N
tt16460400	\N	\N
tt16460402	\N	\N
tt16460404	\N	\N
tt16460406	\N	\N
tt16460408	\N	\N
tt16460410	\N	\N
tt16460412	\N	\N
tt16460414	\N	\N
tt16460416	\N	\N
tt16460418	\N	\N
tt16460420	\N	\N
tt16460422	\N	\N
tt16460424	\N	\N
tt16460426	\N	\N
tt16460428	\N	\N
tt16460430	\N	\N
tt16460432	\N	\N
tt16460434	\N	\N
tt16460436	\N	\N
tt16460438	\N	\N
tt16460440	\N	\N
tt16460442	\N	\N
tt16460444	\N	\N
tt16460446	\N	\N
tt16460448	\N	\N
tt16460450	\N	\N
tt16460452	\N	\N
tt16460454	\N	\N
tt16460456	\N	\N
tt16460458	\N	\N
tt16460460	\N	\N
tt16460462	\N	\N
tt16460464	\N	\N
tt16460466	\N	\N
tt16460468	\N	\N
tt16460470	\N	\N
tt16460472	\N	\N
tt16460474	\N	\N
tt16460476	\N	\N
tt16460478	\N	\N
tt16460480	\N	\N
tt16460482	\N	\N
tt16460484	\N	\N
tt16460486	\N	\N
tt16460488	\N	\N
tt16460490	\N	\N
tt16460492	\N	\N
tt16460494	\N	\N
tt16460496	\N	\N
tt16460498	\N	\N
tt16460500	\N	\N
tt16460502	\N	\N
tt16460504	\N	\N
tt16460506	\N	\N
tt16460508	\N	\N
tt16460510	\N	\N
tt16460512	\N	\N
tt16460514	\N	\N
tt16460516	\N	\N
tt16460518	\N	\N
tt16460520	\N	\N
tt16460522	\N	\N
tt16460524	\N	\N
tt16460526	\N	\N
tt16460528	\N	\N
tt16460530	\N	\N
tt16460532	\N	\N
tt16460534	\N	\N
tt16460536	\N	\N
tt16460538	\N	\N
tt16460540	\N	\N
tt16460542	\N	\N
tt16460544	\N	\N
tt16460546	\N	\N
tt16460548	\N	\N
tt16460550	\N	\N
tt16460552	\N	\N
tt16460554	\N	\N
tt16460556	\N	\N
tt16460558	\N	\N
tt16460560	\N	\N
tt16460562	\N	\N
tt16460564	\N	\N
tt16460566	\N	\N
tt16460568	\N	\N
tt16460570	\N	\N
tt16460572	\N	\N
tt16460574	\N	\N
tt16460576	\N	\N
tt16460578	\N	\N
tt16460580	nm1672195,nm0398719,nm2034409	nm10029146,nm1500863
tt16460582	\N	\N
tt16460584	\N	\N
tt16460586	\N	\N
tt16460588	\N	\N
tt16460590	\N	\N
tt16460592	\N	\N
tt16460594	\N	\N
tt16460596	\N	\N
tt16460598	\N	\N
tt16460600	\N	\N
tt16460602	\N	\N
tt16460604	\N	\N
tt16460606	\N	\N
tt16460608	\N	\N
tt16460610	\N	\N
tt16460612	\N	\N
tt16460614	\N	\N
tt16460616	\N	\N
tt16460618	\N	\N
tt16460620	\N	\N
tt16460622	\N	\N
tt16460624	\N	\N
tt16460626	\N	\N
tt16460628	\N	\N
tt16460630	\N	\N
tt16460632	\N	\N
tt16460634	\N	\N
tt16460636	\N	\N
tt16460638	\N	\N
tt16460640	\N	\N
tt16460642	\N	\N
tt16460644	\N	\N
tt16460646	\N	\N
tt16460648	\N	\N
tt16460650	\N	\N
tt16460652	\N	\N
tt16460654	\N	\N
tt16460656	\N	\N
tt16460658	\N	\N
tt16460660	\N	\N
tt16460662	\N	\N
tt16460664	\N	\N
tt16460666	\N	\N
tt16460668	\N	\N
tt16460670	\N	\N
tt16460672	\N	\N
tt16460674	\N	\N
tt16460676	\N	\N
tt16460678	\N	\N
tt16460680	\N	\N
tt16460682	\N	\N
tt16460684	\N	\N
tt16460686	\N	\N
tt16460688	\N	\N
tt16460690	\N	\N
tt16460692	\N	\N
tt16460694	\N	\N
tt16460696	\N	\N
tt16460698	\N	\N
tt16460700	\N	\N
tt16460702	\N	\N
tt16460704	\N	\N
tt16460706	nm1672195,nm0398719,nm2034409	nm10029146,nm1500863
tt16460708	\N	\N
tt16460710	\N	\N
tt16460712	\N	\N
tt16460714	\N	\N
tt16460716	nm8579987	\N
tt16460718	nm12129737	nm12129737
tt16460720	\N	\N
tt16460722	nm0398719,nm1672195,nm2034409	nm10029146,nm1500863
tt16460724	\N	\N
tt16460728	nm3298632	\N
tt16460730	nm2034409,nm0398719,nm1672195	nm10029146,nm1500863
tt16460732	\N	\N
tt16460734	nm1672195,nm0398719,nm2034409	nm10029146,nm1500863
tt16460736	nm13225336	nm13225337
tt16460738	nm7509308	nm7509308
tt16460740	\N	\N
tt16460742	\N	\N
tt16460744	\N	\N
tt16460746	\N	\N
tt16460748	nm1672195,nm2034409,nm0398719	nm10029146,nm1500863
tt16460750	\N	\N
tt16460752	\N	\N
tt16460754	\N	\N
tt16460756	\N	\N
tt16460758	\N	\N
tt16460760	\N	\N
tt16460762	\N	\N
tt16460764	\N	\N
tt16460766	\N	\N
tt16460768	\N	\N
tt16460770	\N	\N
tt16460772	\N	\N
tt16460774	\N	\N
tt16460776	\N	\N
tt16460778	\N	\N
tt16460780	\N	\N
tt16460782	nm2164306,nm2338425	nm13227385
tt16460784	nm2164306,nm2338425	nm13227385
tt16460786	\N	\N
tt16460788	nm2164306,nm2338425	nm13227385
tt16460790	nm2338425,nm2164306	nm13227385
tt16460792	nm2164306,nm2338425	nm13227386
tt16460794	nm2338425,nm2164306	nm13227386
tt16460796	nm2164306,nm2338425	nm13227386
tt16460798	nm3533255	nm3533255
tt16460800	nm2338425,nm2164306	nm13227386
tt16460802	\N	\N
tt16460804	\N	\N
tt16460806	nm2164306,nm2338425	nm13227386
tt16460808	nm2338425,nm2164306	nm13227386
tt16460810	nm2338425,nm2164306	nm13227385
tt16460812	nm2164306,nm2338425	nm13227386
tt16460814	nm2164306	nm13227386
tt16460816	nm2164306,nm2338425	nm13227386
tt16460818	nm2164306,nm2338425	nm13227386
tt16460820	nm0001811	nm0001811
tt16460822	\N	\N
tt16460824	\N	\N
tt16460826	\N	\N
tt16460828	\N	\N
tt16460830	\N	\N
tt16460832	\N	\N
tt16460834	\N	\N
tt16460836	\N	\N
tt16460838	\N	\N
tt16460840	\N	\N
tt16460842	\N	\N
tt16460864	nm13225394	nm13225394
tt16460866	nm2112811,nm1844386	nm1178860,nm4232089
tt16460870	nm13225519	\N
tt16460872	nm0596933	\N
tt16460874	\N	\N
tt16460876	\N	\N
tt16460880	\N	\N
tt16460882	\N	\N
tt16460884	\N	\N
tt16460886	\N	\N
tt16460888	\N	\N
tt16460890	\N	\N
tt16460894	\N	nm13225431,nm13225432
tt16460900	\N	\N
tt16460902	\N	\N
tt16460904	\N	\N
tt16460906	\N	\N
tt16460908	\N	\N
tt16460910	\N	\N
tt16460912	\N	\N
tt16460914	nm0456275	\N
tt16460916	\N	\N
tt16460918	\N	\N
tt16460920	\N	\N
tt16460922	\N	\N
tt16460924	\N	\N
tt16460926	\N	\N
tt16460928	\N	\N
tt16460930	\N	\N
tt16460932	\N	\N
tt16460934	nm13225448	nm10548081
tt16460936	\N	\N
tt16460938	nm1141884	\N
tt16460940	\N	\N
tt16460942	\N	\N
tt16460944	\N	\N
tt16460946	\N	\N
tt16460948	\N	\N
tt16460952	\N	\N
tt16460954	\N	\N
tt16460956	nm13225519	\N
tt16460958	\N	\N
tt16460960	nm3237043	\N
tt16460962	\N	\N
tt16460984	\N	\N
tt16460988	nm2094675	\N
tt16460990	\N	\N
tt16460992	\N	\N
tt16460994	nm13225461	nm13225462
tt16460996	\N	\N
tt16460998	\N	\N
tt16461000	\N	\N
tt16461002	\N	\N
tt16461004	\N	\N
tt16461006	nm2107052	\N
tt16461008	\N	\N
tt16461010	nm13225519	\N
tt16461012	\N	\N
tt16461014	nm6097641	nm10548081,nm13222151
tt16461016	nm13225519	\N
tt16461020	\N	\N
tt16461022	nm2936418	\N
tt16461024	nm13225519	\N
tt16461026	nm13225519	\N
tt16461028	\N	\N
tt16461030	nm6097641	nm10548081
tt16461034	\N	\N
tt16461036	nm6097641	\N
tt16461038	\N	\N
tt16461040	\N	\N
tt16461042	\N	\N
tt16461044	\N	\N
tt16461046	nm5677892	nm10548081
tt16461048	\N	\N
tt16461050	nm13225472	\N
tt16461052	\N	\N
tt16461054	nm9285210	nm9285210
tt16461056	nm5136043	\N
tt16461058	nm5677892	nm10548081,nm13222151
tt16461060	\N	\N
tt16461064	nm5677892	nm9080454
tt16461066	\N	\N
tt16461068	\N	\N
tt16461070	nm5136043	\N
tt16461074	\N	\N
tt16461076	\N	\N
tt16461078	nm10169109	nm10169109
tt16461080	\N	nm13225486
tt16461082	\N	\N
tt16461084	nm5136043	\N
tt16461086	nm3155648	nm3534427
tt16461088	nm5136043	\N
tt16461090	\N	\N
tt16461092	nm3155648	nm3534427
tt16461094	\N	\N
tt16461096	nm3155648	nm3534427
tt16461098	nm13000232	\N
tt16461100	nm10985641	nm10985641
tt16461102	nm3155648	nm3534427
tt16461104	\N	\N
tt16461106	\N	\N
tt16461108	nm13225472	nm13225472
tt16461110	nm6871068	nm6871068
tt16461112	nm9328060	\N
tt16461114	\N	\N
tt16461116	nm4376713	nm4376713
tt16461118	nm9427193	nm9427193,nm9429404,nm5429131
tt16461120	nm3155648	nm3534427
tt16461122	nm7850688	nm13027092
tt16461124	\N	\N
tt16461126	\N	\N
tt16461128	nm13225394	nm13225520
tt16461130	\N	\N
tt16461132	nm3155648	nm3534427
tt16461134	\N	\N
tt16461136	\N	\N
tt16461138	\N	\N
tt16461140	\N	\N
tt16461142	nm10985641	nm10985641
tt16461144	\N	\N
tt16461146	\N	\N
tt16461148	\N	\N
tt16461150	\N	\N
tt16461152	\N	\N
tt16461154	\N	\N
tt16461156	\N	\N
tt16461160	\N	\N
tt16461162	\N	\N
tt16461164	\N	\N
tt16461166	nm10985641	nm10985641
tt16461168	\N	\N
tt16461170	\N	\N
tt16461174	\N	\N
tt16461176	nm13225549	nm13222229
tt16461178	nm5971415	nm5971415
tt16461182	\N	\N
tt16461184	nm13225551	nm13179010
tt16461186	nm13225552	nm13225555,nm13225552
tt16461188	nm2632957	nm2632957
tt16461210	\N	nm3380598,nm2661089
tt16461212	nm11365048	nm11365048
tt16461214	nm10985641	nm10985641
tt16461216	nm13225571	\N
tt16461218	\N	nm0026153,nm1434523,nm1436816,nm12372910
tt16461220	\N	nm0026153,nm1434523,nm1436816,nm12372910
tt16461222	\N	nm0026153,nm1434523,nm1436816,nm12372910
tt16461224	\N	nm8540568
tt16461226	\N	nm0026153,nm1434523,nm1436816,nm12372910
tt16461228	\N	nm0026153,nm1434523,nm1436816,nm12372910
tt16461230	\N	nm0026153,nm1434523,nm1436816,nm12372910
tt16461232	\N	nm0026153,nm1434523,nm1436816,nm12372910
tt16461234	\N	nm0026153,nm1434523,nm1436816,nm12372910
tt16461236	\N	nm0026153,nm1434523,nm1436816,nm12372910
tt16461240	\N	nm0026153,nm1434523,nm1436816,nm12372910
tt16461264	\N	nm0026153,nm1434523,nm1436816,nm12372910
tt16461266	\N	nm0026153,nm1434523,nm1436816,nm12372910
tt16461268	\N	nm0026153,nm1434523,nm1436816,nm12372910
tt16461270	\N	nm0026153,nm1434523,nm1436816,nm12372910
tt16461272	\N	nm0026153,nm1434523,nm1436816,nm12372910
tt16461274	\N	nm0026153,nm1434523,nm1436816,nm12372910
tt16461276	\N	nm0026153,nm1434523,nm1436816,nm12372910
tt16461278	\N	nm0026153,nm1434523,nm1436816,nm12372910
tt16461280	\N	nm0026153,nm1434523,nm1436816,nm12372910
tt16461282	\N	nm0026153,nm1434523,nm1436816,nm12372910
tt16461284	\N	nm0026153,nm1434523,nm1436816,nm12372910
tt16461286	\N	nm0026153,nm1434523,nm1436816,nm12372910
tt16461288	\N	nm0026153,nm1434523,nm1436816,nm12372910
tt16461292	\N	nm0026153,nm1434523,nm1436816,nm12372910
tt16461294	\N	nm0026153,nm1434523,nm1436816,nm12372910
tt16461296	\N	nm0026153,nm1434523,nm1436816,nm12372910
tt16461298	\N	nm0026153,nm1434523,nm1436816,nm12372910
tt16461300	\N	nm0026153,nm1434523,nm1436816,nm12372910
tt16461302	\N	nm0026153,nm1434523,nm1436816,nm12372910
tt16461304	\N	nm0026153,nm1434523,nm1436816,nm12372910
tt16461306	\N	nm0026153,nm1434523,nm1436816,nm12372910
tt16461308	\N	nm0026153,nm1434523,nm1436816,nm12372910
tt16461310	\N	nm0026153,nm1434523,nm1436816,nm12372910
tt16461312	\N	nm0026153,nm1434523,nm1436816,nm12372910
tt16461314	\N	nm0026153,nm1434523,nm1436816,nm12372910
tt16461316	\N	nm0026153,nm1434523,nm1436816,nm12372910
tt16461318	nm10985641	nm10985641
tt16461320	nm5842181	nm13223718,nm5842181
tt16461322	\N	nm0026153,nm1434523,nm1436816,nm12372910
tt16461324	\N	nm0026153,nm1434523,nm1436816,nm12372910
tt16461328	\N	nm0026153,nm1434523,nm1436816,nm12372910
tt16461330	\N	nm0026153,nm1434523,nm1436816,nm12372910
tt16461332	\N	nm0026153,nm1434523,nm1436816,nm12372910
tt16461334	\N	nm0026153,nm1434523,nm1436816,nm12372910
tt16461336	\N	nm0026153,nm1434523,nm1436816,nm12372910
tt16461338	\N	nm0026153,nm1434523,nm1436816,nm12372910
tt16461340	\N	nm0026153,nm1434523,nm1436816,nm12372910
tt16461342	\N	nm0026153,nm1434523,nm1436816,nm12372910
tt16461344	\N	nm0026153,nm1434523,nm1436816,nm12372910
tt16461346	\N	nm0026153,nm1434523,nm1436816,nm12372910
tt16461348	\N	nm0026153,nm1434523,nm1436816,nm12372910
tt16461350	\N	nm0026153,nm1434523,nm1436816,nm12372910
tt16461352	\N	nm0026153,nm1434523,nm1436816,nm12372910
tt16461354	\N	nm0026153,nm1434523,nm1436816,nm12372910
tt16461356	\N	nm0026153,nm1434523,nm1436816,nm12372910
tt16461358	\N	nm0026153,nm1434523,nm1436816,nm12372910
tt16461360	\N	nm0026153,nm1434523,nm1436816,nm12372910
tt16461362	\N	nm0026153,nm1434523,nm1436816,nm12372910
tt16461364	\N	nm1906445
tt16461366	\N	nm0026153,nm1434523,nm1436816,nm12372910
tt16461368	\N	nm0026153,nm1434523,nm1436816,nm12372910
tt16461370	\N	nm0026153,nm1434523,nm1436816,nm12372910
tt16461372	\N	nm0026153,nm1434523,nm1436816,nm12372910
tt16461374	\N	nm0026153,nm1434523,nm1436816,nm12372910
tt16461376	\N	nm0026153,nm1434523,nm1436816,nm12372910
tt16461378	\N	nm0026153,nm1434523,nm1436816,nm12372910
tt16461380	\N	nm0026153,nm1434523,nm1436816,nm12372910
tt16461382	\N	nm0026153,nm1434523,nm1436816,nm12372910
tt16461384	\N	nm0026153,nm1434523,nm1436816,nm12372910
tt16461386	\N	nm0026153,nm1434523,nm1436816,nm12372910
tt16461388	\N	nm0026153,nm1434523,nm1436816,nm12372910
tt16461390	\N	nm0026153,nm1434523,nm1436816,nm12372910
tt16461392	\N	nm0026153,nm1434523,nm1436816,nm12372910
tt16461394	\N	nm0026153,nm1434523,nm1436816,nm12372910
tt16461396	\N	nm0026153,nm1434523,nm1436816,nm12372910
tt16461398	\N	nm0026153,nm1434523,nm1436816,nm12372910
tt16461400	nm4023882	nm4023882
tt16461402	\N	nm0026153,nm1434523,nm1436816,nm12372910
tt16461404	\N	nm0026153,nm1434523,nm1436816,nm12372910
tt16461406	\N	nm0026153,nm1434523,nm1436816,nm12372910
tt16461408	\N	nm0026153,nm1434523,nm1436816,nm12372910
tt16461410	\N	nm0026153,nm1434523,nm1436816,nm12372910
tt16461412	\N	nm0026153,nm1434523,nm1436816,nm12372910
tt16461414	nm2346331	nm1568626,nm10283735,nm12282168
tt16461416	nm2346331	nm1568626,nm10283735,nm12282168
tt16461418	nm2346331	nm1568626,nm10283735,nm12282168
tt16461420	nm2346331	nm1568626,nm10283735,nm12282168
tt16461422	nm2346331	nm1568626,nm10283735,nm12282168
tt16461424	nm2346331	nm1568626,nm10283735,nm12282168
tt16461426	\N	\N
tt16461428	nm2346331	nm1568626,nm10283735,nm12282168
tt16461430	nm2346331	nm1568626,nm10283735,nm12282168
tt16461432	nm2346331	nm1568626,nm10283735,nm12282168
tt16461434	\N	nm0733153
tt16461436	nm2346331	nm1568626,nm10283735,nm12282168
tt16461438	nm2346331	nm1568626,nm10283735,nm12282168
tt16461440	nm2346331	nm1568626,nm10283735,nm12282168
tt16461442	nm2346331	nm1568626,nm10283735,nm12282168
tt16461444	nm2346331	nm1568626,nm10283735,nm12282168
tt16461446	nm2346331	nm1568626,nm10283735,nm12282168
tt16461448	nm2346331	nm1568626,nm10283735,nm12282168
tt16461450	nm2346331	nm1568626,nm10283735,nm12282168
tt16461452	nm2346331	nm1568626,nm10283735,nm12282168
tt16461454	nm2346331	nm1568626,nm10283735,nm12282168
tt16461456	\N	\N
tt16461458	nm2346331	nm1568626,nm10283735,nm12282168
tt16461460	nm9160937	\N
tt16461462	nm10985641	nm10985641
tt16461464	nm2346331	nm1568626,nm10283735,nm12282168
tt16461466	nm2346331	nm1568626,nm10283735,nm12282168
tt16461468	nm2346331	nm1568626,nm10283735,nm12282168
tt16461470	nm2346331	nm10283735,nm12282168,nm1568626
tt16461472	nm2346331	nm1568626,nm10283735,nm12282168
tt16461474	nm2346331	nm1568626,nm10283735,nm12282168
tt16461476	nm2346331	nm1568626,nm10283735,nm12282168
tt16461478	nm2346331	nm1568626,nm10283735,nm12282168
tt16461480	nm2346331	nm1568626,nm10283735,nm12282168
tt16461482	nm2346331	nm1568626,nm10283735,nm12282168
tt16461484	nm2346331	nm1568626,nm10283735,nm12282168
tt16461486	nm2346331	nm1568626,nm10283735,nm12282168
tt16461488	nm2346331	nm1568626,nm10283735,nm12282168
tt16461490	nm12793477	\N
tt16461492	nm2346331	nm1568626,nm10283735,nm12282168
tt16461494	nm2346331	nm1568626,nm10283735,nm12282168
tt16461496	nm2346331	nm1568626,nm10283735,nm12282168
tt16461498	nm2346331	nm1568626,nm10283735,nm12282168
tt16461500	nm2346331	nm1568626,nm10283735,nm12282168
tt16461502	nm2346331	nm1568626,nm10283735,nm12282168
tt16461504	nm2346331	nm1568626,nm10283735,nm12282168
tt16461506	nm2346331	nm1568626,nm10283735,nm12282168
tt16461508	\N	\N
tt16461510	nm2346331	nm1568626,nm10283735,nm12282168
tt16461512	nm2346331	nm1568626,nm10283735,nm12282168
tt16461514	nm2346331	nm1568626,nm10283735,nm12282168
tt16461516	nm2346331	nm1568626,nm10283735,nm12282168
tt16461518	nm2346331	nm1568626,nm10283735,nm12282168
tt16461520	nm2346331	nm1568626,nm10283735,nm12282168
tt16461522	nm2346331	nm1568626,nm10283735,nm12282168
tt16461524	nm2346331	nm1568626,nm10283735,nm12282168
tt16461526	nm2346331	nm1568626,nm10283735,nm12282168
tt16461528	nm2346331	nm1568626,nm10283735,nm12282168
tt16461530	nm2346331	nm1568626,nm10283735,nm12282168
tt16461532	nm2346331	nm1568626,nm10283735,nm12282168
tt16461534	nm2346331	nm1568626,nm10283735,nm12282168
tt16461536	nm2346331	nm1568626,nm10283735,nm12282168
tt16461538	nm2346331	nm1568626,nm10283735,nm12282168
tt16461540	nm2346331	nm1568626,nm10283735,nm12282168
tt16461542	nm2346331	nm1568626,nm10283735,nm12282168
tt16461544	\N	\N
tt16461546	nm2346331	nm1568626,nm10283735,nm12282168
tt16461548	nm2346331	nm1568626,nm10283735,nm12282168
tt16461550	nm2346331	nm1568626,nm10283735,nm12282168
tt16461552	nm2346331	nm1568626,nm10283735,nm12282168
tt16461554	nm2346331	nm1568626,nm10283735,nm12282168
tt16461556	nm2346331	nm1568626,nm10283735,nm12282168
tt16461558	nm2346331	nm1568626,nm10283735,nm12282168
tt16461560	nm2346331	nm1568626,nm10283735,nm12282168
tt16461562	nm2346331	nm1568626,nm10283735,nm12282168
tt16461564	nm2346331	nm1568626,nm10283735,nm12282168
tt16461566	nm2346331	nm1568626,nm10283735,nm12282168
tt16461568	nm2346331	nm1568626,nm10283735,nm12282168
tt16461570	nm2346331	nm1568626,nm10283735,nm12282168
tt16461572	\N	\N
tt16461574	nm2346331	nm1568626,nm10283735,nm12282168
tt16461576	nm2346331	nm1568626,nm10283735,nm12282168
tt16461578	nm2346331	nm1568626,nm10283735,nm12282168
tt16461580	nm2346331	nm1568626,nm10283735,nm12282168
tt16461582	nm2346331	nm1568626,nm10283735,nm12282168
tt16461584	nm2346331	nm1568626,nm10283735,nm12282168
tt16461586	nm2346331	nm1568626,nm10283735,nm12282168
tt16461608	nm2346331	nm1568626,nm10283735,nm12282168
tt16461610	nm2346331	nm1568626,nm10283735,nm12282168
tt16461612	\N	\N
tt16461614	\N	nm1906859
tt16461616	\N	\N
tt16461618	\N	nm0239605
tt16461620	nm10985641	nm10985641
tt16461622	nm4868661	\N
tt16461624	\N	nm0239605
tt16461626	\N	nm0239605
tt16461628	\N	nm0239605
tt16461630	\N	nm0239605
tt16461632	\N	nm0239605
tt16461634	\N	nm0239605
tt16461636	\N	nm0239605
tt16461638	\N	nm0239605
tt16461640	\N	nm0239605
tt16461642	\N	\N
tt16461644	\N	nm0239605
tt16461646	\N	nm0239605
tt16461648	\N	nm0239605
tt16461650	\N	nm0239605
tt16461652	\N	nm0239605
tt16461654	\N	nm0239605
tt16461656	\N	nm0239605
tt16461658	\N	nm0239605
tt16461660	\N	nm0239605
tt16461662	\N	\N
tt16461664	\N	nm0239605
tt16461666	\N	nm0239605
tt16461668	\N	nm0239605
tt16461670	\N	nm0239605
tt16461672	nm7188361	nm7188361
tt16461674	\N	nm0239605
tt16461676	\N	nm0239605
tt16461678	\N	nm0239605
tt16461680	\N	nm0239605
tt16461682	\N	nm0239605
tt16461684	\N	nm0239605
tt16461686	\N	nm0239605
tt16461688	\N	nm0239605
tt16461690	\N	nm0239605
tt16461692	\N	nm0239605
tt16461694	\N	nm0239605
tt16461698	\N	nm0239605
tt16461700	\N	\N
tt16461702	\N	nm0239605
tt16461704	nm5009177	\N
tt16461706	nm6032154	nm7727168,nm6032154
tt16461708	\N	nm0239605
tt16461710	\N	\N
tt16461712	\N	nm0239605
tt16461714	\N	nm0239605
tt16461716	\N	nm0239605
tt16461718	\N	nm0239605
tt16461720	\N	\N
tt16461722	\N	nm0239605
tt16461724	\N	nm0239605
tt16461726	\N	nm0239605
tt16461728	\N	nm0239605
tt16461730	\N	nm0239605
tt16461732	\N	nm0239605
tt16461734	\N	nm0239605
tt16461736	\N	nm0239605
tt16461738	\N	nm0239605
tt16461740	\N	nm0239605
tt16461742	\N	nm0239605
tt16461744	\N	\N
tt16461746	\N	nm0239605
tt16461748	\N	nm0239605
tt16461750	\N	nm0239605
tt16461752	\N	nm0239605
tt16461754	\N	nm0239605
tt16461756	\N	\N
tt16461758	\N	nm0239605
tt16461760	\N	nm0239605
tt16461762	\N	\N
tt16461764	\N	nm0239605
tt16461766	\N	nm0239605
tt16461768	\N	nm0239605
tt16461770	\N	nm0239605
tt16461772	\N	nm0239605
tt16461774	\N	nm0239605
tt16461776	\N	nm0239605
tt16461780	\N	nm0239605
tt16461782	\N	\N
tt16461784	\N	\N
tt16461786	\N	\N
tt16461808	\N	nm0239605
tt16461810	\N	nm0239605
tt16461812	\N	nm0239605
tt16461814	\N	nm0239605
tt16461816	\N	nm0239605
tt16461818	\N	\N
tt16461820	\N	\N
tt16461822	\N	nm0239605
tt16461824	\N	nm0239605
tt16461826	\N	\N
tt16461828	\N	nm0239605
tt16461830	\N	nm0239605
tt16461832	\N	nm0239605
tt16461834	\N	\N
tt16461836	\N	\N
tt16461838	\N	nm0239605
tt16461840	\N	nm0239605
tt16461842	\N	nm0239605
tt16461844	\N	\N
tt16461846	\N	\N
tt16461848	nm13225643	nm13225643
tt16461850	\N	\N
tt16461852	\N	\N
tt16461854	nm2934176	nm4867625,nm5431216,nm1135214,nm2139004
tt16461856	\N	\N
tt16461858	\N	\N
tt16461860	\N	\N
tt16461862	\N	\N
tt16461864	\N	\N
tt16461866	nm12411932,nm12411931	nm0230964
tt16461868	\N	\N
tt16461870	\N	\N
tt16461874	nm2934176	nm4867625,nm5431216,nm1135214,nm2139004
tt16461876	nm2934176	nm4867625,nm5431216,nm1135214,nm2139004
tt16461878	nm2934176	nm4867625,nm5431216,nm1135214,nm2139004
tt16461880	\N	\N
tt16461882	nm2934176	nm4867625,nm5431216,nm1135214,nm2139004
tt16461884	\N	\N
tt16461886	\N	\N
tt16461888	nm2934176	nm4867625,nm5431216,nm1135214,nm2139004
tt16461890	nm2934176	nm4867625,nm5431216,nm1135214,nm2139004
tt16461892	nm2934176	nm4867625,nm5431216,nm1135214,nm2139004
tt16461894	nm2934176	nm4867625,nm5431216,nm1135214,nm2139004
tt16461896	\N	\N
tt16461898	nm13225643	nm13225643
tt16461900	\N	\N
tt16461902	nm2934176	nm4867625,nm5431216,nm1135214,nm2139004
tt16461904	nm2934176	nm4867625,nm5431216,nm1135214,nm2139004
tt16461906	nm2934176	nm4867625,nm5431216,nm1135214,nm2139004
tt16461908	nm2934176	nm4867625,nm5431216,nm1135214,nm2139004
tt16461910	nm2934176	nm4867625,nm5431216,nm1135214,nm2139004
tt16461912	nm2934176	nm4867625,nm5431216,nm1135214,nm2139004
tt16461914	nm2934176	nm4867625,nm5431216,nm1135214,nm2139004
tt16461916	\N	\N
tt16461918	nm2934176	nm4867625,nm5431216,nm1135214,nm2139004
tt16461920	nm2934176	nm4867625,nm5431216,nm1135214,nm2139004
tt16461922	\N	\N
tt16461924	nm2934176	nm4867625,nm5431216,nm1135214,nm2139004
tt16461926	nm2934176	nm4867625,nm5431216,nm1135214,nm2139004
tt16461928	\N	\N
tt16461930	nm2934176	nm4867625,nm5431216,nm1135214,nm2139004
tt16461932	nm2934176	nm4867625,nm5431216,nm1135214,nm2139004
tt16461934	nm2934176	nm4867625,nm5431216,nm1135214,nm2139004
tt16461936	\N	\N
tt16461938	nm2934176	nm4867625,nm5431216,nm1135214,nm2139004
tt16461940	nm2934176	nm4867625,nm5431216,nm1135214,nm2139004
tt16461942	nm2934176	nm4867625,nm5431216,nm1135214,nm2139004
tt16461944	nm2934176	nm4867625,nm5431216,nm1135214,nm2139004
tt16461946	nm2934176	nm4867625,nm5431216,nm1135214,nm2139004
tt16461948	nm2934176	nm4867625,nm5431216,nm1135214,nm2139004
tt16461950	nm2934176	nm4867625,nm5431216,nm1135214,nm2139004
tt16461952	\N	\N
tt16461954	nm2934176	nm4867625,nm5431216,nm1135214,nm2139004
tt16461956	nm2934176	nm4867625,nm5431216,nm1135214,nm2139004
tt16461958	nm2934176	nm4867625,nm5431216,nm1135214,nm2139004
tt16461960	nm2934176	nm4867625,nm5431216,nm1135214,nm2139004
tt16461962	nm2934176	nm4867625,nm5431216,nm1135214,nm2139004
tt16461964	nm2934176	nm4867625,nm5431216,nm1135214,nm2139004
tt16461966	nm2934176	nm4867625,nm5431216,nm1135214,nm2139004
tt16461988	nm2934176	nm4867625,nm5431216,nm1135214,nm2139004
tt16461990	nm2934176	nm4867625,nm5431216,nm1135214,nm2139004
tt16461992	nm2934176	nm4867625,nm5431216,nm1135214,nm2139004
tt16461996	nm2934176	nm4867625,nm5431216,nm1135214,nm2139004
tt16461998	nm2934176	nm4867625,nm5431216,nm1135214,nm2139004
tt16462000	nm2934176	nm4867625,nm5431216,nm1135214,nm2139004
tt16462002	nm2934176	nm4867625,nm5431216,nm1135214,nm2139004
tt16462004	nm2934176	nm4867625,nm5431216,nm1135214,nm2139004
tt16462006	nm2934176	nm4867625,nm5431216,nm1135214,nm2139004
tt16462008	nm2934176	nm4867625,nm5431216,nm1135214,nm2139004
tt16462010	nm2934176	nm4867625,nm5431216,nm1135214,nm2139004
tt16462012	nm2934176	nm4867625,nm5431216,nm1135214,nm2139004
tt16462014	nm13225674	nm1086478
tt16462016	nm2934176	nm4867625,nm5431216,nm1135214,nm2139004
tt16462018	nm2934176	nm4867625,nm5431216,nm1135214,nm2139004
tt16462020	nm2934176	nm4867625,nm5431216,nm1135214,nm2139004
tt16462022	nm2934176	nm4867625,nm5431216,nm1135214,nm2139004
tt16462024	nm2934176	nm4867625,nm5431216,nm1135214,nm2139004
tt16462026	nm2934176	nm4867625,nm5431216,nm1135214,nm2139004
tt16462028	nm2934176	nm4867625,nm5431216,nm1135214,nm2139004
tt16462030	nm2934176	nm4867625,nm5431216,nm1135214,nm2139004
tt16462032	nm2934176	nm4867625,nm5431216,nm1135214,nm2139004
tt16462034	nm2934176	nm4867625,nm5431216,nm1135214,nm2139004
tt16462036	nm2934176	nm4867625,nm5431216,nm1135214,nm2139004
tt16462038	nm2934176	nm4867625,nm5431216,nm1135214,nm2139004
tt16462040	nm2934176	nm4867625,nm5431216,nm1135214,nm2139004
tt16462042	nm2934176	nm4867625,nm5431216,nm1135214,nm2139004
tt16462044	nm2934176	nm4867625,nm5431216,nm1135214,nm2139004
tt16462046	nm2934176	nm4867625,nm5431216,nm1135214,nm2139004
tt16462048	nm10985641	nm10985641
tt16462050	nm2934176	nm4867625,nm5431216,nm1135214,nm2139004
tt16462052	nm2934176	nm4867625,nm5431216,nm1135214,nm2139004
tt16462054	nm2934176	nm4867625,nm5431216,nm1135214,nm2139004
tt16462056	\N	\N
tt16462058	nm2934176	nm4867625,nm5431216,nm1135214,nm2139004
tt16462060	\N	\N
tt16462062	nm2934176	nm4867625,nm5431216,nm1135214,nm2139004
tt16462064	nm2934176	nm4867625,nm5431216,nm1135214,nm2139004
tt16462066	nm2934176	nm4867625,nm5431216,nm1135214,nm2139004
tt16462068	nm11365048	nm11365048
tt16462070	nm2934176	nm4867625,nm5431216,nm1135214,nm2139004
tt16462072	nm2934176	nm4867625,nm5431216,nm1135214,nm2139004
tt16462074	nm2934176	nm4867625,nm5431216,nm1135214,nm2139004
tt16462076	nm2934176	nm4867625,nm5431216,nm1135214,nm2139004
tt16462078	nm2934176	nm4867625,nm5431216,nm1135214,nm2139004
tt16462080	nm2934176	nm4867625,nm5431216,nm1135214,nm2139004
tt16462082	nm12116038	\N
tt16462084	nm2934176	nm4867625,nm5431216,nm1135214,nm2139004
tt16462086	nm2934176	nm4867625,nm5431216,nm1135214,nm2139004
tt16462088	\N	\N
tt16462090	nm2934176	nm4867625,nm5431216,nm1135214,nm2139004
tt16462092	nm2934176	nm4867625,nm5431216,nm1135214,nm2139004
tt16462114	nm2934176	nm4867625,nm5431216,nm1135214,nm2139004
tt16462116	nm2934176	nm4867625,nm5431216,nm1135214,nm2139004
tt16462118	nm2934176	nm4867625,nm5431216,nm1135214,nm2139004
tt16462120	\N	\N
tt16462122	nm2934176	nm4867625,nm5431216,nm1135214,nm2139004
tt16462124	nm2934176	nm4867625,nm5431216,nm1135214,nm2139004
tt16462126	nm2934176	nm4867625,nm5431216,nm1135214,nm2139004
tt16462128	nm2934176	nm4867625,nm5431216,nm1135214,nm2139004
tt16462130	nm7042519	nm7042519
tt16462132	nm2934176	nm4867625,nm5431216,nm1135214,nm2139004
tt16462134	nm2934176	nm4867625,nm5431216,nm1135214,nm2139004
tt16462136	nm2934176	nm4867625,nm5431216,nm1135214,nm2139004
tt16462138	nm2934176	nm4867625,nm5431216,nm1135214,nm2139004
tt16462140	nm13225684,nm4595293	nm13225685
tt16462142	nm2934176	nm4867625,nm5431216,nm1135214,nm2139004
tt16462144	nm2934176	nm4867625,nm5431216,nm1135214,nm2139004
tt16462146	nm2934176	nm4867625,nm5431216,nm1135214,nm2139004
tt16462148	nm2934176	nm4867625,nm5431216,nm1135214,nm2139004
tt16462150	nm2934176	nm4867625,nm5431216,nm1135214,nm2139004
tt16462152	nm2934176	nm4867625,nm5431216,nm1135214,nm2139004
tt16462154	nm2934176	nm4867625,nm5431216,nm1135214,nm2139004
tt16462156	\N	\N
tt16462158	nm2934176	nm4867625,nm5431216,nm1135214,nm2139004
tt16462160	nm2934176	nm4867625,nm5431216,nm1135214,nm2139004
tt16462162	nm2934176	nm4867625,nm5431216,nm1135214,nm2139004
tt16462164	nm2934176	nm4867625,nm5431216,nm1135214,nm2139004
tt16462166	nm2934176	nm4867625,nm5431216,nm1135214,nm2139004
tt16462168	nm2934176	nm4867625,nm5431216,nm1135214,nm2139004
tt16462170	nm2934176	nm4867625,nm5431216,nm1135214,nm2139004
tt16462172	nm2934176	nm4867625,nm5431216,nm1135214,nm2139004
tt16462174	nm2934176	nm4867625,nm5431216,nm1135214,nm2139004
tt16462176	nm13225691	nm13225691
tt16462178	nm2934176	nm4867625,nm5431216,nm1135214,nm2139004
tt16462180	nm2934176	nm4867625,nm5431216,nm1135214,nm2139004
tt16462182	nm12042676	nm12042676
tt16462184	nm2934176	nm4867625,nm5431216,nm1135214,nm2139004
tt16462188	nm2934176	nm4867625,nm5431216,nm1135214,nm2139004
tt16462190	nm2934176	nm4867625,nm5431216,nm1135214,nm2139004
tt16462192	nm2934176	nm4867625,nm5431216,nm1135214,nm2139004
tt16462194	nm10985641	nm10985641
tt16462196	nm2934176	nm4867625,nm5431216,nm1135214,nm2139004
tt16462198	nm2934176	nm4867625,nm5431216,nm1135214,nm2139004
tt16462200	\N	\N
tt16462202	nm2934176	nm4867625,nm5431216,nm1135214,nm2139004
tt16462204	nm2934176	nm4867625,nm5431216,nm1135214,nm2139004
tt16462206	nm2934176	nm4867625,nm5431216,nm1135214,nm2139004
tt16462208	nm2934176	nm4867625,nm5431216,nm1135214,nm2139004
tt16462210	nm2934176	nm4867625,nm5431216,nm1135214,nm2139004
tt16462212	nm2934176	nm4867625,nm5431216,nm1135214,nm2139004
tt16462214	nm2934176	nm4867625,nm5431216,nm1135214,nm2139004
tt16462216	nm2934176	nm4867625,nm5431216,nm1135214,nm2139004
tt16462218	nm2934176	nm4867625,nm5431216,nm1135214,nm2139004
tt16462220	nm2934176	nm4867625,nm5431216,nm1135214,nm2139004
tt16462222	nm2934176	nm4867625,nm5431216,nm1135214,nm2139004
tt16462224	nm2934176	nm4867625,nm5431216,nm1135214,nm2139004
tt16462226	nm2934176	nm4867625,nm5431216,nm1135214,nm2139004
tt16462228	\N	\N
tt16462230	nm2934176	nm4867625,nm5431216,nm1135214,nm2139004
tt16462232	nm2934176	nm4867625,nm5431216,nm1135214,nm2139004
tt16462234	nm2934176	nm4867625,nm5431216,nm1135214,nm2139004
tt16462236	nm2934176	nm4867625,nm5431216,nm1135214,nm2139004
tt16462238	nm2934176	nm4867625,nm5431216,nm1135214,nm2139004
tt16462240	nm2934176	nm4867625,nm5431216,nm1135214,nm2139004
tt16462242	nm2934176	nm4867625,nm5431216,nm1135214,nm2139004
tt16462244	nm2934176	nm4867625,nm5431216,nm1135214,nm2139004
tt16462246	nm2934176	nm4867625,nm5431216,nm1135214,nm2139004
tt16462248	nm2934176	nm4867625,nm5431216,nm1135214,nm2139004
tt16462250	nm2934176	nm4867625,nm5431216,nm1135214,nm2139004
tt16462252	nm2934176	nm4867625,nm5431216,nm1135214,nm2139004
tt16462254	nm2934176	nm4867625,nm5431216,nm1135214,nm2139004
tt16462256	nm2934176	nm4867625,nm5431216,nm1135214,nm2139004
tt16462258	\N	\N
tt16462282	nm12757788,nm13127795,nm12805623,nm13127797,nm13227793,nm13227797	nm13225709
tt16462284	\N	nm13202093
tt16462286	nm2934176	nm4867625,nm5431216,nm1135214,nm2139004
tt16462288	nm2934176	nm4867625,nm5431216,nm1135214,nm2139004
tt16462292	nm9160937	\N
tt16462294	nm2934176	nm4867625,nm5431216,nm1135214,nm2139004
tt16462296	nm11726728	nm11726728
tt16462298	nm2934176	nm4867625,nm5431216,nm1135214,nm2139004
tt16462300	\N	\N
tt16462302	nm2934176	nm4867625,nm5431216,nm1135214,nm2139004
tt16462304	nm2934176	nm4867625,nm5431216,nm1135214,nm2139004
tt16462306	nm2934176	nm4867625,nm5431216,nm1135214,nm2139004
tt16462308	nm2934176	nm4867625,nm5431216,nm1135214,nm2139004
tt16462310	nm2934176	nm4867625,nm5431216,nm1135214,nm2139004
tt16462312	nm2934176	nm4867625,nm5431216,nm1135214,nm2139004
tt16462314	nm2934176	nm4867625,nm5431216,nm1135214,nm2139004
tt16462316	\N	\N
tt16462318	nm2934176	nm4867625,nm5431216,nm1135214,nm2139004
tt16462320	nm2934176	nm4867625,nm5431216,nm1135214,nm2139004
tt16462322	nm2934176	nm4867625,nm5431216,nm1135214,nm2139004
tt16462324	nm2934176	nm4867625,nm5431216,nm1135214,nm2139004
tt16462326	nm2934176	nm4867625,nm5431216,nm1135214,nm2139004
tt16462328	nm9160937	\N
tt16462330	nm8568994	nm12820098
tt16462332	nm2934176	nm4867625,nm5431216,nm1135214,nm2139004
tt16462336	nm2934176	nm4867625,nm5431216,nm1135214,nm2139004
tt16462338	nm2934176	nm4867625,nm5431216,nm1135214,nm2139004
tt16462340	nm2934176	nm4867625,nm5431216,nm1135214,nm2139004
tt16462342	nm3940451	nm3940451
tt16462344	nm2934176	nm4867625,nm5431216,nm1135214,nm2139004
tt16462346	nm2934176	nm4867625,nm5431216,nm1135214,nm2139004
tt16462348	nm2934176	nm4867625,nm5431216,nm1135214,nm2139004
tt16462350	nm2934176	nm4867625,nm5431216,nm1135214,nm2139004
tt16462352	nm2934176	nm4867625,nm5431216,nm1135214,nm2139004
tt16462354	\N	\N
tt16462356	nm8568994	nm12820098
tt16462358	nm2934176	nm4867625,nm5431216,nm1135214,nm2139004
tt16462360	nm2934176	nm4867625,nm5431216,nm1135214,nm2139004
tt16462362	nm2934176	nm4867625,nm5431216,nm1135214,nm2139004
tt16462364	nm8568994	nm12820098
tt16462366	nm2934176	nm4867625,nm5431216,nm1135214,nm2139004
tt16462368	nm2934176	nm4867625,nm5431216,nm1135214,nm2139004
tt16462390	nm2934176	nm4867625,nm5431216,nm1135214,nm2139004
tt16462392	nm2934176	nm4867625,nm5431216,nm1135214,nm2139004
tt16462394	nm8568994	nm12820098
tt16462396	nm2934176	nm4867625,nm5431216,nm1135214,nm2139004
tt16462398	nm2934176	nm4867625,nm5431216,nm1135214,nm2139004
tt16462400	nm2934176	nm4867625,nm5431216,nm1135214,nm2139004
tt16462402	nm2934176	nm4867625,nm5431216,nm1135214,nm2139004
tt16462404	nm2934176	nm4867625,nm5431216,nm1135214,nm2139004
tt16462406	nm2934176	nm4867625,nm5431216,nm1135214,nm2139004
tt16462408	nm8568994	nm12820098
tt16462410	\N	\N
tt16462412	\N	\N
tt16462414	\N	\N
tt16462416	nm8568994	nm12820098
tt16462418	nm8568994	nm12820070,nm12820098
tt16462420	nm3222368,nm10734469	nm3873635,nm0704544
tt16462422	\N	\N
tt16462424	nm10734469,nm3222368	nm3873635,nm0704544
tt16462426	nm3222368,nm10734469	nm3873635,nm0704544
tt16462428	nm10734469,nm3222368	nm3873635,nm0704544
tt16462430	nm10734469,nm3222368	nm3873635,nm0704544
tt16462432	nm3222368,nm10734469	nm3873635,nm0704544
tt16462434	nm10734469,nm3222368	nm3873635,nm0704544
tt16462436	\N	\N
tt16462438	nm10734469,nm3222368	nm3873635,nm0704544
tt16462440	nm10734469,nm3222368	nm3873635,nm0704544
tt16462442	nm8568994	nm11001011,nm12820098
tt16462444	nm10734469,nm3222368	nm3873635,nm0704544
tt16462446	nm3222368,nm10734469	nm3873635,nm0704544
tt16462448	nm3222368,nm10734469	nm3873635,nm0704544
tt16462450	nm10734469,nm3222368	nm3873635,nm0704544
tt16462452	nm10734469,nm3222368	nm3873635,nm0704544
tt16462454	nm8568994	nm12820098
tt16462456	nm10734469,nm3222368	nm3873635,nm0704544
tt16462458	nm3222368,nm10734469	nm3873635,nm0704544
tt16462460	nm3222368,nm10734469	nm3873635,nm0704544
tt16462462	nm3222368,nm10734469	nm3873635,nm0704544
tt16462464	nm3222368,nm10734469	nm3873635,nm0704544
tt16462466	nm8568994	nm12820070,nm12820098
tt16462470	\N	\N
tt16462474	\N	\N
tt16462476	nm8568994	nm12820098,nm12780210
tt16462480	nm10734469,nm3222368	nm3873635,nm0704544
tt16462482	\N	\N
tt16462484	nm3222368,nm10734469	nm3873635,nm0704544
tt16462486	nm3222368,nm10734469	nm3873635,nm0704544
tt16462488	nm3222368,nm10734469	nm3873635,nm0704544
tt16462490	nm0627164	nm0627164,nm0866243
tt16462492	nm3222368,nm10734469	nm3873635,nm0704544
tt16462494	nm10734469,nm3222368	nm3873635,nm0704544
tt16462496	\N	\N
tt16462498	nm10734469,nm3222368	nm3873635,nm0704544
tt16462500	\N	\N
tt16462502	nm3222368,nm10734469	nm3873635,nm0704544
tt16462504	nm10734469,nm3222368	nm3873635,nm0704544
tt16462506	nm10734469,nm3222368	nm3873635,nm0704544
tt16462508	nm10734469,nm3222368	nm3873635,nm0704544
tt16462510	nm8568994	nm12820098
tt16462512	nm10734469,nm3222368	nm3873635,nm0704544
tt16462514	nm3222368,nm10734469	nm3873635,nm0704544
tt16462516	nm10734469,nm3222368	nm3873635,nm0704544
tt16462518	nm10734469,nm3222368	nm3873635,nm0704544
tt16462520	nm10734469,nm3222368	nm3873635,nm0704544
tt16462522	nm10734469,nm3222368	nm3873635,nm0704544
tt16462524	nm10734469,nm3222368	nm3873635,nm0704544
tt16462526	nm8568994	nm12820098
tt16462528	nm10734469,nm3222368	nm3873635,nm0704544
tt16462530	nm10734469,nm3222368	nm3873635,nm0704544
tt16462532	nm3222368,nm10734469	nm3873635,nm0704544
tt16462534	nm13197075	nm13197075
tt16462536	nm10734469,nm3222368	nm3873635,nm0704544
tt16462538	nm10734469,nm3222368	nm3873635,nm0704544
tt16462540	nm10734469,nm3222368	nm3873635,nm0704544
tt16462542	\N	\N
tt16462544	nm3222368,nm10734469	nm3873635,nm0704544
tt16462546	nm3222368,nm10734469	nm3873635,nm0704544
tt16462550	nm13213216	nm13213216
tt16462552	nm10734469,nm3222368	nm3873635,nm0704544
tt16462554	nm3222368,nm10734469	nm3873635,nm0704544
tt16462556	nm10734469,nm3222368	nm3873635,nm0704544
tt16462558	nm10734469,nm3222368	nm3873635,nm0704544
tt16462560	nm3222368,nm10734469	nm3873635,nm0704544
tt16462562	nm3222368,nm10734469	nm3873635,nm0704544
tt16462564	nm10734469,nm3222368	nm3873635,nm0704544
tt16462566	nm10734469,nm3222368	nm3873635,nm0704544
tt16462568	nm3222368,nm10734469	nm3873635,nm0704544
tt16462570	nm3222368,nm10734469	nm3873635,nm0704544
tt16462572	nm10734469,nm3222368	nm3873635,nm0704544
tt16462574	nm10734469,nm3222368	nm3873635,nm0704544
tt16462576	nm3222368,nm10734469	nm3873635,nm0704544
tt16462578	nm3222368,nm10734469	nm3873635,nm0704544
tt16462580	nm3222368,nm10734469	nm3873635,nm0704544
tt16462582	nm3222368,nm10734469	nm3873635,nm0704544
tt16462584	nm10734469,nm3222368	nm3873635,nm0704544
tt16462586	nm3222368,nm10734469	nm3873635,nm0704544
tt16462588	nm10734469,nm3222368	nm3873635,nm0704544
tt16462590	nm10734469,nm3222368	nm3873635,nm0704544
tt16462592	nm3222368,nm10734469	nm3873635,nm0704544
tt16462594	nm3222368,nm10734469	nm3873635,nm0704544
tt16462596	nm10734469,nm3222368	nm3873635,nm0704544
tt16462598	nm10734469,nm3222368	nm3873635,nm0704544
tt16462600	nm10734469,nm3222368	nm3873635,nm0704544
tt16462602	nm3222368,nm10734469	nm3873635,nm0704544
tt16462604	nm3222368,nm10734469	nm3873635,nm0704544
tt16462606	nm10734469,nm3222368	nm3873635,nm0704544
tt16462608	nm10734469,nm3222368	nm3873635,nm0704544
tt16462610	nm3222368,nm10734469	nm3873635,nm0704544
tt16462612	nm3222368,nm10734469	nm3873635,nm0704544
tt16462614	nm10734469,nm3222368	nm3873635,nm0704544
tt16462616	nm10734469,nm3222368	nm3873635,nm0704544
tt16462618	nm3222368,nm10734469	nm3873635,nm0704544
tt16462620	nm10734469,nm3222368	nm3873635,nm0704544
tt16462622	nm10734469,nm3222368	nm3873635,nm0704544
tt16462624	nm10734469,nm3222368	nm3873635,nm0704544
tt16462626	nm10734469,nm3222368	nm3873635,nm0704544
tt16462628	nm10734469,nm3222368	nm3873635,nm0704544
tt16462630	nm10734469,nm3222368	nm3873635,nm0704544
tt16462632	nm10734469,nm3222368	nm3873635,nm0704544
tt16462634	nm3222368,nm10734469	nm3873635,nm0704544
tt16462636	nm10734469,nm3222368	nm3873635,nm0704544
tt16462638	nm10734469,nm3222368	nm3873635,nm0704544
tt16462640	nm3222368,nm10734469	nm3873635,nm0704544
tt16462642	nm10734469,nm3222368	nm3873635,nm0704544
tt16462644	nm3222368,nm10734469	nm3873635,nm0704544
tt16462646	nm3222368,nm10734469	nm3873635,nm0704544
tt16462648	nm10734469,nm3222368	nm3873635,nm0704544
tt16462650	nm3222368,nm10734469	nm3873635,nm0704544
tt16462652	nm10734469,nm3222368	nm3873635,nm0704544
tt16462654	nm3222368,nm10734469	nm3873635,nm0704544
tt16462656	nm3222368,nm10734469	nm3873635,nm0704544
tt16462658	nm10734469,nm3222368	nm3873635,nm0704544
tt16462660	nm10734469,nm3222368	nm3873635,nm0704544
tt16462662	nm10734469,nm3222368	nm3873635,nm0704544
tt16462668	nm10734469,nm3222368	nm3873635,nm0704544
tt16462670	nm10734469,nm3222368	nm3873635,nm0704544
tt16462672	nm3222368,nm10734469	nm3873635,nm0704544
tt16462674	nm3222368,nm10734469	nm3873635,nm0704544
tt16462676	\N	\N
tt16462678	nm4454219	nm7929612,nm2077123
tt16462680	\N	\N
tt16462682	\N	\N
tt16462684	nm9034222	nm13963729
tt16462688	nm5973070,nm0759469	nm1885111,nm1158301,nm0155943,nm1882599,nm0410119,nm0456976
tt16462690	nm5973070,nm0759469	nm1885111,nm1158301,nm0155943,nm1882599,nm0410119,nm0456976
tt16462692	nm5973070,nm0759469	nm1885111,nm1158301,nm0155943,nm1882599,nm0410119,nm0456976
tt16462694	nm0230964	nm0230964
tt16462696	nm5973070,nm0759469	nm1885111,nm1158301,nm0155943,nm1882599,nm0410119,nm0456976
tt16462698	nm0759469,nm5973070	nm1885111,nm1158301,nm0155943,nm1882599,nm0410119,nm0456976
tt16462700	nm5973070,nm0759469	nm1885111,nm1158301,nm0155943,nm1882599,nm0410119,nm0456976
tt16462702	nm5973070,nm0759469	nm1885111,nm1158301,nm0155943,nm1882599,nm0410119,nm0456976
tt16462704	nm0759469,nm5973070	nm1885111,nm1158301,nm0155943,nm1882599,nm0410119,nm0456976
tt16462706	nm0759469,nm5973070	nm1885111,nm1158301,nm0155943,nm1882599,nm0410119,nm0456976
tt16462708	nm11948463,nm10665134	nm0970073
tt16462710	\N	\N
tt16462712	nm0759469,nm5973070	nm1885111,nm1158301,nm0155943,nm1882599,nm0410119,nm0456976
tt16462714	nm5973070,nm0759469	nm1885111,nm1158301,nm0155943,nm1882599,nm0410119,nm0456976
tt16462716	nm5973070,nm0759469	nm1885111,nm1158301,nm0155943,nm1882599,nm0410119,nm0456976
tt16462718	nm0759469,nm5973070	nm1885111,nm1158301,nm0155943,nm1882599,nm0410119,nm0456976
tt16462720	nm5973070,nm0759469	nm1885111,nm1158301,nm0155943,nm1882599,nm0410119,nm0456976
tt16462722	nm5973070,nm0759469	nm1885111,nm1158301,nm0155943,nm1882599,nm0410119,nm0456976
tt16462724	nm5973070,nm0759469	nm1885111,nm1158301,nm0155943,nm1882599,nm0410119,nm0456976
tt16462726	nm5973070,nm0759469	nm1885111,nm1158301,nm0155943,nm1882599,nm0410119,nm0456976
tt16462728	nm5973070,nm0759469	nm1885111,nm1158301,nm0155943,nm1882599,nm0410119,nm0456976
tt16462730	nm5973070,nm0759469	nm1885111,nm1158301,nm0155943,nm1882599,nm0410119,nm0456976
tt16462732	nm5973070,nm0759469	nm1885111,nm1158301,nm0155943,nm1882599,nm0410119,nm0456976
tt16462734	\N	\N
tt16462742	nm0749104,nm1441484	nm1992418,nm1130052,nm13146749,nm13146750
tt16462744	nm0749104,nm1441484	nm1992418,nm1130052,nm13146749,nm13146750
tt16462746	nm1441484,nm0749104	nm1992418,nm1130052,nm13146749,nm13146750
tt16462748	nm1441484,nm0749104	nm1992418,nm1130052,nm13146749,nm13146750
tt16462750	nm1261991,nm12174784	nm1261991,nm12174783
tt16462752	nm1441484,nm0749104	nm1992418,nm1130052,nm13146749,nm13146750
tt16462754	nm0749104,nm1441484	nm1992418,nm1130052,nm13146749,nm13146750
tt16462756	nm0749104,nm1441484	nm1992418,nm1130052,nm13146749,nm13146750
tt16462758	nm1441484,nm0749104	nm1992418,nm1130052,nm13146749,nm13146750
tt16462760	nm1441484,nm0749104	nm1992418,nm1130052,nm13146749,nm13146750
tt16462762	nm1441484,nm0749104	nm1992418,nm1130052,nm13146749,nm13146750
tt16462764	nm1441484,nm0749104	nm1992418,nm1130052,nm13146749,nm13146750
tt16462766	nm1441484,nm0749104	nm1992418,nm1130052,nm13146749,nm13146750
tt16462768	nm11178712	nm11178712,nm13225794
tt16462770	nm1441484,nm0749104	nm1992418,nm1130052,nm13146749,nm13146750
tt16462772	nm0749104,nm1441484	nm1992418,nm1130052,nm13146749,nm13146750
tt16462774	nm1441484,nm0749104	nm1992418,nm1130052,nm13146749,nm13146750
tt16462776	nm1441484,nm0749104	nm1992418,nm1130052,nm13146749,nm13146750
tt16462778	nm1441484,nm0749104	nm1992418,nm1130052,nm13146749,nm13146750
tt16462780	nm1441484,nm0749104	nm1992418,nm1130052,nm13146749,nm13146750
tt16462782	nm1441484,nm0749104	nm1992418,nm1130052,nm13146749,nm13146750
tt16462784	nm10665134,nm11948463	nm0970073
tt16462786	nm12042676	nm12042676
tt16462788	\N	\N
tt16462790	\N	\N
tt16462792	\N	\N
tt16462794	\N	nm0108754,nm4023908
tt16462798	nm4470677	nm9391563,nm4512944,nm5557248
tt16462800	nm4470677	nm9391563,nm4512944,nm5557248
tt16462802	nm4470677	nm9391563,nm4512944,nm5557248
tt16462804	nm4470677	nm9391563,nm4512944,nm5557248
tt16462826	nm4470677	nm9391563,nm4512944,nm5557248
tt16462828	nm4470677	nm9391563,nm4512944,nm5557248
tt16462830	nm4470677	nm9391563,nm4512944,nm5557248
tt16462832	nm4470677	nm9391563,nm4512944,nm5557248
tt16462834	nm4470677	nm9391563,nm4512944,nm5557248
tt16462836	nm4470677	nm9391563,nm4512944,nm5557248
tt16462840	nm4470677	nm9391563,nm4512944,nm5557248
tt16462842	nm4470677	nm9391563,nm4512944,nm5557248
tt16462844	\N	\N
tt16462846	nm4470677	nm9391563,nm4512944,nm5557248
tt16462848	nm4470677	nm9391563,nm4512944,nm5557248
tt16462850	nm4470677	nm9391563,nm4512944,nm5557248
tt16462852	nm4470677	nm9391563,nm4512944,nm5557248
tt16462854	nm4470677	nm9391563,nm4512944,nm5557248
tt16462856	nm4470677	nm9391563,nm4512944,nm5557248
tt16462858	nm4470677	nm9391563,nm4512944,nm5557248
tt16462862	nm4470677	nm9391563,nm4512944,nm5557248
tt16462866	\N	\N
tt16462868	nm1143942	\N
tt16462870	nm4470677	nm9391563,nm4512944,nm5557248
tt16462872	nm4470677	nm9391563,nm4512944,nm5557248
tt16462874	nm4470677	nm9391563,nm4512944,nm5557248
tt16462876	nm4470677	nm9391563,nm4512944,nm5557248
tt16462878	nm4470677	nm9391563,nm4512944,nm5557248
tt16462882	nm7006232	nm7006232
tt16462884	nm4470677	nm9391563,nm4512944,nm5557248
tt16462886	nm4470677	nm9391563,nm4512944,nm5557248
tt16462888	nm4470677	nm9391563,nm4512944,nm5557248
tt16462890	nm3228388	nm3228388
tt16462892	nm4470677	nm9391563,nm4512944,nm5557248
tt16462894	nm4470677	nm9391563,nm4512944,nm5557248
tt16462896	nm4470677	nm9391563,nm4512944,nm5557248
tt16462900	nm4470677	nm9391563,nm4512944,nm5557248
tt16462902	nm4470677	nm9391563,nm4512944,nm5557248
tt16462904	nm4470677	nm9391563,nm4512944,nm5557248
tt16462906	nm4470677	nm9391563,nm4512944,nm5557248
tt16462908	nm4470677	nm9391563,nm4512944,nm5557248
tt16462910	nm4470677	nm9391563,nm4512944,nm5557248
tt16462912	nm4470677	nm9391563,nm4512944,nm5557248
tt16462914	nm4470677	nm9391563,nm4512944,nm5557248
tt16462916	nm4470677	nm9391563,nm4512944,nm5557248
tt16462920	nm2454474	nm13225809
tt16462922	nm1083609	nm0095876
tt16462924	nm1083609	nm0095876
tt16462926	nm1083609	nm0095876
tt16462930	nm1083609	nm0095876
tt16462932	nm1083609	nm0095876
tt16462934	nm1083609	nm0095876
tt16462936	nm1083609	nm0095876
tt16462938	nm1083609	nm0095876
tt16462940	nm1083609	nm0095876
tt16462942	nm1083609	nm0095876
tt16462944	nm1083609	nm0095876
tt16462946	nm1083609	nm0095876
tt16462948	nm1083609	nm0095876
tt16462950	nm1083609	nm0095876
tt16462952	nm1083609	nm0095876
tt16462954	nm1083609	nm0095876
tt16462956	nm1083609	nm0095876
tt16462958	nm6893264,nm3558606	nm4703920,nm4703976
tt16462960	nm1083609	nm0095876
tt16462964	nm1083609	nm0095876
tt16462966	nm1083609	nm0095876
tt16462968	nm1141884	\N
tt16462970	\N	\N
tt16462972	nm2353023	nm2353023
tt16462974	nm2353023	nm2353023
tt16462976	nm2353023	nm2353023
tt16462978	nm8093244	nm8093244
tt16462980	nm2353023	nm2353023
tt16462982	nm2353023	nm2353023
tt16462986	nm2353023	nm2353023
tt16462988	nm2353023	nm2353023
tt16462990	nm2353023	nm2353023
tt16462992	\N	\N
tt16462996	nm2353023	nm2353023
tt16463020	nm2934176	nm4867625,nm5431216,nm1135214,nm2139004
tt16463022	nm2934176	nm4867625,nm5431216,nm1135214,nm2139004
tt16463024	nm2934176	nm4867625,nm5431216,nm1135214,nm2139004
tt16463026	nm2934176	nm4867625,nm5431216,nm1135214,nm2139004
tt16463028	nm2934176	nm4867625,nm5431216,nm1135214,nm2139004
tt16463030	nm2934176	nm4867625,nm5431216,nm1135214,nm2139004
tt16463032	nm2934176	nm4867625,nm5431216,nm1135214,nm2139004
tt16463036	nm2934176	nm4867625,nm5431216,nm1135214,nm2139004
tt16463040	nm2934176	nm4867625,nm5431216,nm1135214,nm2139004
tt16463042	nm2934176	nm4867625,nm5431216,nm1135214,nm2139004
tt16463046	nm2934176	nm4867625,nm5431216,nm1135214,nm2139004
tt16463048	nm2934176	nm4867625,nm5431216,nm1135214,nm2139004
tt16463050	nm2934176	nm4867625,nm5431216,nm1135214,nm2139004
tt16463052	nm2934176	nm4867625,nm5431216,nm1135214,nm2139004
tt16463054	nm2934176	nm4867625,nm5431216,nm1135214,nm2139004
tt16463056	nm2934176	nm4867625,nm5431216,nm1135214,nm2139004
tt16463058	nm2934176	nm4867625,nm5431216,nm1135214,nm2139004
tt16463060	\N	\N
tt16463062	nm2934176	nm4867625,nm5431216,nm1135214,nm2139004
tt16463064	nm2934176	nm4867625,nm5431216,nm1135214,nm2139004
tt16463068	nm2934176	nm4867625,nm5431216,nm1135214,nm2139004
tt16463070	\N	\N
tt16463072	\N	\N
tt16463076	nm2934176	nm4867625,nm5431216,nm1135214,nm2139004
tt16463078	nm2934176	nm4867625,nm5431216,nm1135214,nm2139004
tt16463080	nm2934176	nm4867625,nm5431216,nm1135214,nm2139004
tt16463082	nm2934176	nm4867625,nm5431216,nm1135214,nm2139004
tt16463084	nm2934176	nm4867625,nm5431216,nm1135214,nm2139004
tt16463086	nm2934176	nm4867625,nm5431216,nm1135214,nm2139004
tt16463088	nm2934176	nm4867625,nm5431216,nm1135214,nm2139004
tt16463090	nm2934176	nm4867625,nm5431216,nm1135214,nm2139004
tt16463092	\N	\N
tt16463094	nm2934176	nm4867625,nm5431216,nm1135214,nm2139004
tt16463096	nm2934176	nm4867625,nm5431216,nm1135214,nm2139004
tt16463098	nm2934176	nm4867625,nm5431216,nm1135214,nm2139004
tt16463100	nm2934176	nm4867625,nm5431216,nm1135214,nm2139004
tt16463102	nm2934176	nm4867625,nm5431216,nm1135214,nm2139004
tt16463104	nm2934176	nm4867625,nm5431216,nm1135214,nm2139004
tt16463106	nm2934176	nm4867625,nm5431216,nm1135214,nm2139004
tt16463108	nm2934176	nm4867625,nm5431216,nm1135214,nm2139004
tt16463110	nm2934176	nm4867625,nm5431216,nm1135214,nm2139004
tt16463112	\N	\N
tt16463116	nm2934176	nm4867625,nm5431216,nm1135214,nm2139004
tt16463118	nm2934176	nm4867625,nm5431216,nm1135214,nm2139004
tt16463120	nm2934176	nm4867625,nm5431216,nm1135214,nm2139004
tt16463122	\N	\N
tt16463124	\N	\N
tt16463126	nm0645572	nm1050031,nm0868066,nm0875313,nm1050764
tt16463128	nm10665134,nm11948463	nm0970073
tt16463130	nm0645572	nm1050031,nm0868066,nm0875313,nm1050764
tt16463132	nm0645572	nm1050031,nm0868066,nm0875313,nm1050764
tt16463134	nm0645572	nm1050031,nm0868066,nm0875313,nm1050764
tt16463136	nm0645572	nm1050031,nm0868066,nm0875313,nm1050764
tt16463140	nm0645572	nm1050031,nm0868066,nm0875313,nm1050764
tt16463142	nm0645572	nm1050031,nm0868066,nm0875313,nm1050764
tt16463144	nm0645572	nm1050031,nm0868066,nm0875313,nm1050764
tt16463146	nm0645572	nm1050031,nm0868066,nm0875313,nm1050764
tt16463148	nm0645572	nm1050031,nm0868066,nm0875313,nm1050764
tt16463150	nm0645572	nm1050031,nm0868066,nm0875313,nm1050764
tt16463152	\N	\N
tt16463154	nm0645572	nm1050031,nm0868066,nm0875313,nm1050764
tt16463156	nm0645572	nm1050031,nm0868066,nm0875313,nm1050764
tt16463158	nm0645572	nm1050031,nm0868066,nm0875313,nm1050764
tt16463160	\N	\N
tt16463162	nm0645572	nm1050031,nm0868066,nm0875313,nm1050764
tt16463164	nm0645572	nm1050031,nm0868066,nm0875313,nm1050764
tt16463166	nm0645572	nm1050031,nm0868066,nm0875313,nm1050764
tt16463168	\N	\N
tt16463170	nm0645572	nm1050031,nm0868066,nm0875313,nm1050764
tt16463172	nm0645572	nm1050031,nm0868066,nm0875313,nm1050764
tt16463174	nm11948463,nm10665134	nm0970073
tt16463176	nm0645572	nm1050031,nm0868066,nm0875313,nm1050764
tt16463178	\N	\N
tt16463180	\N	\N
tt16463182	nm0383114	\N
tt16463184	nm10625325	nm9957701,nm11257659
tt16463186	nm10625325	nm9957701,nm11257659
tt16463188	nm10625325	nm9957701,nm11257659
tt16463190	nm10625325	nm9957701,nm11257659
tt16463192	nm5842181	nm13223718,nm5842181
tt16463194	nm0699389	\N
tt16463196	nm10625325	nm9957701,nm11257659
tt16463198	nm10625325	nm9957701,nm11257659
tt16463200	nm10625325	nm9957701,nm11257659
tt16463202	nm10625325	nm9957701,nm11257659
tt16463204	\N	\N
tt16463206	nm10625325	nm9957701,nm11257659
tt16463208	nm10625325	nm9957701,nm11257659
tt16463210	nm10625325	nm9957701,nm11257659
tt16463212	nm10625325	nm9957701,nm11257659
tt16463214	\N	\N
tt16463216	nm10625325	nm9957701,nm11257659
tt16463218	\N	\N
tt16463220	nm10625325	nm9957701,nm11257659
tt16463222	nm11948463,nm10665134	nm0970073
tt16463224	nm10625325	nm9957701,nm11257659
tt16463226	\N	\N
tt16463228	nm10625325	nm9957701,nm11257659
tt16463230	nm10625325	nm9957701,nm11257659
tt16463232	nm10625325	nm9957701,nm11257659
tt16463234	nm10625325	nm9957701,nm11257659
tt16463236	nm10625325	nm9957701,nm11257659
tt16463238	\N	\N
tt16463240	nm9335573,nm10917761	nm7189643
tt16463242	nm10917761,nm9335573	nm7189643
tt16463244	\N	\N
tt16463246	nm9335573,nm10917761	nm7189643
tt16463248	nm9335573,nm10917761	nm7189643
tt16463250	nm10917761,nm9335573	nm7189643
tt16463252	nm10917761,nm9335573	nm7189643
tt16463254	nm9335573,nm10917761	nm7189643
tt16463256	nm9335573,nm10917761	nm7189643
tt16463258	nm10665134,nm11948463	nm0970073
tt16463260	nm9335573,nm10917761	nm7189643
tt16463262	\N	\N
tt16463264	nm9072464	nm9379615,nm9072464
tt16463266	nm9335573,nm10917761	nm7189643
tt16463268	nm9335573,nm10917761	nm7189643
tt16463270	nm10917761,nm9335573	nm7189643
tt16463272	nm10917761,nm9335573	nm7189643
tt16463274	nm9335573,nm10917761	nm7189643
tt16463276	nm9335573,nm10917761	nm7189643
tt16463278	\N	\N
tt16463280	nm10917761,nm9335573	nm7189643
tt16463282	nm9335573,nm10917761	nm7189643
tt16463284	nm10917761,nm9335573	nm7189643
tt16463286	\N	\N
tt16463288	nm9335573,nm10917761	nm7189643
tt16463290	nm10917761,nm9335573	nm7189643
tt16463292	nm10917761,nm9335573	nm7189643
tt16463294	nm10917761,nm9335573	nm7189643
tt16463296	nm10917761,nm9335573	nm7189643
tt16463298	nm9335573,nm10917761	nm7189643
tt16463300	nm10917761,nm9335573	nm7189643
tt16463304	nm10917761,nm9335573	nm7189643
tt16463306	nm9335573,nm10917761	nm7189643
tt16463308	nm10917761,nm9335573	nm7189643
tt16463310	nm9335573,nm10917761	nm7189643
tt16463312	nm9335573,nm10917761	nm7189643
tt16463314	nm9335573,nm10917761	nm7189643
tt16463316	nm9335573,nm10917761	nm7189643
tt16463318	nm10917761,nm9335573	nm7189643
tt16463320	nm10917761,nm9335573	nm7189643
tt16463322	nm9335573,nm10917761	nm7189643
tt16463326	nm10917761,nm9335573	nm7189643
tt16463328	nm10917761,nm9335573	nm7189643
tt16463330	nm9335573,nm10917761	nm7189643
tt16463332	nm10917761,nm9335573	nm7189643
tt16463334	nm10917761,nm9335573	nm7189643
tt16463336	nm10917761,nm9335573	nm7189643
tt16463338	nm10917761,nm9335573	nm7189643
tt16463340	nm10917761,nm9335573	nm7189643
tt16463342	nm9335573,nm10917761	nm7189643
tt16463344	nm9335573,nm10917761	nm7189643
tt16463346	nm9335573,nm10917761	nm7189643
tt16463348	nm10917761,nm9335573	nm7189643
tt16463350	nm10917761,nm9335573	nm7189643
tt16463352	\N	\N
tt16463354	nm10917761,nm9335573	nm7189643
tt16463356	nm9335573,nm10917761	nm7189643
tt16463358	nm9335573,nm10917761	nm7189643
tt16463360	nm9335573,nm10917761	nm7189643
tt16463362	nm9335573,nm10917761	nm7189643
tt16463364	nm9335573,nm10917761	nm7189643
tt16463366	nm10917761,nm9335573	nm7189643
tt16463368	nm9335573,nm10917761	nm7189643
tt16463372	nm10917761,nm9335573	nm7189643
tt16463374	nm9335573,nm10917761	nm7189643
tt16463376	nm9335573,nm10917761	nm7189643
tt16463378	nm9335573,nm10917761	nm7189643
tt16463380	nm12042676	nm12042676
tt16463382	\N	nm2991402,nm3744564,nm4827115,nm2583953,nm2992331
tt16463384	\N	nm2991402,nm3744564,nm4827115,nm2583953,nm2992331
tt16463386	\N	nm2991402,nm3744564,nm4827115,nm2583953,nm2992331
tt16463388	\N	nm2991402,nm3744564,nm4827115,nm2583953,nm2992331
tt16463392	\N	nm2583953,nm2992331,nm2991402,nm3744564,nm4827115
tt16463394	\N	\N
tt16463396	\N	nm2991402,nm3744564,nm4827115,nm2583953,nm2992331
tt16463398	\N	\N
tt16463400	\N	nm2991402,nm3744564,nm4827115,nm2583953,nm2992331
tt16463402	\N	nm2991402,nm3744564,nm4827115,nm2583953,nm2992331
tt16463404	\N	nm2991402,nm3744564,nm4827115,nm2583953,nm2992331
tt16463406	nm9582976	nm9582976,nm5043340
tt16463408	\N	nm2991402,nm3744564,nm4827115,nm2583953,nm2992331
tt16463410	\N	nm2991402,nm3744564,nm4827115,nm2583953,nm2992331
tt16463412	\N	nm2991402,nm3744564,nm4827115,nm2583953,nm2992331
tt16463414	\N	nm2991402,nm3744564,nm4827115,nm2583953,nm2992331
tt16463416	\N	nm2991402,nm3744564,nm4827115,nm2583953,nm2992331
tt16463418	\N	nm2991402,nm3744564,nm4827115,nm2583953,nm2992331
tt16463420	nm13225867	\N
tt16463422	\N	\N
tt16463424	\N	nm2991402,nm3744564,nm4827115,nm2583953,nm2992331
tt16463426	\N	nm2991402,nm3744564,nm4827115,nm2583953,nm2992331
tt16463428	\N	nm2991402,nm3744564,nm4827115,nm2583953,nm2992331
tt16463430	nm0643679	nm0643679
tt16463432	\N	nm2991402,nm3744564,nm4827115,nm2583953,nm2992331
tt16463434	\N	nm2991402,nm3744564,nm4827115,nm2583953,nm2992331
tt16463436	nm3429301	nm2672602
tt16463438	nm2346331	nm1568626,nm10283735,nm12282168
tt16463440	nm13271811,nm12368769	\N
tt16463442	nm12368769,nm13271811	\N
tt16463444	nm2346331	nm1568626,nm10283735,nm12282168
tt16463446	nm6587342,nm6587340,nm6587347	nm5614661,nm6587340
tt16463448	nm2346331	nm1568626,nm10283735,nm12282168
tt16463450	nm2346331	nm1568626,nm10283735,nm12282168
tt16463452	\N	\N
tt16463454	nm2346331	nm1568626,nm10283735,nm12282168
tt16463456	\N	\N
tt16463458	nm2346331	nm1568626,nm10283735,nm12282168
tt16463460	nm2346331	nm1568626,nm10283735,nm12282168
tt16463464	nm2346331	nm1568626,nm10283735,nm12282168
tt16463466	\N	\N
tt16463468	nm2346331	nm1568626,nm10283735,nm12282168
tt16463470	\N	\N
tt16463472	nm2346331	nm1568626,nm10283735,nm12282168
tt16463474	nm2346331	nm1568626,nm10283735,nm12282168
tt16463476	\N	\N
tt16463478	nm2346331	nm1568626,nm10283735,nm12282168
tt16463480	\N	\N
tt16463482	nm2346331	nm1568626,nm10283735,nm12282168
tt16463484	\N	\N
tt16463486	nm2346331	nm1568626,nm10283735,nm12282168
tt16463488	\N	\N
tt16463490	nm2346331	nm1568626,nm10283735,nm12282168
tt16463492	\N	\N
tt16463494	nm2346331	nm1568626,nm10283735,nm12282168
tt16463496	\N	\N
tt16463498	nm2346331	nm1568626,nm10283735,nm12282168
tt16463500	nm2346331	nm1568626,nm10283735,nm12282168
tt16463502	nm2346331	nm1568626,nm10283735,nm12282168
tt16463504	\N	\N
tt16463506	\N	\N
tt16463508	nm2346331	nm1568626,nm10283735,nm12282168
tt16463510	\N	\N
tt16463512	\N	\N
tt16463516	nm2343499	nm10688741,nm6031401,nm1952439,nm11684850
tt16463518	nm2343499	nm10688741,nm6031401,nm1952439,nm11684850
tt16463520	\N	\N
tt16463522	nm2343499	nm10688741,nm6031401,nm1952439,nm11684850,nm13640248
tt16463524	nm2343499	nm10688741,nm6031401,nm1952439,nm11684850
tt16463526	nm2343499	nm10688741,nm6031401,nm1952439,nm11684850
tt16463528	nm2343499	nm10688741,nm6031401,nm1952439,nm11684850
tt16463530	nm2343499	nm10688741,nm6031401,nm1952439,nm11684850
tt16463532	nm2343499	nm10688741,nm6031401,nm1952439,nm11684850
tt16463534	nm2343499	nm10688741,nm6031401,nm1952439,nm11684850
tt16463536	nm7759318,nm1745855	nm1745855,nm7759318
tt16463538	nm2343499	nm10688741,nm6031401,nm1952439,nm11684850
tt16463540	nm2343499	nm10688741,nm6031401,nm1952439,nm11684850
tt16463542	nm2343499	nm10688741,nm6031401,nm1952439,nm11684850
tt16463544	nm2343499	nm10688741,nm6031401,nm1952439,nm11684850,nm13640248
tt16463546	nm13277457,nm4002991,nm13272630,nm14024591,nm2686712,nm2664018,nm1310660,nm1553327,nm13276094,nm1120190,nm0617064	\N
tt16463548	nm2343499	nm10688741,nm6031401,nm1952439,nm11684850
tt16463550	nm2343499	nm10688741,nm6031401,nm1952439,nm11684850
tt16463552	nm2343499	nm10688741,nm6031401,nm1952439,nm11684850
tt16463554	nm2343499	nm10688741,nm6031401,nm1952439,nm11684850
tt16463556	nm2343499	nm10688741,nm6031401,nm1952439,nm11684850
tt16463558	nm2343499	nm10688741,nm6031401,nm1952439,nm11684850
tt16463560	nm2343499	nm10688741,nm6031401,nm1952439,nm11684850
tt16463564	nm2343499	nm10688741,nm6031401,nm1952439,nm11684850
tt16463566	nm2343499	nm10688741,nm6031401,nm1952439,nm11684850
tt16463568	nm2343499	nm10688741,nm6031401,nm1952439,nm11684850
tt16463570	nm2343499	nm10688741,nm6031401,nm1952439,nm11684850
tt16463572	nm2343499	nm10688741,nm6031401,nm1952439,nm11684850
tt16463578	nm2343499	nm10688741,nm6031401,nm1952439,nm11684850
tt16463580	nm2343499	nm10688741,nm6031401,nm1952439,nm11684850
tt16463582	\N	\N
tt16463584	nm2343499	nm10688741,nm6031401,nm1952439,nm11684850
tt16463586	nm2343499	nm10688741,nm6031401,nm1952439,nm11684850
tt16463588	nm2343499	nm10688741,nm6031401,nm1952439,nm11684850,nm13640248
tt16463590	nm2343499	nm10688741,nm6031401,nm1952439,nm11684850
tt16463592	nm2343499	nm10688741,nm6031401,nm1952439,nm11684850
tt16463594	nm2343499	nm10688741,nm6031401,nm1952439,nm11684850
tt16463596	nm2343499	nm10688741,nm6031401,nm1952439,nm11684850
tt16463598	\N	\N
tt16463600	nm2343499	nm10688741,nm6031401,nm1952439,nm11684850
tt16463602	nm2343499	nm10688741,nm6031401,nm1952439,nm11684850
tt16463604	nm2343499	nm10688741,nm6031401,nm1952439,nm11684850
tt16463606	nm2343499	nm10688741,nm6031401,nm1952439,nm11684850
tt16463608	nm2343499	nm10688741,nm6031401,nm1952439,nm11684850
tt16463610	nm2343499	nm10688741,nm6031401,nm1952439,nm11684850
tt16463612	\N	\N
tt16463614	nm2343499	nm10688741,nm6031401,nm1952439,nm11684850
tt16463616	nm2343499	nm10688741,nm6031401,nm1952439,nm11684850
tt16463618	nm2343499	nm10688741,nm6031401,nm1952439,nm11684850
tt16463620	\N	\N
tt16463622	nm2343499	nm10688741,nm6031401,nm1952439,nm11684850
tt16463624	nm2343499	nm10688741,nm6031401,nm1952439,nm11684850
tt16463626	nm2343499	nm10688741,nm6031401,nm1952439,nm11684850
tt16463628	nm2343499	nm10688741,nm6031401,nm1952439,nm11684850
tt16463630	\N	\N
tt16463632	\N	\N
tt16463634	nm2343499	nm10688741,nm6031401,nm1952439,nm11684850
tt16463636	nm2343499	nm10688741,nm6031401,nm1952439,nm11684850
tt16463640	nm2343499	nm10688741,nm6031401,nm1952439,nm11684850
tt16463642	\N	\N
tt16463644	nm2343499	nm10688741,nm6031401,nm1952439,nm11684850
tt16463646	nm2343499	nm10688741,nm6031401,nm1952439,nm11684850
tt16463648	nm2343499	nm10688741,nm6031401,nm1952439,nm11684850
tt16463650	\N	\N
tt16463652	nm2343499	nm10688741,nm6031401,nm1952439,nm11684850
tt16463654	\N	\N
tt16463656	nm2343499	nm10688741,nm6031401,nm1952439,nm11684850
tt16463658	nm2343499	nm10688741,nm6031401,nm1952439,nm11684850
tt16463660	nm2343499	nm10688741,nm6031401,nm1952439,nm11684850
tt16463662	nm2343499	nm10688741,nm6031401,nm1952439,nm11684850
tt16463664	nm2343499	nm10688741,nm6031401,nm1952439,nm11684850
tt16463666	nm2343499	nm10688741,nm6031401,nm1952439,nm11684850
tt16463668	\N	\N
tt16463670	\N	\N
tt16463672	\N	\N
tt16463674	\N	\N
tt16463676	\N	\N
tt16463678	\N	\N
tt16463680	nm0842611	nm0996410,nm0479525,nm1012917
tt16463682	\N	\N
tt16463686	nm3917326	nm6279152,nm13147696,nm13147697
tt16463688	nm0842611	nm0996410,nm0479525,nm1012917
tt16463690	nm0968735	\N
tt16463692	nm0842611	nm0996410,nm0479525,nm1012917
tt16463694	nm2959927	\N
tt16463696	nm0842611	nm0996410,nm0479525,nm1012917
tt16463698	\N	\N
tt16463700	nm0842611	nm0996410,nm0479525,nm1012917
tt16463702	nm0842611	nm0996410,nm0479525,nm1012917
tt16463704	\N	\N
tt16463706	nm0842611	nm0996410,nm0479525,nm1012917
tt16463708	nm0842611	nm0996410,nm0479525,nm1012917
tt16463710	nm0842611	nm0996410,nm0479525,nm1012917
tt16463712	nm0842611	nm0996410,nm0479525,nm1012917
tt16463714	nm0842611	nm0996410,nm0479525,nm1012917
tt16463716	nm0842611	nm0996410,nm0479525,nm1012917
tt16463718	nm0909608	nm1279721,nm0277880,nm0046329,nm2516963
tt16463720	nm0842611	nm0996410,nm0479525,nm1012917
tt16463722	nm0842611	nm0996410,nm0479525,nm1012917
tt16463724	nm0842611	nm0996410,nm0479525,nm1012917
tt16463726	\N	\N
tt16463728	nm0909608	nm1279721,nm0277880,nm0046329,nm2516963
tt16463730	nm0842611	nm0996410,nm0479525,nm1012917
tt16463732	nm0842611	nm0996410,nm0479525,nm1012917
tt16463734	nm0842611	nm0996410,nm0479525,nm1012917
tt16463736	nm0909608	nm1279721,nm0277880,nm0046329,nm2516963
tt16463738	nm0842611	nm0996410,nm0479525,nm1012917
tt16463740	nm3217263	nm1279721,nm0277880,nm0046329,nm2096957,nm2516963
tt16463742	nm0842611	nm0996410,nm0479525,nm1012917
tt16463744	\N	\N
tt16463746	nm0842611	nm0996410,nm0479525,nm1012917
tt16463748	nm3217263	nm1279721,nm0277880,nm0046329,nm1753035,nm2516963
tt16463750	nm3217263	nm1279721,nm0277880,nm0046329,nm5222015,nm2516963
tt16463752	nm0842611	nm0996410,nm0479525,nm1012917
tt16463754	nm0842611	nm0996410,nm0479525,nm1012917
tt16463756	nm3217263	nm1279721,nm0277880,nm0046329,nm2516963
tt16463758	nm0842611	nm0996410,nm0479525,nm1012917
tt16463760	\N	\N
tt16463762	nm0842611	nm0996410,nm0479525,nm1012917
tt16463764	nm0842611	nm0996410,nm0479525,nm1012917
tt16463766	nm0842611	nm0996410,nm0479525,nm1012917
tt16463768	nm0842611	nm0996410,nm0479525,nm1012917
tt16463770	nm0842611	nm0996410,nm0479525,nm1012917
tt16463774	nm0842611	nm0996410,nm0479525,nm1012917
tt16463776	\N	\N
tt16463778	nm0842611	nm0996410,nm0479525,nm1012917
tt16463780	nm0842611	nm0996410,nm0479525,nm1012917
tt16463782	nm0842611	nm0996410,nm0479525,nm1012917
tt16463784	nm0842611	nm0996410,nm0479525,nm1012917
tt16463786	nm0842611	nm0996410,nm0479525,nm1012917
tt16463788	\N	\N
tt16463790	nm13147636	nm13147637,nm13147638,nm13147639,nm13147640,nm13147641
tt16463794	\N	\N
tt16463796	nm0842611	nm0996410,nm0479525,nm1012917
tt16463798	\N	\N
tt16463800	nm13147636	nm13147637,nm13147638,nm13147639,nm13147640,nm13147641
tt16463802	nm0842611	nm0996410,nm0479525,nm1012917
tt16463804	nm0842611	nm0996410,nm0479525,nm1012917
tt16463806	nm0842611	nm0996410,nm0479525,nm1012917
tt16463808	nm0842611	nm0996410,nm0479525,nm1012917
tt16463810	nm0842611	nm0996410,nm0479525,nm1012917
tt16463812	nm0842611	nm0996410,nm0479525,nm1012917
tt16463814	nm0842611	nm0996410,nm0479525,nm1012917
tt16463816	nm0842611	nm0996410,nm0479525,nm1012917
tt16463818	nm0842611	nm0996410,nm0479525,nm1012917
tt16463820	nm0842611	nm0996410,nm0479525,nm1012917
tt16463822	nm0842611	nm0996410,nm0479525,nm1012917
tt16463824	nm0842611	nm0996410,nm0479525,nm1012917
tt16463826	nm0842611	nm0996410,nm0479525,nm1012917
tt16463828	nm0842611	nm0996410,nm0479525,nm1012917
tt16463830	\N	\N
tt16463832	nm0842611	nm0996410,nm0479525,nm1012917
tt16463834	nm0842611	nm0996410,nm0479525,nm1012917
tt16463836	nm0842611	nm0996410,nm0479525,nm1012917
tt16463838	nm0842611	nm0996410,nm0479525,nm1012917
tt16463840	nm0842611	nm0996410,nm0479525,nm1012917
tt16463842	nm1516014	nm1021224,nm0970073
tt16463844	nm0842611	nm0996410,nm0479525,nm1012917
tt16463846	nm0842611	nm0996410,nm0479525,nm1012917
tt16463848	\N	\N
tt16463850	nm0842611	nm0996410,nm0479525,nm1012917
tt16463852	nm0842611	nm0996410,nm0479525,nm1012917
tt16463854	nm0842611	nm0996410,nm0479525,nm1012917
tt16463856	nm0842611	nm0996410,nm0479525,nm1012917
tt16463858	nm0842611	nm0996410,nm0479525,nm1012917
tt16463860	\N	\N
tt16463862	nm0842611	nm0996410,nm0479525,nm1012917
tt16463864	nm0842611	nm0996410,nm0479525,nm1012917
tt16463866	nm0018732	nm0195289
tt16463868	nm0842611	nm0996410,nm0479525,nm1012917
tt16463870	nm0842611	nm0996410,nm0479525,nm1012917
tt16463872	nm0842611	nm0996410,nm0479525,nm1012917
tt16463874	nm0842611	nm0996410,nm0479525,nm1012917
tt16463876	nm0842611	nm0996410,nm0479525,nm1012917
tt16463878	\N	\N
tt16463880	nm0842611	nm0996410,nm0479525,nm1012917
tt16463882	nm0842611	nm0996410,nm0479525,nm1012917
tt16463886	\N	\N
tt16463888	nm0842611	nm0996410,nm0479525,nm1012917
tt16463890	nm0842611	nm0996410,nm0479525,nm1012917
tt16463892	nm0842611	nm0996410,nm0479525,nm1012917
tt16463896	nm7565852	nm7565852
tt16463902	nm0842611	nm0996410,nm0479525,nm1012917
tt16463904	nm0842611	nm0996410,nm0479525,nm1012917
tt16463910	nm0842611	nm0996410,nm0479525,nm1012917
tt16463914	nm0842611	nm0996410,nm0479525,nm1012917
tt16463918	nm8056868	nm8056868,nm10496237
tt16463920	\N	\N
tt16463922	\N	\N
tt16463924	\N	\N
tt16463926	\N	\N
tt16463928	nm0842611	nm0996410,nm0479525,nm1012917
tt16463932	nm0003458	nm5137545
tt16463934	nm7511697	\N
tt16463936	\N	\N
tt16463938	\N	\N
tt16463940	\N	\N
tt16463942	nm6607719,nm5233411,nm6607720	nm5233411,nm6607719,nm6607720,nm2882223
tt16463944	\N	\N
tt16463950	nm5402361	nm5402361
tt16463952	nm7441756	nm7441756
tt16463954	\N	\N
tt16463956	\N	\N
tt16463958	\N	\N
tt16463960	\N	\N
tt16463962	\N	\N
tt16463984	nm8910527	\N
tt16463986	nm12649776,nm11824299,nm12649777	nm12649776,nm12649778
tt16463988	\N	\N
tt16463992	\N	\N
tt16463994	\N	\N
tt16464000	\N	\N
tt16464004	\N	\N
tt16464006	\N	\N
tt16464008	nm7224096	nm7224096,nm13226083
tt16464030	nm12695450	nm12695450
tt16464032	\N	\N
tt16464034	\N	\N
tt16464036	\N	\N
tt16464038	nm10985641	nm10985641
tt16464040	\N	\N
tt16464042	\N	\N
tt16464064	\N	\N
tt16464066	\N	\N
tt16464070	\N	\N
tt16464074	\N	\N
tt16464076	\N	\N
tt16464078	\N	\N
tt16464080	nm4869635,nm5305270	\N
tt16464082	\N	nm6077040
tt16464084	nm2045250	nm2045250
tt16464088	\N	\N
tt16464090	\N	\N
tt16464092	\N	nm13226113,nm1017488
tt16464100	nm12559838	\N
tt16464102	\N	\N
tt16464104	\N	\N
tt16464106	nm8301821	\N
tt16464108	nm3403204	nm3403204
tt16464112	\N	\N
tt16464118	nm9599928	nm12531322
tt16464120	\N	\N
tt16464122	\N	\N
tt16464124	nm8301821	\N
tt16464128	nm8301821	\N
tt16464130	\N	\N
tt16464138	\N	nm0911741
tt16464142	nm1236410	\N
tt16464146	\N	\N
tt16464148	\N	\N
tt16464152	nm3747705	nm3747705
tt16464154	nm1959127	\N
tt16464158	\N	nm6179964
tt16464162	\N	\N
tt16464168	\N	\N
tt16464170	\N	\N
tt16464176	\N	\N
tt16464178	\N	\N
tt16464180	\N	\N
tt16464182	\N	\N
tt16464184	\N	\N
tt16464188	nm12117425	nm12117425
tt16464192	\N	\N
tt16464194	nm8974098	nm7672847
tt16464198	\N	\N
tt16464202	\N	\N
tt16464206	\N	\N
tt16464220	\N	\N
tt16464222	nm3141439	\N
tt16464224	\N	\N
tt16464232	\N	\N
tt16464236	nm8029047,nm8447737	nm8029047
tt16464238	\N	\N
tt16464240	\N	\N
tt16464242	\N	\N
tt16464246	\N	\N
tt16464250	\N	\N
tt16464256	nm0940393	\N
tt16464260	nm13226220	\N
tt16464262	nm8301821	\N
tt16464264	\N	\N
tt16464266	nm8301821	\N
tt16464272	\N	\N
tt16464274	nm8301821	\N
tt16464276	\N	\N
tt16464278	nm9392998	\N
tt16464280	\N	\N
tt16464286	nm8301821	\N
tt16464290	nm0650812	\N
tt16464292	nm12410004	nm12410008,nm12410004,nm12410005
tt16464294	\N	\N
tt16464296	nm8301821	\N
tt16464302	nm8301821	\N
tt16464304	nm8301821	\N
tt16464306	\N	\N
tt16464308	nm13164419	nm13164419
tt16464312	\N	nm11704715
tt16464314	\N	\N
tt16464316	\N	\N
tt16464518	\N	\N
tt16464538	\N	\N
tt16465190	nm13197075	nm13197075
tt16465198	\N	\N
tt16465360	\N	\N
tt16465426	\N	\N
tt16465486	\N	\N
tt16465578	nm8522684	nm8522684,nm10759172
tt16465708	nm12517846	nm2113191
tt16465900	\N	\N
tt16466298	\N	\N
tt16466334	\N	\N
tt16466496	\N	\N
tt16466526	\N	\N
tt16466780	\N	\N
tt16467090	nm2572663	nm2572663
tt16467366	nm7393462	nm13226276,nm6909081
tt16467746	nm12224976	nm11577938,nm12224976
tt16467778	\N	\N
tt16467938	\N	\N
tt16467946	\N	\N
tt16467948	\N	\N
tt16468034	nm13124204	\N
tt16468052	\N	\N
tt16468480	\N	\N
tt16468530	nm2327767	nm13226294
tt16468804	\N	\N
tt16468908	\N	\N
tt16468938	\N	\N
tt16468974	\N	\N
tt16469108	\N	\N
tt16469114	\N	\N
tt16469222	\N	\N
tt16469296	nm0011977	nm0011977
tt16469680	\N	\N
